2.200000000000000000e+03 8.617038634112232920e-01
2.600000000000000000e+03 8.683689761668902385e-01
3.000000000000000000e+03 8.693211351319853897e-01
3.400000000000000455e+03 8.712254530621760251e-01
3.800000000000000000e+03 8.712254530621760251e-01
4.000000000000000000e+03 8.702732940970807629e-01
4.500000000000000000e+03 8.683689761668902385e-01
5.000000000000000000e+03 8.645603403065089676e-01
5.500000000000000000e+03 8.617038634112232920e-01
6.000000000000000000e+03 8.578952275508420211e-01
6.500000000000000000e+03 8.521822737602705589e-01
7.000000000000000000e+03 8.445650020395083502e-01
7.500000000000000000e+03 8.340912534234602438e-01
8.000000000000000000e+03 8.160002330866500397e-01
8.500000000000000000e+03 8.160002330866500397e-01
9.000000000000000000e+03 8.388520482489365548e-01
9.500000000000000000e+03 8.702732940970807629e-01
1.000000000000000000e+04 8.855078375386051803e-01
1.500000000000000000e+04 9.178812423518445396e-01
