# ING tech note 31
3.000000000000000000e+03 3.265878321723358207e-02
3.010000000000000000e+03 4.740236390350330981e-02
3.020000000000000000e+03 6.523489985248720480e-02
3.030000000000000000e+03 8.486331646024480868e-02
3.040000000000000000e+03 1.075375158699033024e-01
3.050000000000000000e+03 1.301367630107464202e-01
3.060000000000000000e+03 1.524333520548216969e-01
3.070000000000000000e+03 1.737640778748748560e-01
3.080000000000000000e+03 1.936957091035493295e-01
3.090000000000000000e+03 2.123048912963843848e-01
3.100000000000000000e+03 2.299111321290978893e-01
3.110000000000000000e+03 2.473090447745628917e-01
3.120000000000000000e+03 2.656317601267036421e-01
3.130000000000000000e+03 2.863122962098583191e-01
3.140000000000000000e+03 3.113149665447022540e-01
3.150000000000000000e+03 3.432416650121202228e-01
3.160000000000000000e+03 3.541604004264617966e-01
3.170000000000000000e+03 3.654937879938638390e-01
3.180000000000000000e+03 3.771551132463062950e-01
3.190000000000000000e+03 3.891526569930919832e-01
3.200000000000000000e+03 4.014948694810582253e-01
3.210000000000000000e+03 4.140378073549613736e-01
3.220000000000000000e+03 4.267760111703537973e-01
3.230000000000000000e+03 4.396630820548598773e-01
3.240000000000000000e+03 4.525223147816761493e-01
3.250000000000000000e+03 4.654574651026361365e-01
3.260000000000000000e+03 4.782335055711701144e-01
3.270000000000000000e+03 4.908174559082580379e-01
3.280000000000000000e+03 5.030834146456967249e-01
3.290000000000000000e+03 5.150388622956524332e-01
3.300000000000000000e+03 5.264049930621484963e-01
3.310000000000000000e+03 5.307866607088689292e-01
3.320000000000000000e+03 5.351062210078503245e-01
3.330000000000000000e+03 5.394112501385894820e-01
3.340000000000000000e+03 5.446029631763831258e-01
3.350000000000000000e+03 5.500472528676337847e-01
3.360000000000000000e+03 5.556994922948743643e-01
3.370000000000000000e+03 5.615132386952502719e-01
3.380000000000000000e+03 5.673355527601489090e-01
3.390000000000000000e+03 5.732182382263507625e-01
3.400000000000000000e+03 5.789485892457627569e-01
3.410000000000000000e+03 5.845746791971296874e-01
3.420000000000000000e+03 5.898750131056248458e-01
3.430000000000000000e+03 5.948397740692212832e-01
3.440000000000000000e+03 5.993492966359724727e-01
3.450000000000000000e+03 6.033370562636893863e-01
3.460000000000000000e+03 6.076311084218335434e-01
3.470000000000000000e+03 6.116739709334103603e-01
3.480000000000000000e+03 6.154602373713160546e-01
3.490000000000000000e+03 6.189848221358715818e-01
3.500000000000000000e+03 6.225295913039162743e-01
3.550000000000000000e+03 6.409143566447763618e-01
3.600000000000000000e+03 6.574155918802123688e-01
3.650000000000000000e+03 6.730386425795160665e-01
3.700000000000000000e+03 6.879549502324525667e-01
3.750000000000000000e+03 7.021663291710484867e-01
3.800000000000000000e+03 7.156159306023800459e-01
3.850000000000000000e+03 7.284504232923300071e-01
3.900000000000000000e+03 7.406277836681548488e-01
3.950000000000000000e+03 7.521769143165830673e-01
4.000000000000000000e+03 7.631325887051025880e-01
4.050000000000000000e+03 7.736063038414965343e-01
4.100000000000000000e+03 7.835018026259188417e-01
4.150000000000000000e+03 7.929394039334295430e-01
4.200000000000000000e+03 8.018996058284653117e-01
4.250000000000000000e+03 8.103637397512863938e-01
4.300000000000000000e+03 8.184647881347898446e-01
4.350000000000000000e+03 8.257336820017477930e-01
4.400000000000000000e+03 8.328369787182221540e-01
4.450000000000000000e+03 8.397693119839348963e-01
4.500000000000000000e+03 8.463694909967726110e-01
4.550000000000000000e+03 8.523932462123211540e-01
4.600000000000000000e+03 8.579065823604026253e-01
4.650000000000000000e+03 8.631375289324001443e-01
4.700000000000000000e+03 8.686403513975079482e-01
4.750000000000000000e+03 8.732126126188342052e-01
4.800000000000000000e+03 8.770815996242564694e-01
4.850000000000000000e+03 8.808054638376398016e-01
4.900000000000000000e+03 8.855233145028547082e-01
4.950000000000000000e+03 8.891192231798494827e-01
5.000000000000000000e+03 8.917435977179047901e-01
5.050000000000000000e+03 8.933054837332952136e-01
5.100000000000000000e+03 8.970982304103645166e-01
5.150000000000000000e+03 8.999119108700519565e-01
5.200000000000000000e+03 9.019864220737451310e-01
5.250000000000000000e+03 9.036494737223014218e-01
5.300000000000000000e+03 9.047321012317635081e-01
5.350000000000000000e+03 9.053989781359468303e-01
5.400000000000000000e+03 9.081550452375376503e-01
5.450000000000000000e+03 9.098294703820478668e-01
5.500000000000000000e+03 9.103323996799096429e-01
5.550000000000000000e+03 9.116749040311471486e-01
5.600000000000000000e+03 9.127671464984885574e-01
5.650000000000000000e+03 9.131034842943802632e-01
5.700000000000000000e+03 9.119268439215678645e-01
5.750000000000000000e+03 9.131034842943802632e-01
5.800000000000000000e+03 9.162204901219996867e-01
5.850000000000000000e+03 9.192634650895878945e-01
5.900000000000000000e+03 9.215523268107798094e-01
5.950000000000000000e+03 9.224864590991311841e-01
6.000000000000000000e+03 9.212128769195794264e-01
6.050000000000000000e+03 9.223165464636069455e-01
6.100000000000000000e+03 9.252093222561128538e-01
6.150000000000000000e+03 9.282821511633005951e-01
6.200000000000000000e+03 9.315367652385740938e-01
6.250000000000000000e+03 9.346306090115197307e-01
6.300000000000000000e+03 9.373893175275774814e-01
6.350000000000000000e+03 9.400695812079622460e-01
6.400000000000000000e+03 9.429311868741268032e-01
6.450000000000000000e+03 9.457143958448209764e-01
6.500000000000000000e+03 9.484184633008971854e-01
6.550000000000000000e+03 9.508674917589584608e-01
6.600000000000000000e+03 9.528839238348362217e-01
6.650000000000000000e+03 9.549925860214359963e-01
6.700000000000000000e+03 9.573704091996403376e-01
6.750000000000000000e+03 9.594006315159331333e-01
6.800000000000000000e+03 9.613466117968566538e-01
6.850000000000000000e+03 9.632078203620026979e-01
6.900000000000000000e+03 9.648060097214754549e-01
6.950000000000000000e+03 9.664068508547135616e-01
7.000000000000000000e+03 9.677429139670323810e-01
7.050000000000000000e+03 9.689915726622629899e-01
7.100000000000000000e+03 9.700631337839569213e-01
7.150000000000000000e+03 9.710464390924498090e-01
7.200000000000000000e+03 9.721202725919838583e-01
7.250000000000000000e+03 9.733745793026431503e-01
7.300000000000000000e+03 9.743612412606610373e-01
7.350000000000000000e+03 9.750794417171757544e-01
7.400000000000000000e+03 9.756184394469111787e-01
7.450000000000000000e+03 9.762476467106069311e-01
7.500000000000000000e+03 9.768772597700162708e-01
7.550000000000000000e+03 9.778674722230252803e-01
7.600000000000000000e+03 9.805731562195335593e-01
7.650000000000000000e+03 9.810248308398962225e-01
7.700000000000000000e+03 9.815671150210758533e-01
7.750000000000000000e+03 9.820192474817959205e-01
7.800000000000000000e+03 9.824715882051593407e-01
7.850000000000000000e+03 9.829241372870967108e-01
7.900000000000000000e+03 9.832863266353133458e-01
7.950000000000000000e+03 9.837392510045700478e-01
8.000000000000000000e+03 9.841017407071018797e-01
8.050000000000000000e+03 9.845550406748938554e-01
8.100000000000000000e+03 9.849178309808168663e-01
8.150000000000000000e+03 9.852807549682515154e-01
8.200000000000000000e+03 9.856438126864568439e-01
8.250000000000000000e+03 9.860070041847102118e-01
8.300000000000000000e+03 9.862794856312104841e-01
8.350000000000000000e+03 9.866429113631761671e-01
8.400000000000000000e+03 9.869155685416002299e-01
8.450000000000000000e+03 9.872792286583429444e-01
8.500000000000000000e+03 9.875520616820260278e-01
8.550000000000000000e+03 9.878249701026755591e-01
8.600000000000000000e+03 9.880979539411272050e-01
8.650000000000000000e+03 9.883710132182227381e-01
8.700000000000000000e+03 9.886441479548093714e-01
8.750000000000000000e+03 9.889173581717403128e-01
8.800000000000000000e+03 9.891906438898743215e-01
8.850000000000000000e+03 9.894640051300761519e-01
8.900000000000000000e+03 9.896462879238877575e-01
8.950000000000000000e+03 9.899197750805840412e-01
9.000000000000000000e+03 9.901021418380563377e-01
9.050000000000000000e+03 9.902845421918210489e-01
9.100000000000000000e+03 9.905582057290555076e-01
9.150000000000000000e+03 9.907406901006317046e-01
9.200000000000000000e+03 9.909232080901675399e-01
9.250000000000000000e+03 9.911057597038562816e-01
9.300000000000000000e+03 9.912883449478924192e-01
9.350000000000000000e+03 9.914709638284714410e-01
9.400000000000000000e+03 9.916536163517898350e-01
9.450000000000000000e+03 9.918363025240455322e-01
9.500000000000000000e+03 9.920190223514374628e-01
9.550000000000000000e+03 9.922017758401656673e-01
9.600000000000000000e+03 9.923845629964314075e-01
9.650000000000000000e+03 9.924759692018290114e-01
9.700000000000000000e+03 9.926588068710308077e-01
9.750000000000000000e+03 9.928416782232781790e-01
9.800000000000000000e+03 9.929331265324830014e-01
9.850000000000000000e+03 9.931160484209338168e-01
9.900000000000000000e+03 9.932075220017314576e-01
9.950000000000000000e+03 9.933904944403513237e-01
1.000000000000000000e+04 9.934819932997256409e-01
1.005000000000000000e+04 9.936650163024840499e-01
1.010000000000000000e+04 9.937565404474206776e-01
1.015000000000000000e+04 9.938480730224308335e-01
1.020000000000000000e+04 9.940311634657774675e-01
1.025000000000000000e+04 9.941227213356671477e-01
1.030000000000000000e+04 9.942142876387367600e-01
1.035000000000000000e+04 9.943974455475222962e-01
1.040000000000000000e+04 9.944890371547920882e-01
1.045000000000000000e+04 9.945806371983492156e-01
1.050000000000000000e+04 9.946722456789706124e-01
1.055000000000000000e+04 9.947638625974335458e-01
1.060000000000000000e+04 9.948554879545149499e-01
1.065000000000000000e+04 9.949471217509924248e-01
1.070000000000000000e+04 9.950387639876430157e-01
1.075000000000000000e+04 9.951304146652442117e-01
1.080000000000000000e+04 9.952220737845736132e-01
1.085000000000000000e+04 9.953137413464087091e-01
1.090000000000000000e+04 9.954054173515269888e-01
1.095000000000000000e+04 9.954971018007062744e-01
1.100000000000000000e+04 9.955887946947242773e-01
