8.000000000000000000e+03 8.671071999999999669e-01
7.995000000000000000e+03 8.640099999999999447e-01
7.990000000000000000e+03 8.625137999999999971e-01
7.985000000000000000e+03 8.642644999999999911e-01
7.980000000000000000e+03 8.682391999999999888e-01
7.975000000000000000e+03 8.695929999999999493e-01
7.970000000000000000e+03 8.723058000000000201e-01
7.965000000000000000e+03 8.737768000000000201e-01
7.960000000000000000e+03 8.761449000000000042e-01
7.955000000000000000e+03 8.799194000000000182e-01
7.950000000000000000e+03 8.844329000000000773e-01
7.945000000000000000e+03 8.890945999999999572e-01
7.940000000000000000e+03 8.931968000000000130e-01
7.935000000000000000e+03 8.977117000000000013e-01
7.930000000000000000e+03 9.034240000000000048e-01
7.925000000000000000e+03 9.074303000000000230e-01
7.920000000000000000e+03 9.141751999999999656e-01
7.915000000000000000e+03 9.183177000000000145e-01
7.910000000000000000e+03 9.238338000000000383e-01
7.905000000000000000e+03 9.282067999999999985e-01
7.900000000000000000e+03 9.323695999999999096e-01
7.895000000000000000e+03 9.379563000000000761e-01
7.890000000000000000e+03 9.436387000000000524e-01
7.885000000000000000e+03 9.470549999999999802e-01
7.880000000000000000e+03 9.520247999999998934e-01
7.875000000000000000e+03 9.548398000000000163e-01
7.870000000000000000e+03 9.589838000000000529e-01
7.865000000000000000e+03 9.616419000000000494e-01
7.860000000000000000e+03 9.648697999999999997e-01
7.855000000000000000e+03 9.662429000000000157e-01
7.850000000000000000e+03 9.685527000000000442e-01
7.845000000000000000e+03 9.697512999999999828e-01
7.840000000000000000e+03 9.718958999999999238e-01
7.835000000000000000e+03 9.715174000000000865e-01
7.830000000000000000e+03 9.730934999999999446e-01
7.825000000000000000e+03 9.732279999999999820e-01
7.820000000000000000e+03 9.738088000000000299e-01
7.815000000000000000e+03 9.741401000000000643e-01
7.810000000000000000e+03 9.723954000000000208e-01
7.805000000000000000e+03 9.715125999999999484e-01
7.800000000000000000e+03 9.702468000000000758e-01
7.795000000000000000e+03 9.690851000000000326e-01
7.790000000000000000e+03 9.665321000000000051e-01
7.785000000000000000e+03 9.665593999999999575e-01
7.780000000000000000e+03 9.643245000000000289e-01
7.775000000000000000e+03 9.625764999999999461e-01
7.770000000000000000e+03 9.630444000000000226e-01
7.765000000000000000e+03 9.607519999999999394e-01
7.760000000000000000e+03 9.574409000000000391e-01
7.755000000000000000e+03 9.567830999999999975e-01
7.750000000000000000e+03 9.552513999999999728e-01
7.745000000000000000e+03 9.532152999999999876e-01
7.740000000000000000e+03 9.535624999999999796e-01
7.735000000000000000e+03 9.513871000000000411e-01
7.730000000000000000e+03 9.510719000000000811e-01
7.725000000000000000e+03 9.500551000000000412e-01
7.720000000000000000e+03 9.479115000000000180e-01
7.715000000000000000e+03 9.472198000000000562e-01
7.710000000000000000e+03 9.478653000000000217e-01
7.705000000000000000e+03 9.468183999999999489e-01
7.700000000000000000e+03 9.475203999999999294e-01
7.695000000000000000e+03 9.465160000000000240e-01
7.690000000000000000e+03 9.456883999999999846e-01
7.685000000000000000e+03 9.466365999999999392e-01
7.680000000000000000e+03 9.469366999999999646e-01
7.675000000000000000e+03 9.463370000000000948e-01
7.670000000000000000e+03 9.489965999999999680e-01
7.665000000000000000e+03 9.470866000000000007e-01
7.660000000000000000e+03 9.472201000000000093e-01
7.655000000000000000e+03 9.479381999999999531e-01
7.650000000000000000e+03 9.501507999999999621e-01
7.645000000000000000e+03 9.501861999999999808e-01
7.640000000000000000e+03 9.506388999999999534e-01
7.635000000000000000e+03 9.523009000000000057e-01
7.630000000000000000e+03 9.536146999999999263e-01
7.625000000000000000e+03 9.532180999999999571e-01
7.620000000000000000e+03 9.539773999999999754e-01
7.615000000000000000e+03 9.549715999999999205e-01
7.610000000000000000e+03 9.548902999999999697e-01
7.605000000000000000e+03 9.557671000000000916e-01
7.600000000000000000e+03 9.569741999999998860e-01
7.595000000000000000e+03 9.578355999999998982e-01
7.590000000000000000e+03 9.605175999999999714e-01
7.585000000000000000e+03 9.597904999999999909e-01
7.580000000000000000e+03 9.603605000000000613e-01
7.575000000000000000e+03 9.625145999999999979e-01
7.570000000000000000e+03 9.631281999999999899e-01
7.565000000000000000e+03 9.634205000000000130e-01
7.560000000000000000e+03 9.642767000000000976e-01
7.555000000000000000e+03 9.659586000000000006e-01
7.550000000000000000e+03 9.665730000000000155e-01
7.545000000000000000e+03 9.667512999999999801e-01
7.540000000000000000e+03 9.679936999999999570e-01
7.535000000000000000e+03 9.689941000000000804e-01
7.530000000000000000e+03 9.697719999999999674e-01
7.525000000000000000e+03 9.712671000000000499e-01
7.520000000000000000e+03 9.722575999999999441e-01
7.515000000000000000e+03 9.721225000000000005e-01
7.510000000000000000e+03 9.723771999999999416e-01
7.505000000000000000e+03 9.742218000000000266e-01
7.500000000000000000e+03 9.763266999999999918e-01
7.495000000000000000e+03 9.753330999999999529e-01
7.490000000000000000e+03 9.762788000000000022e-01
7.485000000000000000e+03 9.770382999999999152e-01
7.480000000000000000e+03 9.776945000000000219e-01
7.475000000000000000e+03 9.796309999999999185e-01
7.470000000000000000e+03 9.790184000000000664e-01
7.465000000000000000e+03 9.806403000000000203e-01
7.460000000000000000e+03 9.816464000000000301e-01
7.455000000000000000e+03 9.818380999999999359e-01
7.450000000000000000e+03 9.828180000000000804e-01
7.445000000000000000e+03 9.837709999999999511e-01
7.440000000000000000e+03 9.842908999999999686e-01
7.435000000000000000e+03 9.848337999999999814e-01
7.430000000000000000e+03 9.851095999999999187e-01
7.425000000000000000e+03 9.844459999999999322e-01
7.420000000000000000e+03 9.848027000000000308e-01
7.415000000000000000e+03 9.865758000000000028e-01
7.410000000000000000e+03 9.860254999999998882e-01
7.405000000000000000e+03 9.866835000000000466e-01
7.400000000000000000e+03 9.854797000000000695e-01
7.395000000000000000e+03 9.865568000000000115e-01
7.390000000000000000e+03 9.873323999999999989e-01
7.385000000000000000e+03 9.868907000000000096e-01
7.380000000000000000e+03 9.878858999999999835e-01
7.375000000000000000e+03 9.859650000000000913e-01
7.370000000000000000e+03 9.868667999999999330e-01
7.365000000000000000e+03 9.881879000000001190e-01
7.360000000000000000e+03 9.880338999999999094e-01
7.355000000000000000e+03 9.876869000000000343e-01
7.350000000000000000e+03 9.872401000000000648e-01
7.345000000000000000e+03 9.866585000000001049e-01
7.340000000000000000e+03 9.866088000000000635e-01
7.335000000000000000e+03 9.867523000000000266e-01
7.330000000000000000e+03 9.872313999999999812e-01
7.325000000000000000e+03 9.873112000000000554e-01
7.320000000000000000e+03 9.867927000000000781e-01
7.315000000000000000e+03 9.862282999999999467e-01
7.310000000000000000e+03 9.860403999999999280e-01
7.305000000000000000e+03 9.862560000000000215e-01
7.300000000000000000e+03 9.871651000000000176e-01
7.295000000000000000e+03 9.867212999999999123e-01
7.290000000000000000e+03 9.881225999999999621e-01
7.285000000000000000e+03 9.861425999999999803e-01
7.280000000000000000e+03 9.877776000000000334e-01
7.275000000000000000e+03 9.869001000000000579e-01
7.270000000000000000e+03 9.870041999999998872e-01
7.265000000000000000e+03 9.862300999999998874e-01
7.260000000000000000e+03 9.855194000000000454e-01
7.255000000000000000e+03 9.855804999999999705e-01
7.250000000000000000e+03 9.875091999999999759e-01
7.245000000000000000e+03 9.873119999999999674e-01
7.240000000000000000e+03 9.853677999999999049e-01
7.235000000000000000e+03 9.869705000000000839e-01
7.230000000000000000e+03 9.867415999999999965e-01
7.225000000000000000e+03 9.867319999999999425e-01
7.220000000000000000e+03 9.854834999999999567e-01
7.215000000000000000e+03 9.851779999999998871e-01
7.210000000000000000e+03 9.846207999999999627e-01
7.205000000000000000e+03 9.847454999999999403e-01
7.200000000000000000e+03 9.858907000000001197e-01
7.195000000000000000e+03 9.848297999999999774e-01
7.190000000000000000e+03 9.847871999999999737e-01
7.185000000000000000e+03 9.849096999999999991e-01
7.180000000000000000e+03 9.841598000000000290e-01
7.175000000000000000e+03 9.840558999999999834e-01
7.170000000000000000e+03 9.833927000000000085e-01
7.165000000000000000e+03 9.846036999999999706e-01
7.160000000000000000e+03 9.835299999999999043e-01
7.155000000000000000e+03 9.832108999999999988e-01
7.150000000000000000e+03 9.826266000000000167e-01
7.145000000000000000e+03 9.822811000000000181e-01
7.140000000000000000e+03 9.820332000000000505e-01
7.135000000000000000e+03 9.828547000000000811e-01
7.130000000000000000e+03 9.828816999999999693e-01
7.125000000000000000e+03 9.829588000000000214e-01
7.120000000000000000e+03 9.823714000000000057e-01
7.115000000000000000e+03 9.835253000000000467e-01
7.110000000000000000e+03 9.831275999999999904e-01
7.105000000000000000e+03 9.823243999999999865e-01
7.100000000000000000e+03 9.827147999999999994e-01
7.095000000000000000e+03 9.837471999999999328e-01
7.090000000000000000e+03 9.846004000000000422e-01
7.085000000000000000e+03 9.839185000000000292e-01
7.080000000000000000e+03 9.829318999999999695e-01
7.075000000000000000e+03 9.839960000000000928e-01
7.070000000000000000e+03 9.839385999999999965e-01
7.065000000000000000e+03 9.834787999999999863e-01
7.060000000000000000e+03 9.841576000000000768e-01
7.055000000000000000e+03 9.841827000000000769e-01
7.050000000000000000e+03 9.848287000000000013e-01
7.045000000000000000e+03 9.825123999999999524e-01
7.040000000000000000e+03 9.833477999999999941e-01
7.035000000000000000e+03 9.831237000000000448e-01
7.030000000000000000e+03 9.833029999999999271e-01
7.025000000000000000e+03 9.827498000000000067e-01
7.020000000000000000e+03 9.822385000000000144e-01
7.015000000000000000e+03 9.816167000000000087e-01
7.010000000000000000e+03 9.820286000000000293e-01
7.005000000000000000e+03 9.818237000000000769e-01
7.000000000000000000e+03 9.808153000000000565e-01
6.995000000000000000e+03 9.813239000000000267e-01
6.990000000000000000e+03 9.826734000000000302e-01
6.985000000000000000e+03 9.814261000000000790e-01
6.980000000000000000e+03 9.808130999999999933e-01
6.975000000000000000e+03 9.805446000000000994e-01
6.970000000000000000e+03 9.815952000000000011e-01
6.965000000000000000e+03 9.814050000000000828e-01
6.960000000000000000e+03 9.808061999999999614e-01
6.955000000000000000e+03 9.805504000000000442e-01
6.950000000000000000e+03 9.809511999999999121e-01
6.945000000000000000e+03 9.817382000000001163e-01
6.940000000000000000e+03 9.815481999999999818e-01
6.935000000000000000e+03 9.816611000000000642e-01
6.930000000000000000e+03 9.815892999999999979e-01
6.925000000000000000e+03 9.829650999999999250e-01
6.920000000000000000e+03 9.825641000000000513e-01
6.915000000000000000e+03 9.833110000000000461e-01
6.910000000000000000e+03 9.845901999999999710e-01
6.905000000000000000e+03 9.832262000000000501e-01
6.900000000000000000e+03 9.840922000000000835e-01
6.895000000000000000e+03 9.852276999999999285e-01
6.890000000000000000e+03 9.857134000000000729e-01
6.885000000000000000e+03 9.860573999999999728e-01
6.880000000000000000e+03 9.861210000000000253e-01
6.875000000000000000e+03 9.861075999999999731e-01
6.870000000000000000e+03 9.855656999999999890e-01
6.865000000000000000e+03 9.859471000000000762e-01
6.860000000000000000e+03 9.875644999999999563e-01
6.855000000000000000e+03 9.868626000000000342e-01
6.850000000000000000e+03 9.871420000000000750e-01
6.845000000000000000e+03 9.860710000000000308e-01
6.840000000000000000e+03 9.864256000000000135e-01
6.835000000000000000e+03 9.858383000000000562e-01
6.830000000000000000e+03 9.854304999999999870e-01
6.825000000000000000e+03 9.858428999999999665e-01
6.820000000000000000e+03 9.845506000000000535e-01
6.815000000000000000e+03 9.835127000000000175e-01
6.810000000000000000e+03 9.836719999999999908e-01
6.805000000000000000e+03 9.842052000000000023e-01
6.800000000000000000e+03 9.822408000000000250e-01
6.795000000000000000e+03 9.821721999999999397e-01
6.790000000000000000e+03 9.817652999999999519e-01
6.785000000000000000e+03 9.814033999999999258e-01
6.780000000000000000e+03 9.812045000000000350e-01
6.775000000000000000e+03 9.811204999999999510e-01
6.770000000000000000e+03 9.807441000000000075e-01
6.765000000000000000e+03 9.809690999999999272e-01
6.760000000000000000e+03 9.800960999999999146e-01
6.755000000000000000e+03 9.792104000000000363e-01
6.750000000000000000e+03 9.795717000000000452e-01
6.745000000000000000e+03 9.798045000000000782e-01
6.740000000000000000e+03 9.800485999999999365e-01
6.735000000000000000e+03 9.799215999999999482e-01
6.730000000000000000e+03 9.799291999999999447e-01
6.725000000000000000e+03 9.802163000000000403e-01
6.720000000000000000e+03 9.817395999999999345e-01
6.715000000000000000e+03 9.808407999999999571e-01
6.710000000000000000e+03 9.819659000000000582e-01
6.705000000000000000e+03 9.826909000000000338e-01
6.700000000000000000e+03 9.827147999999999994e-01
6.695000000000000000e+03 9.828980999999999968e-01
6.690000000000000000e+03 9.834825999999999846e-01
6.685000000000000000e+03 9.838889000000000662e-01
6.680000000000000000e+03 9.838595999999999453e-01
6.675000000000000000e+03 9.841315000000000479e-01
6.670000000000000000e+03 9.848137000000000141e-01
6.665000000000000000e+03 9.855399000000000242e-01
6.660000000000000000e+03 9.854233000000001130e-01
6.655000000000000000e+03 9.854004000000000651e-01
6.650000000000000000e+03 9.846938000000000635e-01
6.645000000000000000e+03 9.848073999999999995e-01
6.640000000000000000e+03 9.851900000000000102e-01
6.635000000000000000e+03 9.857333999999999818e-01
6.630000000000000000e+03 9.856776999999999900e-01
6.625000000000000000e+03 9.848352999999999691e-01
6.620000000000000000e+03 9.844530000000000225e-01
6.615000000000000000e+03 9.842663000000000384e-01
6.610000000000000000e+03 9.842661999999999800e-01
6.605000000000000000e+03 9.845628000000000712e-01
6.600000000000000000e+03 9.842083999999999833e-01
6.595000000000000000e+03 9.844422000000000450e-01
6.590000000000000000e+03 9.844525000000000636e-01
6.585000000000000000e+03 9.843583999999999667e-01
6.580000000000000000e+03 9.829497000000000373e-01
6.575000000000000000e+03 9.833105000000000873e-01
6.570000000000000000e+03 9.835957000000000727e-01
6.565000000000000000e+03 9.839919999999999778e-01
6.560000000000000000e+03 9.848919999999999897e-01
6.555000000000000000e+03 9.845179000000000569e-01
6.550000000000000000e+03 9.846253000000000366e-01
6.545000000000000000e+03 9.847029999999999950e-01
6.540000000000000000e+03 9.838728999999999392e-01
6.535000000000000000e+03 9.847226000000000035e-01
6.530000000000000000e+03 9.862176999999999749e-01
6.525000000000000000e+03 9.861223000000000072e-01
6.520000000000000000e+03 9.856534000000000129e-01
6.515000000000000000e+03 9.867747000000000046e-01
6.510000000000000000e+03 9.859336000000000766e-01
6.505000000000000000e+03 9.867905000000000149e-01
6.500000000000000000e+03 9.876157999999999326e-01
6.495000000000000000e+03 9.866291999999999840e-01
6.490000000000000000e+03 9.875682999999999545e-01
6.485000000000000000e+03 9.868521999999999572e-01
6.480000000000000000e+03 9.864267999999999370e-01
6.475000000000000000e+03 9.858020000000000671e-01
6.470000000000000000e+03 9.853985000000000660e-01
6.465000000000000000e+03 9.857528999999999320e-01
6.460000000000000000e+03 9.854013000000000355e-01
6.455000000000000000e+03 9.857698999999999767e-01
6.450000000000000000e+03 9.843394999999999229e-01
6.445000000000000000e+03 9.846498999999999668e-01
6.440000000000000000e+03 9.834814000000000611e-01
6.435000000000000000e+03 9.834198999999999025e-01
6.430000000000000000e+03 9.836316999999999977e-01
6.425000000000000000e+03 9.830500000000000904e-01
6.420000000000000000e+03 9.826342000000000132e-01
6.415000000000000000e+03 9.838822000000000401e-01
6.410000000000000000e+03 9.824091000000000351e-01
6.405000000000000000e+03 9.821176000000000350e-01
6.400000000000000000e+03 9.827191000000000676e-01
6.395000000000000000e+03 9.828278000000000292e-01
6.390000000000000000e+03 9.833855000000000235e-01
6.385000000000000000e+03 9.830491000000001200e-01
6.380000000000000000e+03 9.839082999999999579e-01
6.375000000000000000e+03 9.847538000000000125e-01
6.370000000000000000e+03 9.843617999999999535e-01
6.365000000000000000e+03 9.837287999999999588e-01
6.360000000000000000e+03 9.846686999999999523e-01
6.355000000000000000e+03 9.846513000000000071e-01
6.350000000000000000e+03 9.845551000000000164e-01
6.345000000000000000e+03 9.847056000000000697e-01
6.340000000000000000e+03 9.837877000000000427e-01
6.335000000000000000e+03 9.835241000000000122e-01
6.330000000000000000e+03 9.844298999999999689e-01
6.325000000000000000e+03 9.840651999999999733e-01
6.320000000000000000e+03 9.831505999999999856e-01
6.315000000000000000e+03 9.838223999999999858e-01
6.310000000000000000e+03 9.831448000000000409e-01
6.305000000000000000e+03 9.829194999999999460e-01
6.300000000000000000e+03 9.826072999999999613e-01
6.295000000000000000e+03 9.817655000000000687e-01
6.290000000000000000e+03 9.816991000000000467e-01
6.285000000000000000e+03 9.816293000000000379e-01
6.280000000000000000e+03 9.807426999999999673e-01
6.275000000000000000e+03 9.813043000000000182e-01
6.270000000000000000e+03 9.811596000000000206e-01
6.265000000000000000e+03 9.801408999999999816e-01
6.260000000000000000e+03 9.813032999999999895e-01
6.255000000000000000e+03 9.806141999999999914e-01
6.250000000000000000e+03 9.826023999999999869e-01
6.245000000000000000e+03 9.823397000000000379e-01
6.240000000000000000e+03 9.827103999999999839e-01
6.235000000000000000e+03 9.830079999999999929e-01
6.230000000000000000e+03 9.838970999999999689e-01
6.225000000000000000e+03 9.854658999999998947e-01
6.220000000000000000e+03 9.856785999999999603e-01
6.215000000000000000e+03 9.859748999999999874e-01
6.210000000000000000e+03 9.864763000000000837e-01
6.205000000000000000e+03 9.875911000000000550e-01
6.200000000000000000e+03 9.872659000000000296e-01
6.195000000000000000e+03 9.873047999999999824e-01
6.190000000000000000e+03 9.877177000000000318e-01
6.185000000000000000e+03 9.883463000000000109e-01
6.180000000000000000e+03 9.884489000000000747e-01
6.175000000000000000e+03 9.875102999999999520e-01
6.170000000000000000e+03 9.870271999999999935e-01
6.165000000000000000e+03 9.861927000000000332e-01
6.160000000000000000e+03 9.856189999999999118e-01
6.155000000000000000e+03 9.849979999999999292e-01
6.150000000000000000e+03 9.845498000000000305e-01
6.145000000000000000e+03 9.848339000000000398e-01
6.140000000000000000e+03 9.834304000000000379e-01
6.135000000000000000e+03 9.828076000000000034e-01
6.130000000000000000e+03 9.815555999999999726e-01
6.125000000000000000e+03 9.814962999999999882e-01
6.120000000000000000e+03 9.814267999999999326e-01
6.115000000000000000e+03 9.808569000000000315e-01
6.110000000000000000e+03 9.807751000000000108e-01
6.105000000000000000e+03 9.808669000000000970e-01
6.100000000000000000e+03 9.815188999999999719e-01
6.095000000000000000e+03 9.819864999999999844e-01
6.090000000000000000e+03 9.814867999999999926e-01
6.085000000000000000e+03 9.832526999999999795e-01
6.080000000000000000e+03 9.836711000000000205e-01
6.075000000000000000e+03 9.835612999999999717e-01
6.070000000000000000e+03 9.851152999999999160e-01
6.065000000000000000e+03 9.850529000000000091e-01
6.060000000000000000e+03 9.865523000000000486e-01
6.055000000000000000e+03 9.877334000000000946e-01
6.050000000000000000e+03 9.879783999999999233e-01
6.045000000000000000e+03 9.886221000000000592e-01
6.040000000000000000e+03 9.880513999999999131e-01
6.035000000000000000e+03 9.890465000000000506e-01
6.030000000000000000e+03 9.894553000000000376e-01
6.025000000000000000e+03 9.891378000000000670e-01
6.020000000000000000e+03 9.898291000000000173e-01
6.015000000000000000e+03 9.891292000000000417e-01
6.010000000000000000e+03 9.889835999999999627e-01
6.005000000000000000e+03 9.876245000000000163e-01
6.000000000000000000e+03 9.876171999999999729e-01
5.995000000000000000e+03 9.873750000000000027e-01
5.990000000000000000e+03 9.870151999999999815e-01
5.985000000000000000e+03 9.872568999999999928e-01
5.980000000000000000e+03 9.872534000000000587e-01
5.975000000000000000e+03 9.877032000000000034e-01
5.970000000000000000e+03 9.866669000000000134e-01
5.965000000000000000e+03 9.868958000000001007e-01
5.960000000000000000e+03 9.866350000000000398e-01
5.955000000000000000e+03 9.863283999999999940e-01
5.950000000000000000e+03 9.864324999999999344e-01
5.945000000000000000e+03 9.884305999999999370e-01
5.940000000000000000e+03 9.885339000000000764e-01
5.935000000000000000e+03 9.886452000000000018e-01
5.930000000000000000e+03 9.891252000000000377e-01
5.925000000000000000e+03 9.885676999999999381e-01
5.920000000000000000e+03 9.888801999999999870e-01
5.915000000000000000e+03 9.882797999999999305e-01
5.910000000000000000e+03 9.886486999999999359e-01
5.905000000000000000e+03 9.888456999999999386e-01
5.900000000000000000e+03 9.870436999999999683e-01
5.895000000000000000e+03 9.857511999999999386e-01
5.890000000000000000e+03 9.858251000000000097e-01
5.885000000000000000e+03 9.843805999999999390e-01
5.880000000000000000e+03 9.841719999999999358e-01
5.875000000000000000e+03 9.827810999999999630e-01
5.870000000000000000e+03 9.819636999999999949e-01
5.865000000000000000e+03 9.805009000000000086e-01
5.860000000000000000e+03 9.794862999999999209e-01
5.855000000000000000e+03 9.794486000000000026e-01
5.850000000000000000e+03 9.790124000000000049e-01
5.845000000000000000e+03 9.781788000000000149e-01
5.840000000000000000e+03 9.780620999999999343e-01
5.835000000000000000e+03 9.791048999999999447e-01
5.830000000000000000e+03 9.790923999999999738e-01
5.825000000000000000e+03 9.790122999999999465e-01
5.820000000000000000e+03 9.806959999999999011e-01
5.815000000000000000e+03 9.821003000000000371e-01
5.810000000000000000e+03 9.839272000000000018e-01
5.805000000000000000e+03 9.858906000000000613e-01
5.800000000000000000e+03 9.865142000000000078e-01
5.795000000000000000e+03 9.880782000000000176e-01
5.790000000000000000e+03 9.879644000000000759e-01
5.785000000000000000e+03 9.889924999999999411e-01
5.780000000000000000e+03 9.888760000000000883e-01
5.775000000000000000e+03 9.889681000000000166e-01
5.770000000000000000e+03 9.889480000000000492e-01
5.765000000000000000e+03 9.891630999999999618e-01
5.760000000000000000e+03 9.880476000000000258e-01
5.755000000000000000e+03 9.865945000000000409e-01
5.750000000000000000e+03 9.848260999999999266e-01
5.745000000000000000e+03 9.839920999999999252e-01
5.740000000000000000e+03 9.817655999999999050e-01
5.735000000000000000e+03 9.809816999999999565e-01
5.730000000000000000e+03 9.795393000000000017e-01
5.725000000000000000e+03 9.780752999999999808e-01
5.720000000000000000e+03 9.777048999999999879e-01
5.715000000000000000e+03 9.775762000000000063e-01
5.710000000000000000e+03 9.773022000000000098e-01
5.705000000000000000e+03 9.778449000000000169e-01
5.700000000000000000e+03 9.795946999999999294e-01
5.695000000000000000e+03 9.802125999999999895e-01
5.690000000000000000e+03 9.806987999999999817e-01
5.685000000000000000e+03 9.820851999999998805e-01
5.680000000000000000e+03 9.830071999999999699e-01
5.675000000000000000e+03 9.835550000000000681e-01
5.670000000000000000e+03 9.834602000000000066e-01
5.665000000000000000e+03 9.840170000000000305e-01
5.660000000000000000e+03 9.818978000000000428e-01
5.655000000000000000e+03 9.800957999999999615e-01
5.650000000000000000e+03 9.765752999999999240e-01
5.645000000000000000e+03 9.733262000000000302e-01
5.640000000000000000e+03 9.699120000000001074e-01
5.635000000000000000e+03 9.643504999999999994e-01
5.630000000000000000e+03 9.598990999999998941e-01
5.625000000000000000e+03 9.547700000000000076e-01
5.620000000000000000e+03 9.510745999999999922e-01
5.615000000000000000e+03 9.470408999999999633e-01
5.610000000000000000e+03 9.443009999999999460e-01
5.605000000000000000e+03 9.417689000000000199e-01
5.600000000000000000e+03 9.418949999999999267e-01
5.595000000000000000e+03 9.424352000000000285e-01
5.590000000000000000e+03 9.444825000000000026e-01
5.585000000000000000e+03 9.457004000000001076e-01
5.580000000000000000e+03 9.467592000000000230e-01
5.575000000000000000e+03 9.454207999999999501e-01
5.570000000000000000e+03 9.402898000000000645e-01
5.565000000000000000e+03 9.320311000000000012e-01
5.560000000000000000e+03 9.170549999999999535e-01
5.555000000000000000e+03 8.970306999999999586e-01
5.550000000000000000e+03 8.690476999999999785e-01
5.545000000000000000e+03 8.384827000000000252e-01
5.540000000000000000e+03 8.035453999999999652e-01
5.535000000000000000e+03 7.671763999999999806e-01
5.530000000000000000e+03 7.317409999999999748e-01
5.525000000000000000e+03 6.972968000000000499e-01
5.520000000000000000e+03 6.652187000000000516e-01
5.515000000000000000e+03 6.394084999999999352e-01
5.510000000000000000e+03 6.157314000000000398e-01
5.505000000000000000e+03 5.964426999999999923e-01
5.500000000000000000e+03 5.810583999999999749e-01
5.495000000000000000e+03 5.698360000000000092e-01
5.490000000000000000e+03 5.600076000000000498e-01
5.485000000000000000e+03 5.528705000000000425e-01
5.480000000000000000e+03 5.460990999999999485e-01
5.475000000000000000e+03 5.387798000000000309e-01
5.470000000000000000e+03 5.285832000000000308e-01
5.465000000000000000e+03 5.147876000000000118e-01
5.460000000000000000e+03 4.947138999999999842e-01
5.455000000000000000e+03 4.690070999999999546e-01
5.450000000000000000e+03 4.355722000000000205e-01
5.445000000000000000e+03 3.974781999999999482e-01
5.440000000000000000e+03 3.543607999999999758e-01
5.435000000000000000e+03 3.097635999999999723e-01
5.430000000000000000e+03 2.651963999999999988e-01
5.425000000000000000e+03 2.233451000000000186e-01
5.420000000000000000e+03 1.850423999999999958e-01
5.415000000000000000e+03 1.538994999999999946e-01
5.410000000000000000e+03 1.254447999999999952e-01
5.405000000000000000e+03 1.030414000000000052e-01
5.400000000000000000e+03 8.461299999999999377e-02
5.395000000000000000e+03 7.011330000000000340e-02
5.390000000000000000e+03 5.842359999999999914e-02
5.385000000000000000e+03 4.954329999999999845e-02
5.380000000000000000e+03 4.214180000000000009e-02
5.375000000000000000e+03 3.656190000000000134e-02
5.370000000000000000e+03 3.195879999999999554e-02
5.365000000000000000e+03 2.835789999999999839e-02
5.360000000000000000e+03 2.554050000000000070e-02
5.355000000000000000e+03 2.342070000000000263e-02
5.350000000000000000e+03 2.160509999999999861e-02
5.345000000000000000e+03 2.039310000000000081e-02
5.340000000000000000e+03 1.921319999999999972e-02
5.335000000000000000e+03 1.875570000000000015e-02
5.330000000000000000e+03 1.839810000000000056e-02
5.325000000000000000e+03 1.824330000000000049e-02
5.320000000000000000e+03 1.849140000000000159e-02
5.315000000000000000e+03 1.900380000000000125e-02
5.310000000000000000e+03 1.949429999999999913e-02
5.305000000000000000e+03 2.025710000000000011e-02
5.300000000000000000e+03 2.090490000000000057e-02
5.295000000000000000e+03 2.149130000000000137e-02
5.290000000000000000e+03 2.177909999999999915e-02
5.285000000000000000e+03 2.160319999999999949e-02
5.280000000000000000e+03 2.095429999999999862e-02
5.275000000000000000e+03 1.974240000000000023e-02
5.270000000000000000e+03 1.798890000000000211e-02
5.265000000000000000e+03 1.594510000000000025e-02
5.260000000000000000e+03 1.384360000000000104e-02
5.255000000000000000e+03 1.158089999999999987e-02
5.250000000000000000e+03 9.651699999999999169e-03
5.245000000000000000e+03 7.862799999999999651e-03
5.240000000000000000e+03 6.329500000000000057e-03
5.235000000000000000e+03 5.144100000000000408e-03
5.230000000000000000e+03 4.311800000000000181e-03
5.225000000000000000e+03 3.594399999999999765e-03
5.220000000000000000e+03 3.023599999999999986e-03
5.215000000000000000e+03 2.554499999999999913e-03
5.210000000000000000e+03 2.222899999999999876e-03
5.205000000000000000e+03 1.984300000000000039e-03
5.200000000000000000e+03 1.778999999999999982e-03
5.195000000000000000e+03 1.604900000000000033e-03
5.190000000000000000e+03 1.466700000000000035e-03
5.185000000000000000e+03 1.368199999999999972e-03
5.180000000000000000e+03 1.209999999999999921e-03
5.175000000000000000e+03 1.121500000000000101e-03
5.170000000000000000e+03 1.086300000000000113e-03
5.165000000000000000e+03 1.136000000000000074e-03
5.160000000000000000e+03 9.859999999999998974e-04
5.155000000000000000e+03 1.025599999999999993e-03
5.150000000000000000e+03 9.986000000000000952e-04
5.145000000000000000e+03 9.994999999999999545e-04
5.140000000000000000e+03 9.983999999999999819e-04
5.135000000000000000e+03 1.097899999999999961e-03
5.130000000000000000e+03 1.034199999999999876e-03
5.125000000000000000e+03 9.843000000000000187e-04
5.120000000000000000e+03 1.056799999999999884e-03
5.115000000000000000e+03 1.160100000000000063e-03
5.110000000000000000e+03 1.152100000000000086e-03
5.105000000000000000e+03 1.251700000000000122e-03
5.100000000000000000e+03 1.236700000000000082e-03
5.095000000000000000e+03 1.211000000000000054e-03
5.090000000000000000e+03 1.233399999999999948e-03
5.085000000000000000e+03 1.148600000000000055e-03
5.080000000000000000e+03 1.110899999999999952e-03
5.075000000000000000e+03 1.123700000000000046e-03
5.070000000000000000e+03 1.073500000000000018e-03
5.065000000000000000e+03 1.026000000000000002e-03
5.060000000000000000e+03 1.027300000000000088e-03
5.055000000000000000e+03 8.459999999999999638e-04
5.050000000000000000e+03 8.788999999999999504e-04
5.045000000000000000e+03 8.706000000000000197e-04
5.040000000000000000e+03 7.570000000000000773e-04
5.035000000000000000e+03 7.001999999999999977e-04
5.030000000000000000e+03 6.821999999999999939e-04
5.025000000000000000e+03 6.263000000000000988e-04
5.020000000000000000e+03 6.972000000000000332e-04
5.015000000000000000e+03 6.299000000000000779e-04
5.010000000000000000e+03 5.550999999999999945e-04
5.005000000000000000e+03 7.464999999999999847e-04
5.000000000000000000e+03 6.228000000000000680e-04
4.995000000000000000e+03 5.557999999999999573e-04
4.990000000000000000e+03 7.167999999999999676e-04
4.985000000000000000e+03 6.844999999999999956e-04
4.980000000000000000e+03 4.964999999999999795e-04
4.975000000000000000e+03 7.441000000000000348e-04
4.970000000000000000e+03 7.999000000000000901e-04
4.965000000000000000e+03 7.202000000000000502e-04
4.960000000000000000e+03 8.461999999999999687e-04
4.955000000000000000e+03 1.100700000000000029e-03
4.950000000000000000e+03 1.339799999999999932e-03
4.945000000000000000e+03 1.519399999999999961e-03
4.940000000000000000e+03 1.898900000000000024e-03
4.935000000000000000e+03 2.514900000000000035e-03
4.930000000000000000e+03 3.298099999999999990e-03
4.925000000000000000e+03 4.450599999999999869e-03
4.920000000000000000e+03 5.736099999999999186e-03
4.915000000000000000e+03 6.824099999999999611e-03
4.910000000000000000e+03 8.048599999999999505e-03
4.905000000000000000e+03 8.665000000000000827e-03
4.900000000000000000e+03 8.722199999999999398e-03
4.895000000000000000e+03 8.112199999999999966e-03
4.890000000000000000e+03 7.394899999999999390e-03
4.885000000000000000e+03 6.334499999999999853e-03
4.880000000000000000e+03 5.015200000000000040e-03
4.875000000000000000e+03 4.239500000000000213e-03
4.870000000000000000e+03 3.437399999999999744e-03
4.865000000000000000e+03 3.139299999999999816e-03
4.860000000000000000e+03 2.835799999999999866e-03
4.855000000000000000e+03 2.743100000000000052e-03
4.850000000000000000e+03 2.843300000000000428e-03
4.845000000000000000e+03 2.744900000000000204e-03
4.840000000000000000e+03 2.960400000000000184e-03
4.835000000000000000e+03 2.886600000000000450e-03
4.830000000000000000e+03 3.155800000000000272e-03
4.825000000000000000e+03 3.343800000000000071e-03
4.820000000000000000e+03 3.510499999999999732e-03
4.815000000000000000e+03 3.938399999999999887e-03
4.810000000000000000e+03 4.683099999999999936e-03
4.805000000000000000e+03 5.614599999999999973e-03
4.800000000000000000e+03 7.233699999999999158e-03
4.795000000000000000e+03 9.346799999999998859e-03
4.790000000000000000e+03 1.272440000000000029e-02
4.785000000000000000e+03 1.726029999999999925e-02
4.780000000000000000e+03 2.302379999999999705e-02
4.775000000000000000e+03 2.975909999999999667e-02
4.770000000000000000e+03 3.725730000000000014e-02
4.765000000000000000e+03 4.439090000000000397e-02
4.760000000000000000e+03 5.069519999999999582e-02
4.755000000000000000e+03 5.471829999999999750e-02
4.750000000000000000e+03 5.661209999999999853e-02
4.745000000000000000e+03 5.556300000000000128e-02
4.740000000000000000e+03 5.167049999999999421e-02
4.735000000000000000e+03 4.593759999999999510e-02
4.730000000000000000e+03 3.886130000000000140e-02
4.725000000000000000e+03 3.153720000000000134e-02
4.720000000000000000e+03 2.461460000000000037e-02
4.715000000000000000e+03 1.881359999999999977e-02
4.710000000000000000e+03 1.400260000000000046e-02
4.705000000000000000e+03 1.063350000000000059e-02
4.700000000000000000e+03 8.063700000000000034e-03
4.695000000000000000e+03 6.328000000000000291e-03
4.690000000000000000e+03 4.950799999999999992e-03
4.685000000000000000e+03 3.986700000000000139e-03
4.680000000000000000e+03 3.349299999999999933e-03
4.675000000000000000e+03 3.025499999999999978e-03
4.670000000000000000e+03 2.660600000000000378e-03
4.665000000000000000e+03 2.511199999999999891e-03
4.660000000000000000e+03 2.148999999999999869e-03
4.655000000000000000e+03 2.179300000000000334e-03
4.650000000000000000e+03 2.189500000000000040e-03
4.645000000000000000e+03 2.133700000000000093e-03
4.640000000000000000e+03 2.247599999999999772e-03
4.635000000000000000e+03 2.378700000000000085e-03
4.630000000000000000e+03 2.377999999999999906e-03
4.625000000000000000e+03 2.730500000000000288e-03
4.620000000000000000e+03 2.881699999999999626e-03
4.615000000000000000e+03 3.058799999999999974e-03
4.610000000000000000e+03 3.239899999999999985e-03
4.605000000000000000e+03 3.186599999999999936e-03
4.600000000000000000e+03 3.400199999999999924e-03
4.595000000000000000e+03 3.315199999999999918e-03
4.590000000000000000e+03 3.265899999999999966e-03
4.585000000000000000e+03 3.423300000000000214e-03
4.580000000000000000e+03 3.164799999999999731e-03
4.575000000000000000e+03 3.171900000000000067e-03
4.570000000000000000e+03 3.156300000000000338e-03
4.565000000000000000e+03 2.883600000000000052e-03
4.560000000000000000e+03 2.782600000000000091e-03
4.555000000000000000e+03 2.554699999999999593e-03
4.550000000000000000e+03 2.268000000000000051e-03
4.545000000000000000e+03 2.017899999999999989e-03
4.540000000000000000e+03 1.894899999999999926e-03
4.535000000000000000e+03 1.769100000000000013e-03
4.530000000000000000e+03 1.699399999999999999e-03
4.525000000000000000e+03 1.804999999999999964e-03
4.520000000000000000e+03 1.846100000000000041e-03
4.515000000000000000e+03 1.916799999999999971e-03
4.510000000000000000e+03 2.109300000000000151e-03
4.505000000000000000e+03 2.369100000000000285e-03
4.500000000000000000e+03 2.679699999999999704e-03
4.495000000000000000e+03 2.974000000000000081e-03
4.490000000000000000e+03 3.381600000000000231e-03
4.485000000000000000e+03 3.757499999999999556e-03
4.480000000000000000e+03 4.128699999999999905e-03
4.475000000000000000e+03 4.724499999999999533e-03
4.470000000000000000e+03 5.231099999999999813e-03
4.465000000000000000e+03 5.878999999999999677e-03
4.460000000000000000e+03 6.064000000000000813e-03
4.455000000000000000e+03 6.579400000000000005e-03
4.450000000000000000e+03 6.410200000000000446e-03
4.445000000000000000e+03 6.679199999999999721e-03
4.440000000000000000e+03 6.243800000000000738e-03
4.435000000000000000e+03 6.098900000000000848e-03
4.430000000000000000e+03 5.696200000000000221e-03
4.425000000000000000e+03 5.046300000000000091e-03
4.420000000000000000e+03 4.643900000000000285e-03
4.415000000000000000e+03 4.376800000000000135e-03
4.410000000000000000e+03 3.995900000000000146e-03
4.405000000000000000e+03 3.429900000000000049e-03
4.400000000000000000e+03 3.265000000000000107e-03
4.395000000000000000e+03 2.984399999999999900e-03
4.390000000000000000e+03 2.762899999999999991e-03
4.385000000000000000e+03 2.535100000000000200e-03
4.380000000000000000e+03 2.435399999999999891e-03
4.375000000000000000e+03 2.441299999999999980e-03
4.370000000000000000e+03 2.672700000000000076e-03
4.365000000000000000e+03 2.681799999999999809e-03
4.360000000000000000e+03 2.437499999999999997e-03
4.355000000000000000e+03 2.524399999999999995e-03
4.350000000000000000e+03 2.679099999999999798e-03
4.345000000000000000e+03 2.728300000000000343e-03
4.340000000000000000e+03 2.872299999999999940e-03
4.335000000000000000e+03 2.918399999999999814e-03
4.330000000000000000e+03 3.222000000000000038e-03
4.325000000000000000e+03 3.802599999999999730e-03
4.320000000000000000e+03 3.710600000000000096e-03
4.315000000000000000e+03 4.008300000000000231e-03
4.310000000000000000e+03 4.026699999999999377e-03
4.305000000000000000e+03 4.376999999999999814e-03
4.300000000000000000e+03 4.254700000000000149e-03
4.295000000000000000e+03 3.832700000000000082e-03
4.290000000000000000e+03 3.687100000000000013e-03
4.285000000000000000e+03 4.162199999999999581e-03
4.280000000000000000e+03 3.994300000000000107e-03
4.275000000000000000e+03 3.978300000000000586e-03
4.270000000000000000e+03 4.071799999999999552e-03
4.265000000000000000e+03 4.081500000000000059e-03
4.260000000000000000e+03 3.945000000000000590e-03
4.255000000000000000e+03 3.733600000000000113e-03
4.250000000000000000e+03 3.662200000000000004e-03
4.245000000000000000e+03 3.726200000000000258e-03
4.240000000000000000e+03 3.498600000000000147e-03
4.235000000000000000e+03 3.689200000000000118e-03
4.230000000000000000e+03 3.494099999999999984e-03
4.225000000000000000e+03 3.348400000000000074e-03
4.220000000000000000e+03 2.962199999999999903e-03
4.215000000000000000e+03 3.090100000000000138e-03
4.210000000000000000e+03 2.732899999999999913e-03
4.205000000000000000e+03 3.280699999999999675e-03
4.200000000000000000e+03 2.646899999999999774e-03
4.195000000000000000e+03 2.410100000000000089e-03
4.190000000000000000e+03 2.557800000000000264e-03
4.185000000000000000e+03 2.113700000000000041e-03
4.180000000000000000e+03 2.164800000000000144e-03
4.175000000000000000e+03 1.882300000000000162e-03
4.170000000000000000e+03 2.019100000000000235e-03
4.165000000000000000e+03 1.662700000000000029e-03
4.160000000000000000e+03 1.812600000000000149e-03
4.155000000000000000e+03 1.546500000000000132e-03
4.150000000000000000e+03 1.280100000000000161e-03
4.145000000000000000e+03 1.570900000000000074e-03
4.140000000000000000e+03 1.227800000000000029e-03
4.135000000000000000e+03 1.367900000000000019e-03
4.130000000000000000e+03 1.617899999999999807e-03
4.125000000000000000e+03 1.516699999999999949e-03
4.120000000000000000e+03 2.108300000000000018e-03
4.115000000000000000e+03 1.864800000000000008e-03
4.110000000000000000e+03 2.298899999999999989e-03
4.105000000000000000e+03 2.389400000000000291e-03
4.100000000000000000e+03 2.470599999999999880e-03
4.095000000000000000e+03 2.750299999999999793e-03
4.090000000000000000e+03 3.013700000000000233e-03
4.085000000000000000e+03 2.874100000000000092e-03
4.080000000000000000e+03 3.544100000000000115e-03
4.075000000000000000e+03 3.056899999999999982e-03
4.070000000000000000e+03 3.463300000000000319e-03
4.065000000000000000e+03 3.530300000000000105e-03
4.060000000000000000e+03 3.562199999999999742e-03
4.055000000000000000e+03 3.049299999999999580e-03
4.050000000000000000e+03 3.135499999999999832e-03
4.045000000000000000e+03 3.466299999999999850e-03
4.040000000000000000e+03 3.485599999999999723e-03
4.035000000000000000e+03 3.969099999999999712e-03
4.030000000000000000e+03 3.709599999999999963e-03
4.025000000000000000e+03 4.489899999999999794e-03
4.020000000000000000e+03 4.573900000000000535e-03
4.015000000000000000e+03 4.416200000000000334e-03
4.010000000000000000e+03 4.069200000000000247e-03
4.005000000000000000e+03 4.282300000000000169e-03
4.000000000000000000e+03 4.301000000000000136e-03
3.995000000000000000e+03 3.806800000000000374e-03
3.990000000000000000e+03 3.769600000000000121e-03
3.985000000000000000e+03 3.414900000000000227e-03
3.980000000000000000e+03 3.259699999999999924e-03
3.975000000000000000e+03 3.075899999999999902e-03
3.970000000000000000e+03 2.872399999999999780e-03
3.965000000000000000e+03 2.783199999999999997e-03
3.960000000000000000e+03 2.757200000000000015e-03
3.955000000000000000e+03 2.678700000000000005e-03
3.950000000000000000e+03 2.729400000000000315e-03
3.945000000000000000e+03 2.575500000000000098e-03
3.940000000000000000e+03 2.530299999999999650e-03
3.935000000000000000e+03 2.416600000000000085e-03
3.930000000000000000e+03 2.301600000000000000e-03
3.925000000000000000e+03 2.252699999999999841e-03
3.920000000000000000e+03 2.144899999999999932e-03
3.915000000000000000e+03 1.898299999999999901e-03
3.910000000000000000e+03 1.976100000000000165e-03
3.905000000000000000e+03 1.843799999999999823e-03
3.900000000000000000e+03 1.995199999999999925e-03
3.895000000000000000e+03 2.033599999999999991e-03
3.890000000000000000e+03 2.155100000000000071e-03
3.885000000000000000e+03 2.222899999999999876e-03
3.880000000000000000e+03 2.187800000000000161e-03
3.875000000000000000e+03 2.612100000000000012e-03
3.870000000000000000e+03 2.833800000000000034e-03
3.865000000000000000e+03 3.101999999999999723e-03
3.860000000000000000e+03 3.481799999999999739e-03
3.855000000000000000e+03 3.859800000000000036e-03
3.850000000000000000e+03 4.099900000000000072e-03
3.845000000000000000e+03 4.126900000000000186e-03
3.840000000000000000e+03 4.425300000000000067e-03
3.835000000000000000e+03 4.416200000000000334e-03
3.830000000000000000e+03 4.228700000000000167e-03
3.825000000000000000e+03 4.363099999999999964e-03
3.820000000000000000e+03 4.322799999999999906e-03
3.815000000000000000e+03 4.252200000000000250e-03
3.810000000000000000e+03 4.449899999999999689e-03
3.805000000000000000e+03 4.373799999999999737e-03
3.800000000000000000e+03 4.519200000000000127e-03
3.795000000000000000e+03 4.501400000000000019e-03
3.790000000000000000e+03 4.707399999999999606e-03
3.785000000000000000e+03 4.827200000000000241e-03
3.780000000000000000e+03 5.101200000000000179e-03
3.775000000000000000e+03 4.958899999999999593e-03
3.770000000000000000e+03 5.178399999999999670e-03
3.765000000000000000e+03 4.875399999999999352e-03
3.760000000000000000e+03 4.855499999999999573e-03
3.755000000000000000e+03 4.921000000000000027e-03
3.750000000000000000e+03 4.643200000000000105e-03
3.745000000000000000e+03 4.381499999999999978e-03
3.740000000000000000e+03 3.929400000000000427e-03
3.735000000000000000e+03 3.660499999999999692e-03
3.730000000000000000e+03 3.374799999999999849e-03
3.725000000000000000e+03 3.170299999999999594e-03
3.720000000000000000e+03 2.962799999999999809e-03
3.715000000000000000e+03 2.967800000000000039e-03
3.710000000000000000e+03 2.673000000000000029e-03
3.705000000000000000e+03 2.768399999999999854e-03
3.700000000000000000e+03 2.516399999999999800e-03
3.695000000000000000e+03 2.274299999999999933e-03
3.690000000000000000e+03 2.320899999999999873e-03
3.685000000000000000e+03 2.309999999999999987e-03
3.680000000000000000e+03 2.143500000000000006e-03
3.675000000000000000e+03 2.226799999999999700e-03
3.670000000000000000e+03 2.132600000000000121e-03
3.665000000000000000e+03 2.324700000000000290e-03
3.660000000000000000e+03 2.514100000000000015e-03
3.655000000000000000e+03 2.255099999999999900e-03
3.650000000000000000e+03 2.383200000000000249e-03
3.645000000000000000e+03 2.560400000000000002e-03
3.640000000000000000e+03 2.603599999999999751e-03
3.635000000000000000e+03 2.849099999999999810e-03
3.630000000000000000e+03 2.968199999999999832e-03
3.625000000000000000e+03 3.333900000000000318e-03
3.620000000000000000e+03 3.365899999999999795e-03
3.615000000000000000e+03 3.900000000000000255e-03
3.610000000000000000e+03 4.245999999999999774e-03
3.605000000000000000e+03 4.433099999999999714e-03
3.600000000000000000e+03 4.867800000000000252e-03
3.595000000000000000e+03 4.847800000000000199e-03
3.590000000000000000e+03 4.440500000000000003e-03
3.585000000000000000e+03 4.870499999999999829e-03
3.580000000000000000e+03 4.404599999999999835e-03
3.575000000000000000e+03 4.023399999999999893e-03
3.570000000000000000e+03 4.098700000000000260e-03
3.565000000000000000e+03 3.383800000000000176e-03
3.560000000000000000e+03 3.358700000000000054e-03
3.555000000000000000e+03 3.834199999999999848e-03
3.550000000000000000e+03 3.835799999999999887e-03
3.545000000000000000e+03 3.758000000000000056e-03
3.540000000000000000e+03 3.392899999999999909e-03
3.535000000000000000e+03 3.426100000000000066e-03
3.530000000000000000e+03 3.705999999999999659e-03
3.525000000000000000e+03 3.448399999999999903e-03
3.520000000000000000e+03 3.507700000000000314e-03
3.515000000000000000e+03 2.723100000000000000e-03
3.510000000000000000e+03 2.947500000000000033e-03
3.505000000000000000e+03 2.151899999999999993e-03
3.500000000000000000e+03 2.383200000000000249e-03
3.495000000000000000e+03 1.889999999999999970e-03
3.490000000000000000e+03 2.192299999999999891e-03
3.485000000000000000e+03 1.512999999999999805e-03
3.480000000000000000e+03 9.985000000000000386e-04
3.475000000000000000e+03 1.542699999999999931e-03
3.470000000000000000e+03 1.216599999999999973e-03
3.465000000000000000e+03 1.464199999999999920e-03
3.460000000000000000e+03 1.581399999999999950e-03
3.455000000000000000e+03 1.771800000000000024e-03
3.450000000000000000e+03 2.015799999999999884e-03
3.445000000000000000e+03 2.038499999999999947e-03
3.440000000000000000e+03 1.854000000000000179e-03
3.435000000000000000e+03 2.439399999999999989e-03
3.430000000000000000e+03 2.261599999999999895e-03
3.425000000000000000e+03 1.908499999999999823e-03
3.420000000000000000e+03 2.025499999999999957e-03
3.415000000000000000e+03 1.976700000000000072e-03
3.410000000000000000e+03 2.119600000000000130e-03
3.405000000000000000e+03 1.749999999999999820e-03
3.400000000000000000e+03 2.292699999999999946e-03
3.395000000000000000e+03 1.978800000000000177e-03
3.390000000000000000e+03 1.751399999999999962e-03
3.385000000000000000e+03 -7.260000000000000286e-05
3.380000000000000000e+03 1.903600000000000084e-03
3.375000000000000000e+03 2.761399999999999792e-03
3.370000000000000000e+03 2.651000000000000145e-03
3.365000000000000000e+03 4.243300000000000197e-03
3.360000000000000000e+03 8.144999999999999029e-04
3.355000000000000000e+03 7.632999999999999594e-04
3.350000000000000000e+03 3.115800000000000167e-03
3.345000000000000000e+03 2.932000000000000144e-03
3.340000000000000000e+03 1.924099999999999986e-03
3.335000000000000000e+03 2.478200000000000281e-03
3.330000000000000000e+03 4.021799999999999854e-03
3.325000000000000000e+03 3.542500000000000076e-03
3.320000000000000000e+03 3.563100000000000035e-03
3.315000000000000000e+03 3.883599999999999639e-03
3.310000000000000000e+03 2.675000000000000294e-03
3.305000000000000000e+03 3.420199999999999976e-03
3.300000000000000000e+03 1.862799999999999959e-03
3.295000000000000000e+03 6.237599999999999395e-03
3.290000000000000000e+03 3.277200000000000078e-03
3.285000000000000000e+03 4.053700000000000359e-03
3.280000000000000000e+03 3.385500000000000054e-03
3.275000000000000000e+03 2.491500000000000225e-03
3.270000000000000000e+03 1.325800000000000025e-03
3.265000000000000000e+03 2.632900000000000084e-03
3.260000000000000000e+03 2.347099999999999968e-03
3.255000000000000000e+03 3.682299999999999896e-03
3.250000000000000000e+03 3.255000000000000081e-03
3.245000000000000000e+03 2.380600000000000077e-03
3.240000000000000000e+03 3.119299999999999764e-03
3.235000000000000000e+03 3.418399999999999824e-03
3.230000000000000000e+03 2.510899999999999938e-03
3.225000000000000000e+03 2.635000000000000081e-04
3.220000000000000000e+03 1.162500000000000122e-03
3.215000000000000000e+03 -9.686999999999999647e-04
3.210000000000000000e+03 7.525999999999999704e-04
3.205000000000000000e+03 3.570100000000000096e-03
3.200000000000000000e+03 9.445999999999999753e-04
3.195000000000000000e+03 2.523199999999999749e-03
3.190000000000000000e+03 -7.387000000000000120e-04
3.185000000000000000e+03 -1.774300000000000139e-03
3.180000000000000000e+03 2.747299999999999829e-03
3.175000000000000000e+03 2.486200000000000042e-03
3.170000000000000000e+03 3.577099999999999724e-03
3.165000000000000000e+03 4.932000000000000620e-03
3.160000000000000000e+03 5.197000000000000230e-03
3.155000000000000000e+03 1.626300000000000011e-03
3.150000000000000000e+03 2.179599999999999854e-03
3.145000000000000000e+03 2.624500000000000097e-03
3.140000000000000000e+03 3.614899999999999884e-03
3.135000000000000000e+03 4.446399999999999658e-03
3.130000000000000000e+03 5.210999999999999270e-04
3.125000000000000000e+03 1.919099999999999973e-03
3.120000000000000000e+03 3.049500000000000127e-03
3.115000000000000000e+03 9.561999999999999320e-04
3.110000000000000000e+03 -2.795900000000000035e-03
3.105000000000000000e+03 1.785499999999999761e-03
3.100000000000000000e+03 2.763199999999999944e-03
3.095000000000000000e+03 1.791300000000000010e-03
3.090000000000000000e+03 4.166000000000000432e-04
3.085000000000000000e+03 7.267999999999999938e-04
3.080000000000000000e+03 -1.618000000000000081e-03
3.075000000000000000e+03 -6.243999999999999984e-04
3.070000000000000000e+03 2.022200000000000039e-03
3.065000000000000000e+03 9.489000000000000256e-04
3.060000000000000000e+03 8.541999999999999463e-04
3.055000000000000000e+03 2.916099999999999595e-03
3.050000000000000000e+03 1.947899999999999805e-03
3.045000000000000000e+03 2.917100000000000162e-03
3.040000000000000000e+03 1.819199999999999984e-03
3.035000000000000000e+03 -3.106000000000000145e-04
3.030000000000000000e+03 -3.375999999999999661e-04
3.025000000000000000e+03 2.922699999999999864e-03
3.020000000000000000e+03 1.317699999999999991e-03
3.015000000000000000e+03 -1.029900000000000043e-03
3.010000000000000000e+03 2.573399999999999993e-03
3.005000000000000000e+03 -1.517300000000000072e-03
3.000000000000000000e+03 -1.871300000000000003e-03
