6.000000000000000000e+03 1.808090000000000044e-02
5.995000000000000000e+03 1.868809999999999916e-02
5.990000000000000000e+03 1.947880000000000097e-02
5.985000000000000000e+03 2.018779999999999880e-02
5.980000000000000000e+03 2.107079999999999717e-02
5.975000000000000000e+03 2.175359999999999794e-02
5.970000000000000000e+03 2.264479999999999965e-02
5.965000000000000000e+03 2.333070000000000283e-02
5.960000000000000000e+03 2.399230000000000113e-02
5.955000000000000000e+03 2.456279999999999922e-02
5.950000000000000000e+03 2.515720000000000109e-02
5.945000000000000000e+03 2.532309999999999769e-02
5.940000000000000000e+03 2.566680000000000003e-02
5.935000000000000000e+03 2.550159999999999927e-02
5.930000000000000000e+03 2.532179999999999848e-02
5.925000000000000000e+03 2.535250000000000004e-02
5.920000000000000000e+03 2.504370000000000207e-02
5.915000000000000000e+03 2.467799999999999855e-02
5.910000000000000000e+03 2.423739999999999922e-02
5.905000000000000000e+03 2.363579999999999848e-02
5.900000000000000000e+03 2.305880000000000082e-02
5.895000000000000000e+03 2.249649999999999914e-02
5.890000000000000000e+03 2.202980000000000216e-02
5.885000000000000000e+03 2.131330000000000030e-02
5.880000000000000000e+03 2.064809999999999909e-02
5.875000000000000000e+03 2.011089999999999753e-02
5.870000000000000000e+03 1.969419999999999851e-02
5.865000000000000000e+03 1.923439999999999872e-02
5.860000000000000000e+03 1.880129999999999996e-02
5.855000000000000000e+03 1.859159999999999979e-02
5.850000000000000000e+03 1.832009999999999889e-02
5.845000000000000000e+03 1.829319999999999904e-02
5.840000000000000000e+03 1.828149999999999914e-02
5.835000000000000000e+03 1.824409999999999921e-02
5.830000000000000000e+03 1.852149999999999977e-02
5.825000000000000000e+03 1.884229999999999933e-02
5.820000000000000000e+03 1.913259999999999961e-02
5.815000000000000000e+03 1.951899999999999816e-02
5.810000000000000000e+03 1.991679999999999839e-02
5.805000000000000000e+03 2.043880000000000002e-02
5.800000000000000000e+03 2.116859999999999922e-02
5.795000000000000000e+03 2.175609999999999697e-02
5.790000000000000000e+03 2.217010000000000161e-02
5.785000000000000000e+03 2.291069999999999912e-02
5.780000000000000000e+03 2.337240000000000151e-02
5.775000000000000000e+03 2.392539999999999945e-02
5.770000000000000000e+03 2.455109999999999931e-02
5.765000000000000000e+03 2.509290000000000131e-02
5.760000000000000000e+03 2.540189999999999809e-02
5.755000000000000000e+03 2.573040000000000049e-02
5.750000000000000000e+03 2.604359999999999661e-02
5.745000000000000000e+03 2.617550000000000085e-02
5.740000000000000000e+03 2.642790000000000070e-02
5.735000000000000000e+03 2.643169999999999895e-02
5.730000000000000000e+03 2.633309999999999818e-02
5.725000000000000000e+03 2.604280000000000136e-02
5.720000000000000000e+03 2.604769999999999655e-02
5.715000000000000000e+03 2.558430000000000079e-02
5.710000000000000000e+03 2.523899999999999755e-02
5.705000000000000000e+03 2.460160000000000124e-02
5.700000000000000000e+03 2.412659999999999805e-02
5.695000000000000000e+03 2.367939999999999975e-02
5.690000000000000000e+03 2.309459999999999985e-02
5.685000000000000000e+03 2.217459999999999917e-02
5.680000000000000000e+03 2.150849999999999984e-02
5.675000000000000000e+03 2.078649999999999942e-02
5.670000000000000000e+03 1.997010000000000104e-02
5.665000000000000000e+03 1.938480000000000064e-02
5.660000000000000000e+03 1.848090000000000149e-02
5.655000000000000000e+03 1.784029999999999991e-02
5.650000000000000000e+03 1.717559999999999920e-02
5.645000000000000000e+03 1.656919999999999921e-02
5.640000000000000000e+03 1.597449999999999912e-02
5.635000000000000000e+03 1.543500000000000080e-02
5.630000000000000000e+03 1.477680000000000139e-02
5.625000000000000000e+03 1.440770000000000071e-02
5.620000000000000000e+03 1.404090000000000026e-02
5.615000000000000000e+03 1.379760000000000014e-02
5.610000000000000000e+03 1.345909999999999988e-02
5.605000000000000000e+03 1.335590000000000041e-02
5.600000000000000000e+03 1.308600000000000041e-02
5.595000000000000000e+03 1.315039999999999959e-02
5.590000000000000000e+03 1.302170000000000064e-02
5.585000000000000000e+03 1.324070000000000108e-02
5.580000000000000000e+03 1.318349999999999904e-02
5.575000000000000000e+03 1.343680000000000048e-02
5.570000000000000000e+03 1.349969999999999816e-02
5.565000000000000000e+03 1.374700000000000054e-02
5.560000000000000000e+03 1.386649999999999862e-02
5.555000000000000000e+03 1.406899999999999991e-02
5.550000000000000000e+03 1.410879999999999947e-02
5.545000000000000000e+03 1.424950000000000001e-02
5.540000000000000000e+03 1.439939999999999970e-02
5.535000000000000000e+03 1.463419999999999999e-02
5.530000000000000000e+03 1.473419999999999938e-02
5.525000000000000000e+03 1.484590000000000042e-02
5.520000000000000000e+03 1.487540000000000043e-02
5.515000000000000000e+03 1.482310000000000051e-02
5.510000000000000000e+03 1.485999999999999995e-02
5.505000000000000000e+03 1.481859999999999948e-02
5.500000000000000000e+03 1.477889999999999933e-02
5.495000000000000000e+03 1.459459999999999924e-02
5.490000000000000000e+03 1.449580000000000139e-02
5.485000000000000000e+03 1.453249999999999854e-02
5.480000000000000000e+03 1.411079999999999973e-02
5.475000000000000000e+03 1.396449999999999948e-02
5.470000000000000000e+03 1.388009999999999938e-02
5.465000000000000000e+03 1.367590000000000125e-02
5.460000000000000000e+03 1.352549999999999933e-02
5.455000000000000000e+03 1.345209999999999982e-02
5.450000000000000000e+03 1.308750000000000017e-02
5.445000000000000000e+03 1.291879999999999938e-02
5.440000000000000000e+03 1.287099999999999876e-02
5.435000000000000000e+03 1.277439999999999826e-02
5.430000000000000000e+03 1.266210000000000079e-02
5.425000000000000000e+03 1.252320000000000169e-02
5.420000000000000000e+03 1.240830000000000058e-02
5.415000000000000000e+03 1.241279999999999988e-02
5.410000000000000000e+03 1.252840000000000030e-02
5.405000000000000000e+03 1.233150000000000045e-02
5.400000000000000000e+03 1.235930000000000015e-02
5.395000000000000000e+03 1.247380000000000017e-02
5.390000000000000000e+03 1.236510000000000040e-02
5.385000000000000000e+03 1.235009999999999927e-02
5.380000000000000000e+03 1.255100000000000139e-02
5.375000000000000000e+03 1.252260000000000005e-02
5.370000000000000000e+03 1.256690000000000064e-02
5.365000000000000000e+03 1.278639999999999985e-02
5.360000000000000000e+03 1.268590000000000169e-02
5.355000000000000000e+03 1.279250000000000005e-02
5.350000000000000000e+03 1.281770000000000131e-02
5.345000000000000000e+03 1.281300000000000147e-02
5.340000000000000000e+03 1.279130000000000024e-02
5.335000000000000000e+03 1.281060000000000011e-02
5.330000000000000000e+03 1.272340000000000103e-02
5.325000000000000000e+03 1.271959999999999931e-02
5.320000000000000000e+03 1.263970000000000024e-02
5.315000000000000000e+03 1.273999999999999959e-02
5.310000000000000000e+03 1.272979999999999945e-02
5.305000000000000000e+03 1.275800000000000024e-02
5.300000000000000000e+03 1.285160000000000122e-02
5.295000000000000000e+03 1.270820000000000109e-02
5.290000000000000000e+03 1.282010000000000094e-02
5.285000000000000000e+03 1.272039999999999976e-02
5.280000000000000000e+03 1.294920000000000099e-02
5.275000000000000000e+03 1.279379999999999927e-02
5.270000000000000000e+03 1.279600000000000008e-02
5.265000000000000000e+03 1.287439999999999939e-02
5.260000000000000000e+03 1.301360000000000017e-02
5.255000000000000000e+03 1.320349999999999996e-02
5.250000000000000000e+03 1.325909999999999936e-02
5.245000000000000000e+03 1.338789999999999945e-02
5.240000000000000000e+03 1.365210000000000035e-02
5.235000000000000000e+03 1.380949999999999886e-02
5.230000000000000000e+03 1.394759999999999923e-02
5.225000000000000000e+03 1.407800000000000024e-02
5.220000000000000000e+03 1.426900000000000043e-02
5.215000000000000000e+03 1.452580000000000017e-02
5.210000000000000000e+03 1.472120000000000026e-02
5.205000000000000000e+03 1.476520000000000089e-02
5.200000000000000000e+03 1.491589999999999930e-02
5.195000000000000000e+03 1.490350000000000008e-02
5.190000000000000000e+03 1.493509999999999976e-02
5.185000000000000000e+03 1.503870000000000033e-02
5.180000000000000000e+03 1.514620000000000029e-02
5.175000000000000000e+03 1.506300000000000000e-02
5.170000000000000000e+03 1.512609999999999996e-02
5.165000000000000000e+03 1.504720000000000016e-02
5.160000000000000000e+03 1.509220000000000006e-02
5.155000000000000000e+03 1.508739999999999908e-02
5.150000000000000000e+03 1.491619999999999925e-02
5.145000000000000000e+03 1.494060000000000006e-02
5.140000000000000000e+03 1.486269999999999952e-02
5.135000000000000000e+03 1.493419999999999991e-02
5.130000000000000000e+03 1.501090000000000063e-02
5.125000000000000000e+03 1.506440000000000036e-02
5.120000000000000000e+03 1.519210000000000005e-02
5.115000000000000000e+03 1.512720000000000037e-02
5.110000000000000000e+03 1.532780000000000080e-02
5.105000000000000000e+03 1.563710000000000100e-02
5.100000000000000000e+03 1.579739999999999964e-02
5.095000000000000000e+03 1.634489999999999901e-02
5.090000000000000000e+03 1.655270000000000005e-02
5.085000000000000000e+03 1.690180000000000154e-02
5.080000000000000000e+03 1.749030000000000029e-02
5.075000000000000000e+03 1.782749999999999960e-02
5.070000000000000000e+03 1.836669999999999969e-02
5.065000000000000000e+03 1.869070000000000106e-02
5.060000000000000000e+03 1.916040000000000104e-02
5.055000000000000000e+03 1.945170000000000232e-02
5.050000000000000000e+03 1.978120000000000225e-02
5.045000000000000000e+03 2.031789999999999985e-02
5.040000000000000000e+03 2.047530000000000183e-02
5.035000000000000000e+03 2.059300000000000019e-02
5.030000000000000000e+03 2.067750000000000143e-02
5.025000000000000000e+03 2.088809999999999972e-02
5.020000000000000000e+03 2.086239999999999969e-02
5.015000000000000000e+03 2.068550000000000250e-02
5.010000000000000000e+03 2.041319999999999940e-02
5.005000000000000000e+03 2.006279999999999869e-02
5.000000000000000000e+03 1.971960000000000032e-02
4.995000000000000000e+03 1.931830000000000006e-02
4.990000000000000000e+03 1.876660000000000134e-02
4.985000000000000000e+03 1.828680000000000236e-02
4.980000000000000000e+03 1.768580000000000152e-02
4.975000000000000000e+03 1.721819999999999948e-02
4.970000000000000000e+03 1.651669999999999874e-02
4.965000000000000000e+03 1.590160000000000184e-02
4.960000000000000000e+03 1.543430000000000149e-02
4.955000000000000000e+03 1.492119999999999905e-02
4.950000000000000000e+03 1.458129999999999843e-02
4.945000000000000000e+03 1.425560000000000022e-02
4.940000000000000000e+03 1.410959999999999992e-02
4.935000000000000000e+03 1.391739999999999991e-02
4.930000000000000000e+03 1.398959999999999960e-02
4.925000000000000000e+03 1.419190000000000035e-02
4.920000000000000000e+03 1.449389999999999880e-02
4.915000000000000000e+03 1.506690000000000113e-02
4.910000000000000000e+03 1.539539999999999832e-02
4.905000000000000000e+03 1.607029999999999917e-02
4.900000000000000000e+03 1.688649999999999873e-02
4.895000000000000000e+03 1.735100000000000184e-02
4.890000000000000000e+03 1.824090000000000086e-02
4.885000000000000000e+03 1.915530000000000010e-02
4.880000000000000000e+03 1.975729999999999847e-02
4.875000000000000000e+03 2.063730000000000078e-02
4.870000000000000000e+03 2.132709999999999814e-02
4.865000000000000000e+03 2.196390000000000148e-02
4.860000000000000000e+03 2.245799999999999880e-02
4.855000000000000000e+03 2.307000000000000023e-02
4.850000000000000000e+03 2.342690000000000050e-02
4.845000000000000000e+03 2.379599999999999771e-02
4.840000000000000000e+03 2.397520000000000207e-02
4.835000000000000000e+03 2.410219999999999724e-02
4.830000000000000000e+03 2.414470000000000158e-02
4.825000000000000000e+03 2.395339999999999969e-02
4.820000000000000000e+03 2.407230000000000134e-02
4.815000000000000000e+03 2.379020000000000093e-02
4.810000000000000000e+03 2.377980000000000024e-02
4.805000000000000000e+03 2.362119999999999845e-02
4.800000000000000000e+03 2.334909999999999763e-02
4.795000000000000000e+03 2.323899999999999924e-02
4.790000000000000000e+03 2.322700000000000112e-02
4.785000000000000000e+03 2.323329999999999840e-02
4.780000000000000000e+03 2.339139999999999969e-02
4.775000000000000000e+03 2.346750000000000225e-02
4.770000000000000000e+03 2.358760000000000023e-02
4.765000000000000000e+03 2.406960000000000349e-02
4.760000000000000000e+03 2.446459999999999954e-02
4.755000000000000000e+03 2.479260000000000144e-02
4.750000000000000000e+03 2.506689999999999960e-02
4.745000000000000000e+03 2.582269999999999704e-02
4.740000000000000000e+03 2.598100000000000062e-02
4.735000000000000000e+03 2.640800000000000092e-02
4.730000000000000000e+03 2.678659999999999722e-02
4.725000000000000000e+03 2.690459999999999727e-02
4.720000000000000000e+03 2.714139999999999955e-02
4.715000000000000000e+03 2.687379999999999977e-02
4.710000000000000000e+03 2.665529999999999983e-02
4.705000000000000000e+03 2.644109999999999863e-02
4.700000000000000000e+03 2.587770000000000001e-02
4.695000000000000000e+03 2.505310000000000176e-02
4.690000000000000000e+03 2.452719999999999900e-02
4.685000000000000000e+03 2.365540000000000351e-02
4.680000000000000000e+03 2.275850000000000095e-02
4.675000000000000000e+03 2.137259999999999854e-02
4.670000000000000000e+03 2.031759999999999816e-02
4.665000000000000000e+03 1.908620000000000108e-02
4.660000000000000000e+03 1.817459999999999909e-02
4.655000000000000000e+03 1.683459999999999818e-02
4.650000000000000000e+03 1.584769999999999929e-02
4.645000000000000000e+03 1.487899999999999986e-02
4.640000000000000000e+03 1.405860000000000096e-02
4.635000000000000000e+03 1.352789999999999895e-02
4.630000000000000000e+03 1.283500000000000092e-02
4.625000000000000000e+03 1.261490000000000007e-02
4.620000000000000000e+03 1.206750000000000010e-02
4.615000000000000000e+03 1.218869999999999849e-02
4.610000000000000000e+03 1.224719999999999975e-02
4.605000000000000000e+03 1.238429999999999913e-02
4.600000000000000000e+03 1.263579999999999912e-02
4.595000000000000000e+03 1.301800000000000006e-02
4.590000000000000000e+03 1.366610000000000047e-02
4.585000000000000000e+03 1.423519999999999820e-02
4.580000000000000000e+03 1.468730000000000036e-02
4.575000000000000000e+03 1.520110000000000038e-02
4.570000000000000000e+03 1.555789999999999951e-02
4.565000000000000000e+03 1.609719999999999901e-02
4.560000000000000000e+03 1.658820000000000086e-02
4.555000000000000000e+03 1.687929999999999986e-02
4.550000000000000000e+03 1.719610000000000236e-02
4.545000000000000000e+03 1.783960000000000060e-02
4.540000000000000000e+03 1.823059999999999958e-02
4.535000000000000000e+03 1.850240000000000218e-02
4.530000000000000000e+03 1.908379999999999799e-02
4.525000000000000000e+03 1.938059999999999783e-02
4.520000000000000000e+03 1.993750000000000036e-02
4.515000000000000000e+03 2.046139999999999765e-02
4.510000000000000000e+03 2.122809999999999975e-02
4.505000000000000000e+03 2.186760000000000093e-02
4.500000000000000000e+03 2.267270000000000049e-02
4.495000000000000000e+03 2.311399999999999913e-02
4.490000000000000000e+03 2.378339999999999968e-02
4.485000000000000000e+03 2.448519999999999863e-02
4.480000000000000000e+03 2.509459999999999816e-02
4.475000000000000000e+03 2.543720000000000009e-02
4.470000000000000000e+03 2.576610000000000011e-02
4.465000000000000000e+03 2.570779999999999940e-02
4.460000000000000000e+03 2.576739999999999933e-02
4.455000000000000000e+03 2.577440000000000286e-02
4.450000000000000000e+03 2.503939999999999985e-02
4.445000000000000000e+03 2.460470000000000018e-02
4.440000000000000000e+03 2.374509999999999815e-02
4.435000000000000000e+03 2.304710000000000092e-02
4.430000000000000000e+03 2.196180000000000007e-02
4.425000000000000000e+03 2.089939999999999853e-02
4.420000000000000000e+03 1.964489999999999986e-02
4.415000000000000000e+03 1.877769999999999787e-02
4.410000000000000000e+03 1.771939999999999973e-02
4.405000000000000000e+03 1.669930000000000025e-02
4.400000000000000000e+03 1.576500000000000123e-02
4.395000000000000000e+03 1.521899999999999989e-02
4.390000000000000000e+03 1.442039999999999988e-02
4.385000000000000000e+03 1.447689999999999914e-02
4.380000000000000000e+03 1.421709999999999988e-02
4.375000000000000000e+03 1.453699999999999957e-02
4.370000000000000000e+03 1.447480000000000121e-02
4.365000000000000000e+03 1.500070000000000049e-02
4.360000000000000000e+03 1.553509999999999960e-02
4.355000000000000000e+03 1.620850000000000068e-02
4.350000000000000000e+03 1.670819999999999944e-02
4.345000000000000000e+03 1.725420000000000079e-02
4.340000000000000000e+03 1.788119999999999987e-02
4.335000000000000000e+03 1.796760000000000024e-02
4.330000000000000000e+03 1.798370000000000177e-02
4.325000000000000000e+03 1.857469999999999954e-02
4.320000000000000000e+03 1.855990000000000070e-02
4.315000000000000000e+03 1.858699999999999936e-02
4.310000000000000000e+03 1.871509999999999840e-02
4.305000000000000000e+03 1.842000000000000234e-02
4.300000000000000000e+03 1.811890000000000028e-02
4.295000000000000000e+03 1.759650000000000103e-02
4.290000000000000000e+03 1.737090000000000162e-02
4.285000000000000000e+03 1.703630000000000075e-02
4.280000000000000000e+03 1.684739999999999849e-02
4.275000000000000000e+03 1.667779999999999957e-02
4.270000000000000000e+03 1.615480000000000041e-02
4.265000000000000000e+03 1.573639999999999761e-02
4.260000000000000000e+03 1.540780000000000101e-02
4.255000000000000000e+03 1.535629999999999981e-02
4.250000000000000000e+03 1.508810000000000012e-02
4.245000000000000000e+03 1.494000000000000015e-02
4.240000000000000000e+03 1.444860000000000068e-02
4.235000000000000000e+03 1.435179999999999963e-02
4.230000000000000000e+03 1.387240000000000001e-02
4.225000000000000000e+03 1.375320000000000015e-02
4.220000000000000000e+03 1.395580000000000084e-02
4.215000000000000000e+03 1.381389999999999875e-02
4.210000000000000000e+03 1.376660000000000036e-02
4.205000000000000000e+03 1.431079999999999852e-02
4.200000000000000000e+03 1.478280000000000045e-02
4.195000000000000000e+03 1.541719999999999896e-02
4.190000000000000000e+03 1.620040000000000022e-02
4.185000000000000000e+03 1.661859999999999726e-02
4.180000000000000000e+03 1.717510000000000217e-02
4.175000000000000000e+03 1.789369999999999850e-02
4.170000000000000000e+03 1.859039999999999998e-02
4.165000000000000000e+03 1.847249999999999934e-02
4.160000000000000000e+03 1.894539999999999766e-02
4.155000000000000000e+03 1.926309999999999828e-02
4.150000000000000000e+03 1.878290000000000168e-02
4.145000000000000000e+03 1.870929999999999815e-02
4.140000000000000000e+03 1.808349999999999888e-02
4.135000000000000000e+03 1.764289999999999956e-02
4.130000000000000000e+03 1.747939999999999910e-02
4.125000000000000000e+03 1.670309999999999850e-02
4.120000000000000000e+03 1.655509999999999968e-02
4.115000000000000000e+03 1.554009999999999940e-02
4.110000000000000000e+03 1.546859999999999902e-02
4.105000000000000000e+03 1.522639999999999931e-02
4.100000000000000000e+03 1.474400000000000016e-02
4.095000000000000000e+03 1.439170000000000033e-02
4.090000000000000000e+03 1.435610000000000011e-02
4.085000000000000000e+03 1.463039999999999827e-02
4.080000000000000000e+03 1.496220000000000189e-02
4.075000000000000000e+03 1.556030000000000087e-02
4.070000000000000000e+03 1.587869999999999907e-02
4.065000000000000000e+03 1.666940000000000088e-02
4.060000000000000000e+03 1.811029999999999932e-02
4.055000000000000000e+03 1.930650000000000074e-02
4.050000000000000000e+03 2.101070000000000021e-02
4.045000000000000000e+03 2.162419999999999967e-02
4.040000000000000000e+03 2.376289999999999999e-02
4.035000000000000000e+03 2.533439999999999998e-02
4.030000000000000000e+03 2.747619999999999924e-02
4.025000000000000000e+03 3.085469999999999879e-02
4.020000000000000000e+03 3.527820000000000261e-02
4.015000000000000000e+03 4.408080000000000331e-02
4.010000000000000000e+03 5.910720000000000557e-02
4.005000000000000000e+03 8.144909999999999650e-02
4.000000000000000000e+03 1.135150999999999938e-01
3.995000000000000000e+03 1.543374000000000135e-01
3.990000000000000000e+03 2.042447000000000012e-01
3.985000000000000000e+03 2.572672999999999766e-01
3.980000000000000000e+03 3.154642000000000279e-01
3.975000000000000000e+03 3.658221000000000389e-01
3.970000000000000000e+03 4.140376000000000056e-01
3.965000000000000000e+03 4.562643000000000115e-01
3.960000000000000000e+03 4.954443000000000041e-01
3.955000000000000000e+03 5.342662000000000244e-01
3.950000000000000000e+03 5.764437999999999507e-01
3.945000000000000000e+03 6.213052999999999493e-01
3.940000000000000000e+03 6.699344000000000410e-01
3.935000000000000000e+03 7.208063000000000109e-01
3.930000000000000000e+03 7.712078999999999462e-01
3.925000000000000000e+03 8.158259999999999401e-01
3.920000000000000000e+03 8.551587999999999967e-01
3.915000000000000000e+03 8.861966999999999484e-01
3.910000000000000000e+03 9.108414000000000232e-01
3.905000000000000000e+03 9.287108000000000585e-01
3.900000000000000000e+03 9.425893000000000743e-01
3.895000000000000000e+03 9.522790999999999340e-01
3.890000000000000000e+03 9.602872999999999548e-01
3.885000000000000000e+03 9.653888999999999943e-01
3.880000000000000000e+03 9.701134999999999620e-01
3.875000000000000000e+03 9.732201000000000324e-01
3.870000000000000000e+03 9.763948999999999545e-01
3.865000000000000000e+03 9.778563999999999590e-01
3.860000000000000000e+03 9.804421000000000941e-01
3.855000000000000000e+03 9.819946000000000508e-01
3.850000000000000000e+03 9.838209999999999456e-01
3.845000000000000000e+03 9.853534999999999933e-01
3.840000000000000000e+03 9.866182999999999481e-01
3.835000000000000000e+03 9.876752000000000864e-01
3.830000000000000000e+03 9.887910999999999229e-01
3.825000000000000000e+03 9.898485999999999674e-01
3.820000000000000000e+03 9.908331999999999695e-01
3.815000000000000000e+03 9.915918999999999706e-01
3.810000000000000000e+03 9.916587000000000041e-01
3.805000000000000000e+03 9.925178999999999530e-01
3.800000000000000000e+03 9.925432000000000698e-01
3.795000000000000000e+03 9.934166999999999303e-01
3.790000000000000000e+03 9.931180999999998926e-01
3.785000000000000000e+03 9.934470000000000800e-01
3.780000000000000000e+03 9.936844000000000232e-01
3.775000000000000000e+03 9.936532999999999616e-01
3.770000000000000000e+03 9.927684999999999427e-01
3.765000000000000000e+03 9.933475999999999972e-01
3.760000000000000000e+03 9.939199999999999147e-01
3.755000000000000000e+03 9.934939999999999882e-01
3.750000000000000000e+03 9.934522000000000075e-01
3.745000000000000000e+03 9.935081999999999525e-01
3.740000000000000000e+03 9.930723000000000189e-01
3.735000000000000000e+03 9.942270999999999193e-01
3.730000000000000000e+03 9.936509000000000036e-01
3.725000000000000000e+03 9.936764999999999626e-01
3.720000000000000000e+03 9.944182999999999772e-01
3.715000000000000000e+03 9.945163999999999671e-01
3.710000000000000000e+03 9.930213999999999430e-01
3.705000000000000000e+03 9.936597000000000346e-01
3.700000000000000000e+03 9.936707000000000178e-01
3.695000000000000000e+03 9.934264000000000427e-01
3.690000000000000000e+03 9.941339999999999621e-01
3.685000000000000000e+03 9.928510999999999864e-01
3.680000000000000000e+03 9.932735999999999787e-01
3.675000000000000000e+03 9.928239999999999288e-01
3.670000000000000000e+03 9.925875000000000670e-01
3.665000000000000000e+03 9.935049999999999715e-01
3.660000000000000000e+03 9.925333999999998991e-01
3.655000000000000000e+03 9.917133999999999672e-01
3.650000000000000000e+03 9.905209999999999848e-01
3.645000000000000000e+03 9.893916000000000377e-01
3.640000000000000000e+03 9.893205000000000471e-01
3.635000000000000000e+03 9.882958000000000576e-01
3.630000000000000000e+03 9.869151999999999925e-01
3.625000000000000000e+03 9.869849000000000538e-01
3.620000000000000000e+03 9.866401999999999672e-01
3.615000000000000000e+03 9.880441000000000917e-01
3.610000000000000000e+03 9.881020999999999832e-01
3.605000000000000000e+03 9.892368000000000272e-01
3.600000000000000000e+03 9.888039000000000689e-01
3.595000000000000000e+03 9.924421999999999411e-01
3.590000000000000000e+03 9.927545000000000952e-01
3.585000000000000000e+03 9.930579000000000489e-01
3.580000000000000000e+03 9.928401000000000032e-01
3.575000000000000000e+03 9.934292999999999596e-01
3.570000000000000000e+03 9.928857000000000932e-01
3.565000000000000000e+03 9.921891999999999934e-01
3.560000000000000000e+03 9.917087999999999459e-01
3.555000000000000000e+03 9.909319000000000877e-01
3.550000000000000000e+03 9.910921999999999787e-01
3.545000000000000000e+03 9.899939999999999296e-01
3.540000000000000000e+03 9.909766000000000963e-01
3.535000000000000000e+03 9.899850000000001149e-01
3.530000000000000000e+03 9.903684999999999850e-01
3.525000000000000000e+03 9.911468999999999419e-01
3.520000000000000000e+03 9.908371999999999735e-01
3.515000000000000000e+03 9.907329000000000274e-01
3.510000000000000000e+03 9.912109000000000059e-01
3.505000000000000000e+03 9.921562999999999910e-01
3.500000000000000000e+03 9.915268000000000415e-01
3.495000000000000000e+03 9.906533000000000699e-01
3.490000000000000000e+03 9.909842000000000928e-01
3.485000000000000000e+03 9.895817000000000085e-01
3.480000000000000000e+03 9.887597999999999665e-01
3.475000000000000000e+03 9.898454999999999337e-01
3.470000000000000000e+03 9.889586999999999684e-01
3.465000000000000000e+03 9.899044999999999650e-01
3.460000000000000000e+03 9.899942000000000464e-01
3.455000000000000000e+03 9.907972999999999919e-01
3.450000000000000000e+03 9.915971000000000091e-01
3.445000000000000000e+03 9.921375000000000055e-01
3.440000000000000000e+03 9.915281000000000233e-01
3.435000000000000000e+03 9.930648999999999171e-01
3.430000000000000000e+03 9.919503000000000625e-01
3.425000000000000000e+03 9.934721000000000801e-01
3.420000000000000000e+03 9.925225000000000852e-01
3.415000000000000000e+03 9.930444999999999967e-01
3.410000000000000000e+03 9.899985999999999509e-01
3.405000000000000000e+03 9.913480000000000070e-01
3.400000000000000000e+03 9.892218999999999873e-01
3.395000000000000000e+03 9.895878000000000174e-01
3.390000000000000000e+03 9.894456999999999836e-01
3.385000000000000000e+03 9.897742999999999958e-01
3.380000000000000000e+03 9.882602999999999804e-01
3.375000000000000000e+03 9.938078000000000189e-01
3.370000000000000000e+03 9.911101999999999412e-01
3.365000000000000000e+03 9.923138000000000236e-01
3.360000000000000000e+03 9.918356000000000394e-01
3.355000000000000000e+03 9.917318000000000522e-01
3.350000000000000000e+03 9.923260999999999887e-01
3.345000000000000000e+03 9.943209000000000630e-01
3.340000000000000000e+03 9.901440999999999715e-01
3.335000000000000000e+03 9.951141000000000014e-01
3.330000000000000000e+03 9.927485000000000337e-01
3.325000000000000000e+03 9.936498000000000275e-01
3.320000000000000000e+03 9.925324000000000924e-01
3.315000000000000000e+03 9.943066000000000404e-01
3.310000000000000000e+03 9.907498999999999612e-01
3.305000000000000000e+03 9.910303000000000306e-01
3.300000000000000000e+03 9.905862000000000833e-01
3.295000000000000000e+03 9.878579999999999028e-01
3.290000000000000000e+03 9.929354999999999709e-01
3.285000000000000000e+03 9.896177000000000445e-01
3.280000000000000000e+03 9.922729000000000132e-01
3.275000000000000000e+03 9.910274999999999501e-01
3.270000000000000000e+03 9.929340000000000943e-01
3.265000000000000000e+03 9.897015000000000118e-01
3.260000000000000000e+03 9.926695999999999298e-01
3.255000000000000000e+03 9.928242000000000456e-01
3.250000000000000000e+03 9.885285000000000322e-01
3.245000000000000000e+03 9.902652999999999039e-01
3.240000000000000000e+03 9.901928999999999315e-01
3.235000000000000000e+03 9.891046000000000005e-01
3.230000000000000000e+03 9.907745000000000024e-01
3.225000000000000000e+03 9.917688000000000059e-01
3.220000000000000000e+03 9.896586000000000549e-01
3.215000000000000000e+03 9.896188999999999680e-01
3.210000000000000000e+03 9.916002000000000427e-01
3.205000000000000000e+03 9.902190000000000714e-01
3.200000000000000000e+03 9.903834999999999722e-01
3.195000000000000000e+03 9.937233999999999234e-01
3.190000000000000000e+03 9.904922000000000448e-01
3.185000000000000000e+03 9.909369999999999568e-01
3.180000000000000000e+03 9.871436000000000099e-01
3.175000000000000000e+03 9.906506000000000478e-01
3.170000000000000000e+03 9.884963999999999418e-01
3.165000000000000000e+03 9.897148000000000057e-01
3.160000000000000000e+03 9.879359999999999253e-01
3.155000000000000000e+03 9.919759000000000215e-01
3.150000000000000000e+03 9.889202000000000270e-01
3.145000000000000000e+03 9.933356999999999326e-01
3.140000000000000000e+03 9.907044999999999879e-01
3.135000000000000000e+03 9.919423999999998909e-01
3.130000000000000000e+03 9.898032999999999415e-01
3.125000000000000000e+03 9.886578000000000310e-01
3.120000000000000000e+03 9.850808999999999260e-01
3.115000000000000000e+03 9.869816000000000145e-01
3.110000000000000000e+03 9.896245999999999654e-01
3.105000000000000000e+03 9.880520000000000413e-01
3.100000000000000000e+03 9.882412999999999892e-01
3.095000000000000000e+03 9.851030000000000619e-01
3.090000000000000000e+03 9.814190000000000413e-01
3.085000000000000000e+03 9.856596000000000801e-01
3.080000000000000000e+03 9.856444000000000871e-01
3.075000000000000000e+03 9.840687999999999658e-01
3.070000000000000000e+03 9.851933999999999969e-01
3.065000000000000000e+03 9.804637999999999964e-01
3.060000000000000000e+03 9.819417999999999758e-01
3.055000000000000000e+03 9.793553000000000397e-01
3.050000000000000000e+03 9.773440999999999379e-01
3.045000000000000000e+03 9.728848999999999414e-01
3.040000000000000000e+03 9.629372999999999960e-01
3.035000000000000000e+03 9.635209999999999608e-01
3.030000000000000000e+03 9.539551000000000558e-01
3.025000000000000000e+03 9.483925999999999190e-01
3.020000000000000000e+03 9.342159999999999354e-01
3.015000000000000000e+03 9.181038999999999728e-01
3.010000000000000000e+03 8.934842000000000617e-01
3.005000000000000000e+03 8.573688000000000420e-01
3.000000000000000000e+03 8.120879999999999210e-01
