3.352354308749077518e+03 2.328023546999999960e-06
3.357354308749077518e+03 3.964458882999999937e-06
3.362354308749077518e+03 4.315408587000000136e-06
3.367354308749077518e+03 7.994486368000000809e-06
3.372354308749077518e+03 2.772697945999999858e-05
3.377354308749077518e+03 1.603329926999999837e-04
3.382354308749077518e+03 3.825725615000000017e-04
3.387354308749077518e+03 6.954301149000000244e-04
3.392354308749077518e+03 1.222552358999999880e-03
3.397354308749077518e+03 2.783662975000000123e-03
3.402354308749077518e+03 1.056007861999999978e-02
3.407354308749077518e+03 3.246254920999999682e-02
3.412354308749077518e+03 7.353421210999999680e-02
3.417354308749077518e+03 1.321387290999999908e-01
3.422354308749077518e+03 2.053669548000000011e-01
3.427354308749077518e+03 2.803013039000000206e-01
3.432354308749077518e+03 3.470413207999999972e-01
3.437354308749077518e+03 4.057488631999999762e-01
3.442354308749077518e+03 4.563508987000000072e-01
3.447354308749077518e+03 5.006918335000000164e-01
3.452354308749077518e+03 5.419654083000000622e-01
3.457354308749077518e+03 5.772569656000000604e-01
3.462354308749077518e+03 6.051872253000000201e-01
3.467354308749077518e+03 6.251416778999999702e-01
3.472354308749077518e+03 6.393025588999999842e-01
3.477354308749077518e+03 6.504154205000000077e-01
3.482354308749077518e+03 6.594092559999999992e-01
3.487354308749077518e+03 6.681824493000000365e-01
3.492354308749077518e+03 6.806361388999999651e-01
3.497354308749077518e+03 6.949548340000000213e-01
3.502354308749077518e+03 7.135494232000000325e-01
3.507354308749077518e+03 7.352185822000000259e-01
3.512354308749077518e+03 7.551323699999999972e-01
3.517354308749077518e+03 7.729943848000000450e-01
3.522354308749077518e+03 7.882247162000000085e-01
3.527354308749077518e+03 7.992363738999999079e-01
3.532354308749077518e+03 8.108521270999999864e-01
3.537354308749077518e+03 8.204988098000000063e-01
3.542354308749077518e+03 8.299789429000000718e-01
3.547354308749077518e+03 8.395237731999999342e-01
3.552354308749077518e+03 8.481008147999999913e-01
3.557354308749077518e+03 8.558586884000000117e-01
3.562354308749077518e+03 8.627593231000000307e-01
3.567354308749077518e+03 8.666764069000000292e-01
3.572354308749077518e+03 8.696696472000000622e-01
3.577354308749077518e+03 8.739079284999999864e-01
3.582354308749077518e+03 8.779606628000000690e-01
3.587354308749077518e+03 8.836872864000000494e-01
3.592354308749077518e+03 8.924120331000000572e-01
3.597354308749077518e+03 8.997944640999999688e-01
3.602354308749077518e+03 9.060858153999999942e-01
3.607354308749077518e+03 9.115477753000000849e-01
3.612354308749077518e+03 9.151245880000000721e-01
3.617354308749077518e+03 9.178388977000000448e-01
3.622354308749077518e+03 9.205422973999999314e-01
3.627354308749077518e+03 9.248195647999999380e-01
3.632354308749077518e+03 9.280642700000000245e-01
3.637354308749077518e+03 9.305147551999999322e-01
3.642354308749077518e+03 9.328405761999999379e-01
3.647354308749077518e+03 9.343393706999999493e-01
3.652354308749077518e+03 9.356052398999998854e-01
3.657354308749077518e+03 9.370367432000000774e-01
3.662354308749077518e+03 9.384126281999999319e-01
3.667354308749077518e+03 9.397448730000000916e-01
3.672354308749077518e+03 9.412210846000000908e-01
3.677354308749077518e+03 9.440100098000000495e-01
3.682354308749077518e+03 9.460679625999999232e-01
3.687354308749077518e+03 9.488325500000001078e-01
3.692354308749077518e+03 9.494314575000000200e-01
3.697354308749077518e+03 9.501867676000000928e-01
3.702354308749077518e+03 9.508238982999999145e-01
3.707354308749077518e+03 9.508483886999999912e-01
3.712354308749077518e+03 9.515397643999999877e-01
3.717354308749077518e+03 9.524156189000000383e-01
3.722354308749077518e+03 9.534371185000000137e-01
3.727354308749077518e+03 9.544080352999999572e-01
3.732354308749077518e+03 9.550794220000000667e-01
3.737354308749077518e+03 9.556472015000000431e-01
3.742354308749077518e+03 9.566948700000000860e-01
3.747354308749077518e+03 9.580392455999999779e-01
3.752354308749077518e+03 9.589550781000000246e-01
3.757354308749077518e+03 9.596463013000000597e-01
3.762354308749077518e+03 9.613545989999999763e-01
3.767354308749077518e+03 9.618074799000000397e-01
3.772354308749077518e+03 9.626943206999999392e-01
3.777354308749077518e+03 9.632641601999999414e-01
3.782354308749077518e+03 9.644926452999998956e-01
3.787354308749077518e+03 9.653880309999999243e-01
3.792354308749077518e+03 9.651114655000000431e-01
3.797354308749077518e+03 9.671121979000000257e-01
3.802354308749077518e+03 9.662801360999999645e-01
3.807354308749077518e+03 9.680374145999999236e-01
3.812354308749077518e+03 9.684070586999999897e-01
3.817354308749077518e+03 9.676753234999999620e-01
3.822354308749077518e+03 9.696504973999999777e-01
3.827354308749077518e+03 9.682257842999999475e-01
3.832354308749077518e+03 9.690390014999999968e-01
3.837354308749077518e+03 9.696637726000000290e-01
3.842354308749077518e+03 9.675038146999999089e-01
3.847354308749077518e+03 9.707988738999999700e-01
3.852354308749077518e+03 9.682187652999999505e-01
3.857354308749077518e+03 9.690718842000000111e-01
3.862354308749077518e+03 9.697757721000000997e-01
3.867354308749077518e+03 9.709713745000000396e-01
3.872354308749077518e+03 9.718817138999998884e-01
3.877354308749077518e+03 9.731163788000000148e-01
3.882354308749077518e+03 9.735958098999999422e-01
3.887354308749077518e+03 9.734517669999999123e-01
3.892354308749077518e+03 9.727755737000000069e-01
3.897354308749077518e+03 9.723180388999999035e-01
3.902354308749077518e+03 9.719641113000000443e-01
3.907354308749077518e+03 9.717947388000000020e-01
3.912354308749077518e+03 9.718723296999999262e-01
3.917354308749077518e+03 9.718528748000000439e-01
3.922354308749077518e+03 9.711770629999999516e-01
3.927354308749077518e+03 9.706101990000000068e-01
3.932354308749077518e+03 9.704274750000000394e-01
3.937354308749077518e+03 9.706088257000000663e-01
3.942354308749077518e+03 9.714360046000000137e-01
3.947354308749077518e+03 9.724092102000000404e-01
3.952354308749077518e+03 9.737643432999999460e-01
3.957354308749077518e+03 9.752863311999999674e-01
3.962354308749077518e+03 9.760964202999999895e-01
3.967354308749077518e+03 9.767856597999999835e-01
3.972354308749077518e+03 9.769898224000000964e-01
3.977354308749077518e+03 9.770433044000000899e-01
3.982354308749077518e+03 9.772929381999999610e-01
3.987354308749077518e+03 9.778794097999999879e-01
3.992354308749077518e+03 9.778475188999999901e-01
3.997354308749077518e+03 9.783087157999998951e-01
4.002354308749077518e+03 9.786643981999999520e-01
4.007354308749077518e+03 9.788299560999998983e-01
4.012354308749077518e+03 9.793027496000000776e-01
4.017354308749077518e+03 9.792606353999999680e-01
4.022354308749077518e+03 9.798301696999999200e-01
4.027354308749077518e+03 9.798318481000000135e-01
4.032354308749077518e+03 9.796446228000000866e-01
4.037354308749077518e+03 9.790955352999999306e-01
4.042354308749077518e+03 9.791623687999999603e-01
4.047354308749077518e+03 9.786576842999999970e-01
4.052354308749077518e+03 9.779050445999999397e-01
4.057354308749077518e+03 9.768840789999999608e-01
4.062354308749077518e+03 9.754558563000000904e-01
4.067354308749077518e+03 9.742999267999999935e-01
4.072354308749077518e+03 9.735969543000000392e-01
4.077354308749077518e+03 9.740441894999999350e-01
4.082354308749077518e+03 9.757089233000000306e-01
4.087354308749077518e+03 9.775595856000000028e-01
4.092354308749077518e+03 9.790805817000000077e-01
4.097354308749077973e+03 9.801683044000000233e-01
4.102354308749077973e+03 9.813661193999999588e-01
4.107354308749077973e+03 9.817487335000000259e-01
4.112354308749077973e+03 9.811710358000000909e-01
4.117354308749077973e+03 9.806053162000000212e-01
4.122354308749077973e+03 9.792602539000000439e-01
4.127354308749077973e+03 9.778626250999999936e-01
4.132354308749077973e+03 9.767530060000000347e-01
4.137354308749077973e+03 9.761264038000000420e-01
4.142354308749077973e+03 9.754489898999999520e-01
4.147354308749077973e+03 9.750642394999999851e-01
4.152354308749077973e+03 9.738034057999999105e-01
4.157354308749077973e+03 9.725858307000000424e-01
4.162354308749077973e+03 9.705667114000000595e-01
4.167354308749077973e+03 9.696884154999999561e-01
4.172354308749077973e+03 9.687104033999999197e-01
4.177354308749077973e+03 9.687964629999999966e-01
4.182354308749077973e+03 9.692100524999999189e-01
4.187354308749077973e+03 9.707801055999999429e-01
4.192354308749077973e+03 9.727443694999999835e-01
4.197354308749077973e+03 9.755529785000000009e-01
4.202354308749077973e+03 9.783380889999999663e-01
4.207354308749077973e+03 9.800588989000000861e-01
4.212354308749077973e+03 9.814144134999999158e-01
4.217354308749077973e+03 9.819889068999999582e-01
4.222354308749077973e+03 9.817633820000000178e-01
4.227354308749077973e+03 9.801239013999999417e-01
4.232354308749077973e+03 9.778346251999999739e-01
4.237354308749077973e+03 9.746820067999999448e-01
4.242354308749077973e+03 9.695963286999998987e-01
4.247354308749077973e+03 9.580698395000000200e-01
4.252354308749077973e+03 9.305841063999999996e-01
4.257354308749077973e+03 8.776106262000000768e-01
4.262354308749077973e+03 7.910287476000000817e-01
4.267354308749077973e+03 6.684801483000000211e-01
4.272354308749077973e+03 5.292262268000000880e-01
4.277354308749077973e+03 3.881645966000000225e-01
4.282354308749077973e+03 2.615933037000000017e-01
4.287354308749077973e+03 1.657509422000000010e-01
4.292354308749077973e+03 9.941011428999999011e-02
4.297354308749077973e+03 5.817490578000000107e-02
4.302354308749077973e+03 3.416936874000000429e-02
4.307354308749077973e+03 2.043081044999999971e-02
4.312354308749077973e+03 1.241560101999999999e-02
4.317354308749077973e+03 7.515573501999999947e-03
4.322354308749077973e+03 4.637334049000000138e-03
4.327354308749077973e+03 2.953779697000000377e-03
4.332354308749077973e+03 1.938158721000000093e-03
4.337354308749077973e+03 1.329325437999999892e-03
4.342354308749077973e+03 9.304101019999999221e-04
4.347354308749077973e+03 6.424827129000000928e-04
4.352354308749077973e+03 4.528999328999999685e-04
4.357354308749077973e+03 3.254906087999999984e-04
4.362354308749077973e+03 2.387259900999999952e-04
4.367354308749077973e+03 1.786868460000000109e-04
4.372354308749077973e+03 1.308401860000000031e-04
4.377354308749077973e+03 9.886192158000000371e-05
4.382354308749077973e+03 7.077234331999999876e-05
4.387354308749077973e+03 5.249621811999999435e-05
4.392354308749077973e+03 4.062891471999999910e-05
4.397354308749077973e+03 3.213074989999999901e-05
4.402354308749077973e+03 2.668388420999999970e-05
4.407354308749077973e+03 1.995348138999999924e-05
4.412354308749077973e+03 2.140267751999999900e-05
4.417354308749077973e+03 1.357085885999999937e-05
4.422354308749077973e+03 1.231505418999999926e-05
4.427354308749077973e+03 9.527067305000000107e-06
4.432354308749077973e+03 9.043953614000000652e-06
4.437354308749077973e+03 6.434972746999999724e-06
4.442354308749077973e+03 4.160807293000000133e-06
4.447354308749077973e+03 6.672546733000000077e-06
4.452354308749077973e+03 4.645135485999999980e-06
4.457354308749077973e+03 3.172513971000000082e-06
4.462354308749077973e+03 2.444619313000000349e-06
4.467354308749077973e+03 1.267655171000000069e-06
4.472354308749077973e+03 2.472360793000000221e-06
4.477354308749077973e+03 -5.250000000000000557e-07
4.482354308749077973e+03 5.060739932000000109e-06
4.487354308749077973e+03 3.130862606000000048e-06
4.492354308749077973e+03 1.017463072999999984e-06
4.497354308749077973e+03 2.375212935000000163e-06
4.502354308749077973e+03 1.305706682999999836e-06
4.507354308749077973e+03 5.920000000000000071e-07
4.512354308749077973e+03 -8.320000000000000386e-07
4.517354308749077973e+03 3.014814864999999948e-06
4.522354308749077973e+03 9.380000000000000613e-07
4.527354308749077973e+03 1.587788429000000130e-06
4.532354308749077973e+03 -4.619999999999999812e-07
4.537354308749077973e+03 6.930000000000000777e-07
4.542354308749077973e+03 6.490000000000000543e-07
4.547354308749077973e+03 -8.509999999999999837e-07
4.552354308749077973e+03 2.133805537999999769e-06
4.557354308749077973e+03 -1.402365305999999837e-06
4.562354308749077973e+03 3.089999999999999744e-07
4.567354308749077973e+03 4.179784737000000207e-06
4.572354308749077973e+03 1.926438416999999800e-06
4.577354308749077973e+03 9.459999999999999212e-07
4.582354308749077973e+03 1.294675893999999872e-06
4.587354308749077973e+03 -9.600000000000001260e-07
4.592354308749077973e+03 2.945344604000000007e-06
4.597354308749077973e+03 3.010000000000000086e-07
4.602354308749077973e+03 1.480000000000000018e-07
4.607354308749077973e+03 1.796491414999999960e-06
4.612354308749077973e+03 8.270000000000000865e-07
4.617354308749077973e+03 1.484537788000000000e-06
4.622354308749077973e+03 -4.169999999999999885e-07
4.627354308749077973e+03 1.873547007999999991e-06
4.632354308749077973e+03 1.712513039999999990e-06
4.637354308749077973e+03 2.199999999999999848e-07
4.642354308749077973e+03 1.326286728999999940e-06
4.647354308749077973e+03 3.268606961000000084e-06
4.652354308749077973e+03 1.540000000000000290e-07
4.657354308749077973e+03 2.822029637000000085e-06
4.662354308749077973e+03 -9.210000000000000547e-07
4.667354308749077973e+03 4.729999999999999606e-07
4.672354308749077973e+03 1.781773753000000008e-06
4.677354308749077973e+03 1.106286653999999974e-06
4.682354308749077973e+03 -1.537277567000000133e-06
4.687354308749077973e+03 1.476788893000000038e-06
4.692354308749077973e+03 1.576109062000000088e-06
4.697354308749077973e+03 -3.479999999999999927e-07
4.702354308749077973e+03 -1.614913199000000116e-06
4.707354308749077973e+03 1.875164453000000183e-06
4.712354308749077973e+03 -8.390000000000000351e-07
4.717354308749077973e+03 1.491300499999999928e-06
4.722354308749077973e+03 -1.684055023000000111e-06
4.727354308749077973e+03 5.869999999999999491e-07
4.732354308749077973e+03 1.436133461999999942e-06
4.737354308749077973e+03 7.679999999999999949e-08
4.742354308749077973e+03 3.473840479000000080e-06
4.747354308749077973e+03 -9.969999999999999411e-07
4.752354308749077973e+03 3.524013445999999916e-06
4.757354308749077973e+03 8.590000000000000554e-07
4.762354308749077973e+03 2.970000000000000257e-07
4.767354308749077973e+03 1.460629719000000169e-06
4.772354308749077973e+03 -1.930000000000000077e-08
4.777354308749077973e+03 1.948116113999999830e-06
4.782354308749077973e+03 1.908022968999999979e-06
4.787354308749077973e+03 1.701899163999999892e-06
4.792354308749077973e+03 1.962991082000000143e-06
4.797354308749077973e+03 -8.990000000000000430e-08
4.802354308749077973e+03 2.256435399999999779e-06
4.807354308749077973e+03 1.153898192999999986e-06
4.812354308749077973e+03 3.014958929000000343e-06
4.817354308749077973e+03 -1.840000000000000065e-07
4.822354308749077973e+03 1.762982428999999998e-06
4.827354308749077973e+03 1.093105675000000113e-06
4.832354308749077973e+03 1.075940962999999984e-06
4.837354308749077973e+03 2.035653306000000075e-06
4.842354308749077973e+03 1.450123963999999997e-06
4.847354308749077973e+03 -8.420000000000000487e-07
4.852354308749077973e+03 2.581207664000000225e-06
4.857354308749077973e+03 2.582859014999999956e-06
4.862354308749077973e+03 3.560654876999999749e-06
4.867354308749077973e+03 3.042558674000000115e-06
4.872354308749077973e+03 1.912904116999999936e-06
4.877354308749077973e+03 2.284642687000000061e-06
4.882354308749077973e+03 8.229999999999999977e-07
4.887354308749077973e+03 2.090225753000000049e-06
4.892354308749077973e+03 2.301528147999999942e-06
4.897354308749077973e+03 2.371594746000000086e-06
4.902354308749077973e+03 1.774966513000000127e-06
4.907354308749077973e+03 2.423545083999999816e-06
4.912354308749077973e+03 3.880000000000000333e-07
4.917354308749077973e+03 -3.540000000000000200e-07
4.922354308749077973e+03 4.322976456000000090e-06
4.927354308749077973e+03 1.642567803999999840e-06
4.932354308749077973e+03 2.641946485000000024e-06
4.937354308749077973e+03 2.823882386999999929e-06
4.942354308749077973e+03 4.889999999999999980e-07
4.947354308749077973e+03 2.402354148000000186e-06
4.952354308749077973e+03 2.419999999999999700e-07
4.957354308749077973e+03 1.615660584999999902e-06
4.962354308749077973e+03 1.976249913999999825e-06
4.967354308749077973e+03 -3.040000000000000222e-07
4.972354308749077973e+03 -1.180000000000000111e-07
4.977354308749077973e+03 1.547218853000000081e-06
4.982354308749077973e+03 1.072574523000000130e-06
4.987354308749077973e+03 1.821474434000000061e-06
4.992354308749077973e+03 8.040000000000000526e-07
4.997354308749077973e+03 1.679999999999999956e-07
5.002354308749077973e+03 3.085494972999999805e-06
5.007354308749077973e+03 1.092087841000000143e-06
5.012354308749077973e+03 -7.570000000000000155e-07
5.017354308749077973e+03 8.430000000000000180e-07
5.022354308749077973e+03 3.030000000000000001e-07
5.027354308749077973e+03 -3.850000000000000196e-07
5.032354308749077973e+03 -6.420000000000000578e-07
5.037354308749077973e+03 1.087061610000000011e-06
5.042354308749077973e+03 4.820000000000000015e-07
5.047354308749077973e+03 -5.689999999999999732e-07
5.052354308749077973e+03 1.083921597000000004e-06
5.057354308749077973e+03 5.549999999999999802e-07
5.062354308749077973e+03 1.097936911000000067e-06
5.067354308749077973e+03 7.870000000000000459e-07
5.072354308749077973e+03 1.383210038000000147e-06
5.077354308749077973e+03 9.909999999999999139e-07
5.082354308749077973e+03 1.229079497999999971e-06
5.087354308749077973e+03 9.590000000000000508e-07
5.092354308749077973e+03 -6.629999999999999414e-07
5.097354308749077973e+03 3.880521398999999750e-06
5.102354308749077973e+03 2.652943076000000025e-06
5.107354308749077973e+03 2.136085823000000106e-06
5.112354308749077973e+03 2.171226515000000217e-06
5.117354308749077973e+03 -1.730000000000000006e-07
5.122354308749077973e+03 2.442447003000000044e-06
5.127354308749077973e+03 1.135464335999999984e-06
5.132354308749077973e+03 1.863151556000000037e-06
5.137354308749077973e+03 -1.609999999999999726e-07
5.142354308749077973e+03 1.793249539000000068e-06
5.147354308749077973e+03 2.327054099000000174e-06
5.152354308749077973e+03 2.372144808999999933e-06
5.157354308749077973e+03 3.429999999999999877e-07
5.162354308749077973e+03 1.064929384000000036e-06
5.167354308749077973e+03 3.060653689000000227e-06
5.172354308749077973e+03 2.970000000000000257e-07
5.177354308749077973e+03 1.760016311999999969e-06
5.182354308749077973e+03 6.320000000000000476e-07
5.187354308749077973e+03 8.430000000000000180e-07
5.192354308749077973e+03 1.284410537000000146e-06
5.197354308749077973e+03 7.320000000000000431e-07
5.202354308749077973e+03 2.660267636999999989e-06
5.207354308749077973e+03 3.915156412000000081e-06
5.212354308749077973e+03 -1.549999999999999983e-08
5.217354308749077973e+03 1.245426391999999991e-06
5.222354308749077973e+03 1.569439337000000034e-06
5.227354308749077973e+03 8.220000000000000284e-07
5.232354308749077973e+03 3.160753113000000364e-06
5.237354308749077973e+03 2.549771451999999915e-06
5.242354308749077973e+03 8.799999999999999390e-07
5.247354308749077973e+03 3.239210054999999994e-06
5.252354308749077973e+03 2.883418346999999954e-06
5.257354308749077973e+03 3.458949213000000150e-06
5.262354308749077973e+03 1.993283221999999954e-06
5.267354308749077973e+03 3.949999999999999768e-07
5.272354308749077973e+03 6.260000000000000468e-08
5.277354308749077973e+03 2.046306617999999866e-06
5.282354308749077973e+03 1.262032602000000047e-06
5.287354308749077973e+03 7.810000000000000187e-07
5.292354308749077973e+03 1.020831186999999981e-06
5.297354308749077973e+03 3.245690023000000025e-06
5.302354308749077973e+03 2.866629510999999802e-06
5.307354308749077973e+03 3.324822464000000087e-06
5.312354308749077973e+03 1.954823819999999911e-06
5.317354308749077973e+03 3.808856418000000163e-06
5.322354308749077973e+03 7.314245448999999372e-06
5.327354308749077973e+03 1.388475414999999952e-05
5.332354308749077973e+03 2.529358490999999837e-05
5.337354308749077973e+03 3.864698112000000381e-05
5.342354308749077973e+03 5.430372431999999996e-05
5.347354308749077973e+03 6.605160887999998948e-05
5.352354308749077973e+03 7.361583876999999471e-05
5.357354308749077973e+03 7.806868758000000126e-05
5.362354308749077973e+03 7.494531571999999743e-05
5.367354308749077973e+03 6.721989251999999906e-05
5.372354308749077973e+03 6.168490740999999151e-05
5.377354308749077973e+03 5.239476449999999467e-05
5.382354308749077973e+03 4.946315195000000397e-05
5.387354308749077973e+03 4.424879793000000136e-05
5.392354308749077973e+03 4.106770269999999990e-05
5.397354308749077973e+03 4.243038128999999920e-05
5.402354308749077973e+03 4.271651153000000100e-05
5.407354308749077973e+03 3.998382947999999930e-05
5.412354308749077973e+03 3.617718117000000500e-05
5.417354308749077973e+03 3.023461438999999838e-05
5.422354308749077973e+03 2.806797158000000027e-05
5.427354308749077973e+03 2.537318737999999743e-05
5.432354308749077973e+03 2.382731298000000063e-05
5.437354308749077973e+03 2.518705092000000218e-05
5.442354308749077973e+03 2.515095285999999740e-05
5.447354308749077973e+03 2.561068394999999902e-05
5.452354308749077973e+03 2.567906398000000139e-05
5.457354308749077973e+03 2.396575640999999937e-05
5.462354308749077973e+03 2.511826808999999725e-05
5.467354308749077973e+03 2.641307422999999779e-05
5.472354308749077973e+03 2.347267698000000052e-05
5.477354308749077973e+03 2.683131489999999780e-05
5.482354308749077973e+03 2.562821144000000222e-05
5.487354308749077973e+03 2.632602816000000222e-05
5.492354308749077973e+03 2.933278213999999977e-05
5.497354308749077973e+03 3.230888862000000144e-05
5.502354308749077973e+03 3.403950948000000130e-05
5.507354308749077973e+03 4.014386794999999692e-05
5.512354308749077973e+03 4.707161336999999754e-05
5.517354308749077973e+03 5.060634576000000028e-05
5.522354308749077973e+03 5.313092842999999558e-05
5.527354308749077973e+03 5.355763714999999892e-05
5.532354308749077973e+03 5.494348239000000075e-05
5.537354308749077973e+03 5.092665086999999968e-05
5.542354308749077973e+03 4.902948625000000285e-05
5.547354308749077973e+03 4.912390374000000118e-05
5.552354308749077973e+03 4.755252506999999967e-05
5.557354308749077973e+03 4.679085221000000129e-05
5.562354308749077973e+03 4.765663296000000477e-05
5.567354308749077973e+03 4.460541066000000085e-05
5.572354308749077973e+03 3.747878828999999648e-05
5.577354308749077973e+03 3.350330749999999873e-05
5.582354308749077973e+03 2.179044997000000126e-05
5.587354308749077973e+03 1.543226185999999975e-05
5.592354308749077973e+03 9.975617286000001762e-06
5.597354308749077973e+03 5.999793065999999760e-06
5.602354308749077973e+03 5.259162281000000265e-06
5.607354308749077973e+03 4.336867714000000339e-06
5.612354308749077973e+03 2.397163771000000080e-06
5.617354308749077973e+03 2.203676558999999956e-06
5.622354308749077973e+03 3.394403610999999713e-06
5.627354308749077973e+03 3.924463816999999795e-06
5.632354308749077973e+03 4.017501778000000384e-06
5.637354308749077973e+03 2.846292919000000006e-06
5.642354308749077973e+03 4.269142519000000102e-06
5.647354308749077973e+03 5.584111785999999801e-06
5.652354308749077973e+03 3.323747660000000135e-06
5.657354308749077973e+03 5.475730867999999679e-06
5.662354308749077973e+03 4.375369753999999832e-06
5.667354308749077973e+03 5.502193235000000576e-06
5.672354308749077973e+03 5.813383031999999544e-06
5.677354308749077973e+03 6.405148306000000411e-06
5.682354308749077973e+03 5.803624516999999687e-06
5.687354308749077973e+03 7.112285239000000844e-06
5.692354308749077973e+03 6.140216719000000288e-06
5.697354308749077973e+03 7.573527981999999643e-06
5.702354308749077973e+03 3.938290755999999979e-06
5.707354308749077973e+03 5.198009311999999936e-06
5.712354308749077973e+03 5.413608741999999878e-06
5.717354308749077973e+03 4.693080554999999883e-06
5.722354308749077973e+03 6.156561431000000016e-06
5.727354308749077973e+03 6.351178744999999727e-06
5.732354308749077973e+03 5.655430723000000689e-06
5.737354308749077973e+03 7.070951979000000122e-06
5.742354308749077973e+03 7.202271371999999549e-06
5.747354308749077973e+03 9.188171243000000366e-06
5.752354308749077973e+03 9.698010399000001134e-06
5.757354308749077973e+03 1.230393070999999901e-05
5.762354308749077973e+03 1.386506715999999907e-05
5.767354308749077973e+03 1.596174435999999744e-05
5.772354308749077973e+03 1.941511291000000029e-05
5.777354308749077973e+03 2.367728390000000245e-05
5.782354308749077973e+03 3.014463000000000144e-05
5.787354308749077973e+03 3.427001181999999810e-05
5.792354308749077973e+03 4.483811557000000141e-05
5.797354308749077973e+03 4.941611551000000505e-05
5.802354308749077973e+03 5.516338162000000516e-05
5.807354308749077973e+03 5.867742001999999595e-05
5.812354308749077973e+03 5.758226383000000038e-05
5.817354308749077973e+03 5.492612719999999957e-05
5.822354308749077973e+03 5.162805783999999571e-05
5.827354308749077973e+03 4.600794985999999621e-05
5.832354308749077973e+03 4.063926637000000639e-05
5.837354308749077973e+03 3.688823199000000136e-05
5.842354308749077973e+03 3.456529927999999830e-05
5.847354308749077973e+03 3.278055461000000287e-05
5.852354308749077973e+03 3.040059236999999661e-05
5.857354308749077973e+03 3.252162132000000242e-05
5.862354308749077973e+03 3.151622601000000256e-05
5.867354308749077973e+03 2.997223055000000001e-05
5.872354308749077973e+03 3.062096890000000067e-05
5.877354308749077973e+03 3.279314842000000021e-05
5.882354308749077973e+03 3.020474454000000004e-05
5.887354308749077973e+03 3.120094771000000105e-05
5.892354308749077973e+03 2.897053258000000073e-05
5.897354308749077973e+03 2.788826124999999758e-05
5.902354308749077973e+03 2.512924838999999776e-05
5.907354308749077973e+03 2.475928748000000144e-05
5.912354308749077973e+03 2.237044972999999992e-05
5.917354308749077973e+03 2.312309108999999939e-05
5.922354308749077973e+03 2.044850495000000035e-05
5.927354308749077973e+03 1.940340386000000131e-05
5.932354308749077973e+03 1.981947337999999845e-05
5.937354308749077973e+03 1.709255040999999909e-05
5.942354308749077973e+03 2.060242696000000239e-05
5.947354308749077973e+03 2.016196027000000034e-05
5.952354308749077973e+03 2.029004972000000219e-05
5.957354308749077973e+03 2.341728424999999880e-05
5.962354308749077973e+03 2.119336975999999812e-05
5.967354308749077973e+03 2.507197902999999851e-05
5.972354308749077973e+03 2.705212450000000178e-05
5.977354308749077973e+03 3.162405918999999549e-05
5.982354308749077973e+03 3.509007394000000129e-05
5.987354308749077973e+03 4.155681468999999797e-05
5.992354308749077973e+03 4.931276198000000301e-05
5.997354308749077973e+03 6.110741290999999751e-05
6.002354308749077973e+03 7.342712488000000426e-05
6.007354308749077973e+03 8.822209201999998778e-05
6.012354308749077973e+03 1.049369852999999954e-04
6.017354308749077973e+03 1.194372772999999943e-04
6.022354308749077973e+03 1.313451491000000029e-04
6.027354308749077973e+03 1.408336125000000038e-04
6.032354308749077973e+03 1.444478798999999968e-04
6.037354308749077973e+03 1.429889537000000020e-04
6.042354308749077973e+03 1.399257034000000023e-04
6.047354308749077973e+03 1.341381854999999996e-04
6.052354308749077973e+03 1.318411342999999949e-04
6.057354308749077973e+03 1.260113064000000004e-04
6.062354308749077973e+03 1.252532937000000045e-04
6.067354308749077973e+03 1.230754889999999941e-04
6.072354308749077973e+03 1.221383455999999952e-04
6.077354308749077973e+03 1.236667763000000092e-04
6.082354308749077973e+03 1.227475422999999997e-04
6.087354308749077973e+03 1.237315125999999884e-04
6.092354308749077973e+03 1.232079229999999859e-04
6.097354308749077973e+03 1.243030093999999898e-04
6.102354308749077973e+03 1.212631724999999961e-04
6.107354308749077973e+03 1.183750108000000044e-04
6.112354308749077973e+03 1.133449654999999954e-04
6.117354308749077973e+03 1.081701088999999959e-04
6.122354308749077973e+03 1.027407218000000007e-04
6.127354308749077973e+03 9.844738990000000990e-05
6.132354308749077973e+03 9.289306588000000248e-05
6.137354308749077973e+03 8.717388846000000157e-05
6.142354308749077973e+03 8.707587606999999395e-05
6.147354308749077973e+03 8.335574530000001026e-05
6.152354308749077973e+03 8.394511417000000239e-05
6.157354308749077973e+03 8.299919776999999826e-05
6.162354308749077973e+03 8.452278561999999136e-05
6.167354308749077973e+03 8.688937872999999911e-05
6.172354308749077973e+03 9.044741280000000313e-05
6.177354308749077973e+03 9.294752031999999314e-05
6.182354308749077973e+03 1.001049577999999998e-04
6.187354308749077973e+03 1.035053749000000068e-04
6.192354308749077973e+03 1.091585028999999917e-04
6.197354308749077973e+03 1.096945721999999983e-04
6.202354308749077973e+03 1.158986985999999861e-04
6.207354308749077973e+03 1.142498106000000021e-04
6.212354308749077973e+03 1.149080042000000126e-04
6.217354308749077973e+03 1.082030590999999935e-04
6.222354308749077973e+03 1.059713494000000136e-04
6.227354308749077973e+03 9.868622756999999106e-05
6.232354308749077973e+03 9.124721400000000108e-05
6.237354308749077973e+03 8.621734566999999345e-05
6.242354308749077973e+03 7.864377461000000250e-05
6.247354308749077973e+03 7.556565106000000557e-05
6.252354308749077973e+03 6.866532844000000375e-05
6.257354308749077973e+03 6.619994994000000070e-05
6.262354308749077973e+03 6.211318541000000889e-05
6.267354308749077973e+03 6.137306802000000244e-05
6.272354308749077973e+03 5.981200839999999754e-05
6.277354308749077973e+03 6.002137437000000015e-05
6.282354308749077973e+03 6.059702020000000064e-05
6.287354308749077973e+03 5.893042311000000521e-05
6.292354308749077973e+03 5.877535789999999990e-05
6.297354308749077973e+03 5.855308845999999940e-05
6.302354308749077973e+03 5.752352998000000151e-05
6.307354308749077973e+03 6.130871829000000568e-05
6.312354308749077973e+03 6.174334790999999839e-05
6.317354308749077973e+03 6.318503990999999997e-05
6.322354308749077973e+03 6.362848914999999972e-05
6.327354308749077973e+03 6.252030376000000016e-05
6.332354308749077973e+03 6.229465361999999911e-05
6.337354308749077973e+03 6.198042072000000270e-05
6.342354308749077973e+03 6.191185676000000588e-05
6.347354308749077973e+03 6.217296234999999580e-05
6.352354308749077973e+03 6.335424258999999868e-05
6.357354308749077973e+03 6.235864478999999963e-05
6.362354308749077973e+03 6.318578496999999682e-05
6.367354308749077973e+03 6.461275276000000138e-05
6.372354308749077973e+03 6.401394028000000514e-05
6.377354308749077973e+03 6.809541956000000093e-05
6.382354308749077973e+03 6.818635389000000100e-05
6.387354308749077973e+03 7.233643438999999705e-05
6.392354308749077973e+03 7.249844260999999796e-05
6.397354308749077973e+03 7.504275068999999374e-05
6.402354308749077973e+03 7.911388762000000200e-05
6.407354308749077973e+03 7.904994300999999759e-05
6.412354308749077973e+03 7.915465161000000171e-05
6.417354308749077973e+03 7.813281380000000696e-05
6.422354308749077973e+03 7.475068793000000757e-05
6.427354308749077973e+03 7.294062991000000459e-05
6.432354308749077973e+03 6.597538478999999780e-05
6.437354308749077973e+03 6.113081239000000373e-05
6.442354308749077973e+03 5.626914091000000345e-05
6.447354308749077973e+03 5.072377155999999469e-05
6.452354308749077973e+03 4.821614362000000098e-05
6.457354308749077973e+03 4.290540702999999951e-05
6.462354308749077973e+03 3.782105399000000047e-05
6.467354308749077973e+03 3.502730280000000088e-05
6.472354308749077973e+03 3.209115937000000011e-05
6.477354308749077973e+03 3.131634089999999751e-05
6.482354308749077973e+03 3.069467144000000250e-05
6.487354308749077973e+03 2.819266868999999916e-05
6.492354308749077973e+03 2.970486646999999968e-05
6.497354308749077973e+03 3.032709472000000089e-05
6.502354308749077973e+03 2.914152807000000082e-05
6.507354308749077973e+03 3.016397822999999700e-05
6.512354308749077973e+03 3.027619096000000269e-05
6.517354308749077973e+03 3.117640968000000144e-05
6.522354308749077973e+03 3.224822226999999952e-05
6.527354308749077973e+03 3.405600087999999866e-05
6.532354308749077973e+03 3.491269656999999784e-05
6.537354308749077973e+03 3.504749155000000204e-05
6.542354308749077973e+03 3.900113050000000181e-05
6.547354308749077973e+03 3.938184120000000506e-05
6.552354308749077973e+03 4.115832970000000258e-05
6.557354308749077973e+03 4.114599897999999970e-05
6.562354308749077973e+03 4.030234180000000037e-05
6.567354308749077973e+03 4.201279486999999718e-05
6.572354308749077973e+03 3.871616674999999775e-05
6.577354308749077973e+03 3.970807417999999928e-05
6.582354308749077973e+03 3.426917130000000267e-05
6.587354308749077973e+03 3.222119994000000352e-05
6.592354308749077973e+03 3.017288167000000020e-05
6.597354308749077973e+03 2.815980696999999727e-05
6.602354308749077973e+03 2.624812535999999913e-05
6.607354308749077973e+03 2.425214042999999977e-05
6.612354308749077973e+03 2.310036215999999989e-05
6.617354308749077973e+03 2.235322258999999801e-05
6.622354308749077973e+03 2.042095176999999913e-05
6.627354308749077973e+03 2.049883828000000009e-05
6.632354308749077973e+03 1.909528160000000096e-05
6.637354308749077973e+03 2.010718687000000293e-05
6.642354308749077973e+03 1.761248101999999884e-05
6.647354308749077973e+03 1.868240302000000042e-05
6.652354308749077973e+03 1.681960071000000181e-05
6.657354308749077973e+03 1.751291914999999902e-05
6.662354308749077973e+03 1.988398376999999821e-05
6.667354308749077973e+03 2.000856213000000065e-05
6.672354308749077973e+03 2.110350877000000073e-05
6.677354308749077973e+03 2.207556738999999884e-05
6.682354308749077973e+03 2.395854332000000323e-05
6.687354308749077973e+03 2.474921056999999762e-05
6.692354308749077973e+03 2.583695575999999720e-05
6.697354308749077973e+03 2.846794668999999954e-05
6.702354308749077973e+03 3.051713342000000266e-05
6.707354308749077973e+03 3.482309635999999818e-05
6.712354308749077973e+03 3.739370032999999840e-05
6.717354308749077973e+03 4.380491097000000536e-05
6.722354308749077973e+03 4.705863539000000275e-05
6.727354308749077973e+03 5.444020498999999812e-05
6.732354308749077973e+03 6.160523277000000191e-05
6.737354308749077973e+03 6.864051335000000750e-05
6.742354308749077973e+03 7.753208745000000261e-05
6.747354308749077973e+03 8.364063688000001023e-05
6.752354308749077973e+03 9.336668998000000139e-05
6.757354308749077973e+03 1.020681113000000044e-04
6.762354308749077973e+03 1.049691158999999964e-04
6.767354308749077973e+03 1.060585957000000090e-04
6.772354308749077973e+03 1.071976404999999992e-04
6.777354308749077973e+03 1.058059186000000017e-04
6.782354308749077973e+03 9.993521496999999642e-05
6.787354308749077973e+03 9.317683055999999775e-05
6.792354308749077973e+03 8.552225306999999962e-05
6.797354308749077973e+03 8.114706725000000315e-05
6.802354308749077973e+03 7.398291956999999139e-05
6.807354308749077973e+03 6.859395187000000185e-05
6.812354308749077973e+03 6.244499702000000753e-05
6.817354308749077973e+03 5.783699452999999980e-05
6.822354308749077973e+03 5.251903087000000018e-05
6.827354308749077973e+03 4.961153026999999831e-05
6.832354308749077973e+03 4.790378268999999578e-05
6.837354308749077973e+03 4.643388558000000510e-05
6.842354308749077973e+03 4.372027703000000209e-05
6.847354308749077973e+03 4.275032318999999925e-05
6.852354308749077973e+03 4.287435673000000106e-05
6.857354308749077973e+03 4.321570042999999613e-05
6.862354308749077973e+03 4.039834253000000494e-05
6.867354308749077973e+03 4.194752313000000183e-05
6.872354308749077973e+03 4.102300386999999993e-05
6.877354308749077973e+03 4.075789358000000241e-05
6.882354308749077973e+03 4.213513805999999872e-05
6.887354308749077973e+03 4.340023734000000031e-05
6.892354308749077973e+03 4.291073884999999484e-05
6.897354308749077973e+03 4.223433323000000622e-05
6.902354308749077973e+03 4.267636221000000607e-05
6.907354308749077973e+03 4.354612435999999912e-05
6.912354308749077973e+03 4.179592244000000339e-05
6.917354308749077973e+03 4.419563803999999738e-05
6.922354308749077973e+03 4.486201331000000538e-05
6.927354308749077973e+03 4.371893591999999898e-05
6.932354308749077973e+03 4.656264558000000012e-05
6.937354308749077973e+03 4.334522411000000006e-05
6.942354308749077973e+03 4.365067928999999278e-05
6.947354308749077973e+03 4.447561222999999700e-05
6.952354308749077973e+03 4.513650666999999874e-05
6.957354308749077973e+03 4.730669316000000373e-05
6.962354308749077973e+03 4.702800885000000159e-05
6.967354308749077973e+03 5.270785186000000178e-05
6.972354308749077973e+03 5.317666568000000115e-05
6.977354308749077973e+03 5.595515015999999626e-05
6.982354308749077973e+03 5.943573545999999861e-05
6.987354308749077973e+03 6.619923282000000821e-05
6.992354308749077973e+03 6.988635752000000234e-05
6.997354308749077973e+03 7.625565863999999639e-05
7.002354308749077973e+03 8.582203648999999249e-05
7.007354308749077973e+03 9.196717292000001034e-05
7.012354308749077973e+03 9.926313533999999144e-05
7.017354308749077973e+03 1.076995023000000014e-04
7.022354308749077973e+03 1.127587910999999955e-04
7.027354308749077973e+03 1.177306380000000115e-04
7.032354308749077973e+03 1.204485632000000062e-04
7.037354308749077973e+03 1.217911112999999916e-04
7.042354308749077973e+03 1.165971812000000138e-04
7.047354308749077973e+03 1.116349175999999934e-04
7.052354308749077973e+03 1.025164499999999966e-04
7.057354308749077973e+03 9.597899391999999532e-05
7.062354308749077973e+03 8.939250371999999745e-05
7.067354308749077973e+03 7.939843461000000791e-05
7.072354308749077973e+03 7.511036005000000482e-05
7.077354308749077973e+03 6.707000080000000619e-05
7.082354308749077973e+03 6.239585578000000693e-05
7.087354308749077973e+03 5.858905147999999544e-05
7.092354308749077973e+03 5.573781207000000186e-05
7.097354308749077973e+03 5.663463379999999792e-05
7.102354308749077973e+03 5.456913728000000212e-05
7.107354308749077973e+03 5.568323657000000108e-05
7.112354308749077973e+03 5.676891655000000219e-05
7.117354308749077973e+03 5.635659210000000492e-05
7.122354308749077973e+03 6.377881858000000596e-05
7.127354308749077973e+03 6.778007838999999476e-05
7.132354308749077973e+03 7.150767371000001050e-05
7.137354308749077973e+03 7.875649257999999865e-05
7.142354308749077973e+03 8.769514039000000612e-05
7.147354308749077973e+03 9.723488241000000684e-05
7.152354308749077973e+03 1.097917091000000109e-04
7.157354308749077973e+03 1.170128490999999978e-04
7.162354308749077973e+03 1.231515966000000073e-04
7.167354308749077973e+03 1.226915326000000133e-04
7.172354308749077973e+03 1.202449016000000037e-04
7.177354308749077973e+03 1.131150591999999949e-04
7.182354308749077973e+03 1.031990255999999971e-04
7.187354308749077973e+03 8.949650451999999461e-05
7.192354308749077973e+03 7.701131981000000040e-05
7.197354308749077973e+03 6.656029261999999434e-05
7.202354308749077973e+03 5.528575741000000382e-05
7.207354308749077973e+03 4.746398889000000005e-05
7.212354308749077973e+03 4.167250358000000279e-05
7.217354308749077973e+03 3.762331092999999735e-05
7.222354308749077973e+03 3.382286987999999766e-05
7.227354308749077973e+03 3.105220384999999743e-05
7.232354308749077973e+03 2.605508546999999811e-05
7.237354308749077973e+03 2.597805344999999815e-05
7.242354308749077973e+03 2.636466408000000201e-05
7.247354308749077973e+03 2.358204685000000003e-05
7.252354308749077973e+03 2.403461374000000138e-05
7.257354308749077973e+03 2.527323085999999772e-05
7.262354308749077973e+03 2.491235966000000202e-05
7.267354308749077973e+03 2.440096345000000001e-05
7.272354308749077973e+03 2.900501479999999875e-05
7.277354308749077973e+03 3.109325655000000279e-05
7.282354308749077973e+03 3.145108465000000285e-05
7.287354308749077973e+03 3.573521505999999626e-05
7.292354308749077973e+03 4.322592168999999778e-05
7.297354308749077973e+03 5.005363375000000540e-05
7.302354308749077973e+03 6.552606820999999475e-05
7.307354308749077973e+03 8.089037611999999274e-05
7.312354308749077973e+03 1.017092819999999961e-04
7.317354308749077973e+03 1.230909303000000011e-04
7.322354308749077973e+03 1.392924319999999888e-04
7.327354308749077973e+03 1.472301688000000040e-04
7.332354308749077973e+03 1.420737523999999899e-04
7.337354308749077973e+03 1.281749178000000044e-04
7.342354308749077973e+03 1.027114502999999920e-04
7.347354308749077973e+03 7.949246093999999931e-05
7.352354308749077973e+03 5.664575845000000643e-05
7.357354308749077973e+03 4.512737971000000466e-05
7.362354308749077973e+03 3.286531893999999822e-05
7.367354308749077973e+03 2.424138830999999984e-05
7.372354308749077973e+03 2.287252108000000105e-05
7.377354308749077973e+03 1.729992102000000060e-05
7.382354308749077973e+03 1.569995190999999901e-05
7.387354308749077973e+03 1.269014669000000129e-05
7.392354308749077973e+03 9.828670881999999637e-06
7.397354308749077973e+03 9.657448390000001324e-06
7.402354308749077973e+03 8.516391971999999572e-06
7.407354308749077973e+03 1.034029992000000132e-05
7.412354308749077973e+03 7.162148831000000213e-06
7.417354308749077973e+03 8.039149105999999866e-06
7.422354308749077973e+03 6.575744482999999254e-06
7.427354308749077973e+03 5.716865998999999434e-06
7.432354308749077973e+03 4.124676342999999923e-06
7.437354308749077973e+03 5.267137311999999759e-06
7.442354308749077973e+03 8.077548700000001066e-06
7.447354308749077973e+03 6.627338589000000173e-06
7.452354308749077973e+03 6.382451392999999633e-06
7.457354308749077973e+03 7.108929567000000028e-06
7.462354308749077973e+03 7.758128922000000828e-06
7.467354308749077973e+03 6.801366689999999880e-06
7.472354308749077973e+03 5.783216910999999151e-06
7.477354308749077973e+03 8.246818906999999626e-06
7.482354308749077973e+03 7.883871439999998911e-06
7.487354308749077973e+03 9.058904834000000166e-06
7.492354308749077973e+03 1.043114811000000020e-05
7.497354308749077973e+03 1.139621250000000028e-05
7.502354308749077973e+03 1.018791109999999951e-05
7.507354308749077973e+03 1.153969555000000083e-05
7.512354308749077973e+03 1.603807090000000055e-05
7.517354308749077973e+03 1.553862588000000047e-05
7.522354308749077973e+03 1.959389541000000149e-05
7.527354308749077973e+03 2.192526124000000081e-05
7.532354308749077973e+03 2.327259862999999838e-05
7.537354308749077973e+03 3.085954348000000092e-05
7.542354308749077973e+03 3.415334037999999997e-05
7.547354308749077973e+03 3.784518688999999775e-05
7.552354308749077973e+03 4.682470579000000253e-05
7.557354308749077973e+03 5.171784199999999624e-05
7.562354308749077973e+03 5.434398073999999927e-05
7.567354308749077973e+03 5.889769643999999833e-05
7.572354308749077973e+03 6.319102830999999984e-05
7.577354308749077973e+03 6.403011270000000287e-05
7.582354308749077973e+03 6.592211778999999979e-05
7.587354308749077973e+03 6.470972672000000695e-05
7.592354308749077973e+03 6.447357590999999125e-05
7.597354308749077973e+03 6.339149083999999588e-05
7.602354308749077973e+03 6.106663961000000193e-05
7.607354308749077973e+03 5.788723007000000121e-05
7.612354308749077973e+03 5.907119251999999355e-05
7.617354308749077973e+03 5.694045219999999997e-05
7.622354308749077973e+03 5.701953545000000318e-05
7.627354308749077973e+03 5.781171378000000293e-05
7.632354308749077973e+03 6.253921427000000964e-05
7.637354308749077973e+03 6.202907300999999465e-05
7.642354308749077973e+03 6.432991475000000424e-05
7.647354308749077973e+03 6.875414867000000270e-05
7.652354308749077973e+03 7.105492986999999724e-05
7.657354308749077973e+03 7.664336822999999043e-05
7.662354308749077973e+03 7.935598493000000069e-05
7.667354308749077973e+03 7.862389088000000200e-05
7.672354308749077973e+03 8.374956435999999040e-05
7.677354308749077973e+03 7.917331531999999175e-05
7.682354308749077973e+03 7.818064651999999837e-05
7.687354308749077973e+03 7.116815075000000102e-05
7.692354308749077973e+03 6.425804923999999690e-05
7.697354308749077973e+03 5.792664363999999516e-05
7.702354308749077973e+03 5.087846890000000111e-05
7.707354308749077973e+03 4.318757448000000025e-05
7.712354308749077973e+03 3.865391713999999672e-05
7.717354308749077973e+03 3.312998916999999990e-05
7.722354308749077973e+03 2.863494213999999834e-05
7.727354308749077973e+03 2.677639014999999665e-05
7.732354308749077973e+03 2.125266938999999911e-05
7.737354308749077973e+03 2.026845933999999946e-05
7.742354308749077973e+03 1.827075029999999933e-05
7.747354308749077973e+03 1.645233482000000054e-05
7.752354308749077973e+03 1.724311033999999910e-05
7.757354308749077973e+03 1.557299052000000184e-05
7.762354308749077973e+03 1.369848847000000011e-05
7.767354308749077973e+03 1.319452188999999920e-05
7.772354308749077973e+03 1.134121091999999889e-05
7.777354308749077973e+03 1.328024198000000059e-05
7.782354308749077973e+03 1.238979166000000018e-05
7.787354308749077973e+03 1.055069384000000015e-05
7.792354308749077973e+03 1.012594556000000084e-05
7.797354308749077973e+03 1.402826980000000057e-05
7.802354308749077973e+03 1.230437076000000011e-05
7.807354308749077973e+03 1.170005067000000000e-05
7.812354308749077973e+03 1.219076570000000075e-05
7.817354308749077973e+03 1.164573593999999881e-05
7.822354308749077973e+03 1.296690199999999994e-05
7.827354308749077973e+03 1.165328314999999995e-05
7.832354308749077973e+03 1.141612301999999992e-05
7.837354308749077973e+03 1.235274482000000071e-05
7.842354308749077973e+03 1.555018708999999848e-05
7.847354308749077973e+03 1.530588604999999944e-05
7.852354308749077973e+03 1.563178142999999891e-05
7.857354308749077973e+03 1.903745228999999893e-05
7.862354308749077973e+03 1.855108304999999858e-05
7.867354308749077973e+03 1.971450633999999959e-05
7.872354308749077973e+03 2.350714755999999952e-05
7.877354308749077973e+03 2.550220117000000103e-05
7.882354308749077973e+03 2.731687621999999985e-05
7.887354308749077973e+03 3.222320694000000026e-05
7.892354308749077973e+03 3.499279032000000194e-05
7.897354308749077973e+03 3.962104673999999866e-05
7.902354308749077973e+03 4.433253780000000362e-05
7.907354308749077973e+03 4.842290655000000381e-05
7.912354308749077973e+03 5.232165102000000317e-05
7.917354308749077973e+03 5.581813399000000334e-05
7.922354308749077973e+03 5.802514497000000145e-05
7.927354308749077973e+03 6.215421949000000219e-05
7.932354308749077973e+03 6.208237261000000334e-05
7.937354308749077973e+03 6.402497644999999423e-05
7.942354308749077973e+03 6.411672569999999174e-05
7.947354308749077973e+03 6.120223552000000173e-05
7.952354308749077973e+03 5.910671316000000057e-05
7.957354308749077973e+03 5.800126586000000598e-05
7.962354308749077973e+03 5.642466712999999950e-05
7.967354308749077973e+03 5.048926454000000349e-05
7.972354308749077973e+03 5.285685416000000353e-05
7.977354308749077973e+03 4.973125644000000144e-05
7.982354308749077973e+03 4.802516195999999895e-05
7.987354308749077973e+03 4.781042226000000123e-05
7.992354308749077973e+03 4.491320810999999884e-05
7.997354308749077973e+03 4.627036396000000566e-05
8.002354308749077973e+03 4.420780576999999749e-05
8.007354308749077973e+03 4.607262089999999575e-05
8.012354308749077973e+03 4.436258692000000025e-05
8.017354308749077973e+03 4.730652085999999831e-05
8.022354308749077973e+03 4.549419041999999420e-05
8.027354308749077973e+03 5.040075164000000192e-05
8.032354308749077973e+03 4.854677710999999929e-05
8.037354308749077973e+03 4.830946680000000208e-05
8.042354308749077973e+03 4.851493983999999744e-05
8.047354308749077973e+03 4.871257580999999940e-05
8.052354308749077973e+03 4.943666513999999562e-05
8.057354308749077973e+03 4.922989289999999692e-05
8.062354308749077973e+03 4.859192762999999768e-05
8.067354308749077973e+03 4.703690764000000507e-05
8.072354308749077973e+03 4.732132423999999856e-05
8.077354308749077973e+03 4.541864153000000557e-05
8.082354308749077973e+03 4.326913505999999680e-05
8.087354308749077973e+03 4.300365690000000038e-05
8.092354308749077973e+03 3.994490485999999368e-05
8.097354308749077973e+03 3.917228896000000163e-05
8.102354308749077973e+03 3.466182854000000136e-05
8.107354308749077973e+03 3.488000482000000159e-05
8.112354308749077973e+03 3.324263262999999915e-05
8.117354308749077973e+03 3.493608906999999780e-05
8.122354308749077973e+03 3.066994016999999902e-05
8.127354308749077973e+03 2.785841702000000028e-05
8.132354308749077973e+03 2.650318202000000105e-05
8.137354308749077973e+03 2.524441574000000000e-05
8.142354308749077973e+03 2.499995753000000109e-05
8.147354308749077973e+03 2.492754719999999989e-05
8.152354308749077973e+03 2.523284172999999960e-05
8.157354308749077973e+03 2.297163009999999908e-05
8.162354308749077973e+03 2.225898439000000101e-05
8.167354308749077973e+03 2.531513571999999753e-05
8.172354308749077973e+03 2.352308481999999717e-05
8.177354308749077973e+03 2.124432940000000166e-05
8.182354308749077973e+03 2.172722480999999926e-05
8.187354308749077973e+03 2.270912519000000093e-05
8.192354308749077973e+03 2.346053021000000190e-05
8.197354308749077973e+03 2.519780770000000164e-05
8.202354308749077973e+03 2.623082836999999647e-05
8.207354308749077973e+03 2.550718607000000254e-05
8.212354308749077973e+03 2.898623002999999859e-05
8.217354308749077973e+03 2.838376908999999782e-05
8.222354308749077973e+03 3.027029103000000208e-05
8.227354308749077973e+03 3.290393854999999962e-05
8.232354308749077973e+03 3.581157186999999674e-05
8.237354308749077973e+03 3.779396879999999626e-05
8.242354308749077973e+03 4.351442213999999568e-05
8.247354308749077973e+03 4.721120930999999542e-05
8.252354308749077973e+03 5.211440381000000122e-05
8.257354308749077973e+03 5.617454647999999982e-05
8.262354308749077973e+03 6.523220334000000438e-05
8.267354308749077973e+03 7.070446853000000040e-05
8.272354308749077973e+03 7.965415716000000008e-05
8.277354308749077973e+03 8.386296220000000591e-05
8.282354308749077973e+03 8.871302940000000165e-05
8.287354308749077973e+03 9.310937486999999713e-05
8.292354308749077973e+03 9.713179432000000884e-05
8.297354308749077973e+03 9.347907268000000256e-05
8.302354308749077973e+03 9.278734215000000079e-05
8.307354308749077973e+03 9.048216976000000801e-05
8.312354308749077973e+03 8.583376183999999682e-05
8.317354308749077973e+03 8.003434166000000121e-05
8.322354308749077973e+03 6.947347894000000857e-05
8.327354308749077973e+03 6.530384998999999666e-05
8.332354308749077973e+03 6.130127235999999246e-05
8.337354308749077973e+03 5.561965517999999922e-05
8.342354308749077973e+03 4.914325661999999645e-05
8.347354308749077973e+03 4.585891495999999733e-05
8.352354308749077973e+03 4.194336011999999741e-05
8.357354308749077973e+03 3.997738007000000191e-05
8.362354308749077973e+03 3.580043324999999959e-05
8.367354308749077973e+03 3.302445868000000208e-05
8.372354308749077973e+03 3.088207450000000058e-05
8.377354308749077973e+03 2.957851859000000053e-05
8.382354308749077973e+03 3.044673241999999798e-05
8.387354308749077973e+03 2.858634571999999835e-05
8.392354308749077973e+03 2.860153792000000254e-05
8.397354308749077973e+03 2.698091789999999875e-05
8.402354308749077973e+03 2.543957904000000139e-05
8.407354308749077973e+03 2.695281524000000075e-05
8.412354308749077973e+03 2.754367421999999693e-05
8.417354308749077973e+03 2.672643400999999826e-05
8.422354308749077973e+03 2.368426881999999783e-05
8.427354308749077973e+03 2.530243247999999944e-05
8.432354308749077973e+03 2.464546124000000231e-05
8.437354308749077973e+03 2.064503496999999928e-05
8.442354308749077973e+03 2.287873066999999882e-05
8.447354308749077973e+03 2.324062865000000111e-05
8.452354308749077973e+03 2.096644603000000172e-05
8.457354308749077973e+03 1.994928811000000086e-05
8.462354308749077973e+03 1.763961743999999853e-05
8.467354308749077973e+03 1.668963347999999889e-05
8.472354308749077973e+03 1.450262731000000088e-05
8.477354308749077973e+03 1.471213297999999992e-05
8.482354308749077973e+03 1.299870782999999955e-05
8.487354308749077973e+03 1.420150394999999961e-05
8.492354308749077973e+03 1.131241326000000140e-05
8.497354308749077973e+03 1.158129773000000127e-05
8.502354308749077973e+03 1.101233065000000044e-05
8.507354308749077973e+03 9.751198230999999955e-06
8.512354308749077973e+03 1.349876053000000001e-05
8.517354308749077973e+03 1.019714284000000141e-05
8.522354308749077973e+03 9.088967926999999943e-06
8.527354308749077973e+03 1.101669622999999915e-05
8.532354308749077973e+03 8.221194729999999469e-06
8.537354308749077973e+03 7.672730134999999977e-06
8.542354308749077973e+03 8.439614903000000010e-06
8.547354308749077973e+03 6.324300192999999911e-06
8.552354308749077973e+03 5.681312176999999734e-06
8.557354308749077973e+03 5.234461277999999959e-06
8.562354308749077973e+03 6.325210560999999684e-06
8.567354308749077973e+03 5.059866235000000059e-06
8.572354308749077973e+03 2.262946799999999904e-06
8.577354308749077973e+03 6.816381937999999144e-06
8.582354308749077973e+03 3.000742580999999690e-06
8.587354308749077973e+03 2.559731074000000096e-06
8.592354308749077973e+03 3.189952986000000297e-06
8.597354308749077973e+03 2.274164871999999809e-06
8.602354308749077973e+03 2.521748828999999920e-06
8.607354308749077973e+03 2.741919888999999999e-06
8.612354308749077973e+03 2.968581393000000418e-06
8.617354308749077973e+03 2.252710400999999979e-06
8.622354308749077973e+03 1.460863423000000049e-06
8.627354308749077973e+03 2.565581234999999849e-06
8.632354308749077973e+03 1.360166207000000041e-06
8.637354308749077973e+03 1.539913063999999815e-06
8.642354308749077973e+03 -1.690000000000000178e-07
8.647354308749077973e+03 -3.779999999999999702e-07
8.652354308749077973e+03 5.819999999999999970e-07
8.657354308749077973e+03 6.190000000000000239e-07
8.662354308749077973e+03 -9.320000000000000341e-07
8.667354308749077973e+03 3.197178302999999819e-06
8.672354308749077973e+03 5.670000000000000347e-07
8.677354308749077973e+03 -3.660000000000000216e-07
8.682354308749077973e+03 1.704010065000000100e-06
8.687354308749077973e+03 1.180000000000000111e-07
8.692354308749077973e+03 8.289999999999999191e-07
8.697354308749077973e+03 4.309999999999999816e-07
8.702354308749077973e+03 -2.134242967999999839e-06
8.707354308749077973e+03 1.800830941999999989e-06
8.712354308749077973e+03 -5.959999999999999900e-07
8.717354308749077973e+03 1.776144200000000063e-06
8.722354308749077973e+03 -1.726661139000000086e-06
8.727354308749077973e+03 1.654892403000000105e-06
8.732354308749077973e+03 2.004331035999999948e-06
8.737354308749077973e+03 4.710000000000000221e-07
8.742354308749077973e+03 7.989999999999999945e-07
8.747354308749077973e+03 -1.618762035000000100e-06
8.752354308749077973e+03 -6.230000000000000067e-07
8.757354308749077973e+03 1.597702066999999947e-06
8.762354308749077973e+03 5.920000000000000071e-08
8.767354308749077973e+03 -1.720000000000000182e-08
8.772354308749077973e+03 -7.830000000000000630e-07
8.777354308749077973e+03 2.390000000000000093e-07
8.782354308749077973e+03 1.483508822000000095e-06
8.787354308749077973e+03 1.320000000000000173e-07
8.792354308749077973e+03 9.789999999999998593e-07
8.797354308749077973e+03 2.004323759999999813e-06
8.802354308749077973e+03 2.731627610000000234e-06
8.807354308749077973e+03 1.460997737000000016e-06
8.812354308749077973e+03 4.259999999999999765e-07
8.817354308749077973e+03 3.890111111000000421e-06
8.822354308749077973e+03 2.158329880000000125e-06
8.827354308749077973e+03 4.419999999999999609e-07
8.832354308749077973e+03 -2.159268188000000029e-06
8.837354308749077973e+03 1.927316188999999916e-06
8.842354308749077973e+03 -5.090000000000000183e-07
8.847354308749077973e+03 4.738639400000000450e-06
8.852354308749077973e+03 1.595147477999999838e-06
8.857354308749077973e+03 3.133081772999999544e-06
8.862354308749077973e+03 5.100626731000000431e-06
8.867354308749077973e+03 7.067271507999999641e-06
8.872354308749077973e+03 7.878231118000000665e-06
8.877354308749077973e+03 1.242060213999999901e-05
8.882354308749077973e+03 1.679250038999999882e-05
8.887354308749077973e+03 2.793141640999999826e-05
8.892354308749077973e+03 3.109283280000000194e-05
8.897354308749077973e+03 3.552770707999999979e-05
8.902354308749077973e+03 3.969785291999999762e-05
8.907354308749077973e+03 3.687004559000000062e-05
8.912354308749077973e+03 2.874661469999999973e-05
8.917354308749077973e+03 2.537109656000000114e-05
8.922354308749077973e+03 2.115072681999999755e-05
8.927354308749077973e+03 1.514879521000000075e-05
8.932354308749077973e+03 1.031367224999999996e-05
8.937354308749077973e+03 9.796017547999998749e-06
8.942354308749077973e+03 6.496983696999999422e-06
8.947354308749077973e+03 4.887603572999999737e-06
8.952354308749077973e+03 4.337879946000000317e-06
8.957354308749077973e+03 2.570000000000000381e-07
8.962354308749077973e+03 6.431739311999999218e-06
8.967354308749077973e+03 1.605577999999999953e-06
8.972354308749077973e+03 2.683463971999999978e-06
8.977354308749077973e+03 2.807956771000000045e-06
8.982354308749077973e+03 3.265244595000000186e-06
8.987354308749077973e+03 2.538289991000000126e-06
8.992354308749077973e+03 1.922420051000000005e-06
8.997354308749077973e+03 1.177337689999999859e-06
9.002354308749077973e+03 2.247889642999999916e-06
9.007354308749077973e+03 2.998657873999999632e-06
9.012354308749077973e+03 9.880000000000001120e-07
9.017354308749077973e+03 4.220000000000000465e-07
9.022354308749077973e+03 3.817597170999999676e-06
9.027354308749077973e+03 4.514704051000000561e-06
9.032354308749077973e+03 3.519997117000000203e-06
9.037354308749077973e+03 2.205533092000000076e-06
9.042354308749077973e+03 1.317313435999999899e-06
9.047354308749077973e+03 2.790834988000000316e-06
9.052354308749077973e+03 1.253088558000000122e-06
9.057354308749077973e+03 6.370787741999999849e-06
9.062354308749077973e+03 4.496801994000000119e-06
9.067354308749077973e+03 3.634649911000000212e-06
9.072354308749077973e+03 4.882738284999999714e-06
9.077354308749077973e+03 4.294835961999999741e-06
9.082354308749077973e+03 2.068835310999999867e-06
9.087354308749077973e+03 5.548619664999999351e-06
9.092354308749077973e+03 4.964102990999999138e-06
9.097354308749077973e+03 7.614241330999999985e-06
9.102354308749077973e+03 8.529718033999998973e-06
9.107354308749077973e+03 1.269489178000000131e-05
9.112354308749077973e+03 6.714029587000000290e-06
9.117354308749077973e+03 1.010020729000000112e-05
9.122354308749077973e+03 1.389440614999999913e-05
9.127354308749077973e+03 1.223585568000000104e-05
9.132354308749077973e+03 1.178546924999999843e-05
9.137354308749077973e+03 1.271770103000000079e-05
9.142354308749077973e+03 1.435669371999999936e-05
9.147354308749077973e+03 1.696258899999999908e-05
9.152354308749077973e+03 1.779629034000000114e-05
9.157354308749077973e+03 1.803593826000000070e-05
9.162354308749077973e+03 1.941092894000000116e-05
9.167354308749077973e+03 2.519975882000000320e-05
9.172354308749077973e+03 1.846005557999999989e-05
9.177354308749077973e+03 1.237170771000000072e-05
9.182354308749077973e+03 1.683141803000000157e-05
9.187354308749077973e+03 1.569373881999999829e-05
9.192354308749077973e+03 1.751877832999999983e-05
9.197354308749077973e+03 1.099167740999999846e-05
9.202354308749077973e+03 1.531049143999999964e-05
9.207354308749077973e+03 8.968260953999998932e-06
9.212354308749077973e+03 1.350132980999999931e-05
9.217354308749077973e+03 1.235232920999999932e-05
9.222354308749077973e+03 9.077126159999999907e-06
9.227354308749077973e+03 6.623619120000000317e-06
9.232354308749077973e+03 1.663152711000000022e-05
9.237354308749077973e+03 4.711030341999999612e-06
9.242354308749077973e+03 5.730692645999999830e-06
9.247354308749077973e+03 4.162308759999999532e-06
9.252354308749077973e+03 8.452633629000000094e-06
9.257354308749077973e+03 1.279211486999999898e-05
9.262354308749077973e+03 1.630430924999999936e-05
9.267354308749077973e+03 1.504251267999999981e-06
9.272354308749077973e+03 -3.756635706000000306e-06
9.277354308749077973e+03 1.232010312000000031e-05
9.282354308749077973e+03 -5.130000000000000011e-07
9.287354308749077973e+03 2.848531585000000036e-06
9.292354308749077973e+03 1.120751374000000014e-05
9.297354308749077973e+03 1.386349206000000075e-05
9.302354308749077973e+03 5.264666396999999727e-06
9.307354308749077973e+03 8.620374719999999438e-06
9.312354308749077973e+03 1.022348646000000005e-05
9.317354308749077973e+03 1.694733161000000046e-05
9.322354308749077973e+03 8.256970323000000761e-06
9.327354308749077973e+03 -2.904658031000000234e-06
9.332354308749077973e+03 -5.665285279999999748e-06
9.337354308749077973e+03 1.084402086999999954e-05
9.342354308749077973e+03 4.840912006000000244e-06
9.347354308749077973e+03 1.480659121000000119e-06
9.352354308749077973e+03 1.018731621999999982e-05
9.357354308749077973e+03 3.792183123999999646e-06
9.362354308749077973e+03 1.910979859999999871e-05
9.367354308749077973e+03 1.134136925000000043e-05
9.372354308749077973e+03 1.746189780999999740e-05
9.377354308749077973e+03 5.658114096000000399e-06
9.382354308749077973e+03 1.198608195000000028e-05
9.387354308749077973e+03 6.359382532999999685e-06
9.392354308749077973e+03 1.263732207000000076e-05
9.397354308749077973e+03 1.684891642000000043e-05
9.402354308749077973e+03 6.063709152000000232e-06
9.407354308749077973e+03 1.410633557999999983e-05
9.412354308749077973e+03 3.374188381999999809e-06
9.417354308749077973e+03 1.189951319000000079e-05
9.422354308749077973e+03 1.360929454999999937e-05
9.427354308749077973e+03 2.013158984000000093e-05
9.432354308749077973e+03 3.190294140999999748e-05
9.437354308749077973e+03 3.005653153999999808e-05
9.442354308749077973e+03 3.512461669999999742e-05
9.447354308749077973e+03 1.624033204000000121e-05
9.452354308749077973e+03 2.844140398999999957e-05
9.457354308749077973e+03 3.053331979999999936e-05
9.462354308749077973e+03 3.472349606000000189e-05
9.467354308749077973e+03 3.913869615999999811e-05
9.472354308749077973e+03 4.289383068999999934e-05
9.477354308749077973e+03 5.241399631000000372e-05
9.482354308749077973e+03 4.157970193999999749e-05
9.487354308749077973e+03 4.939844365999999741e-05
9.492354308749077973e+03 4.274541978000000430e-05
9.497354308749077973e+03 4.533527885000000128e-05
9.502354308749077973e+03 3.103425028000000039e-05
9.507354308749077973e+03 2.275474369999999971e-05
9.512354308749077973e+03 1.925225602000000128e-05
9.517354308749077973e+03 2.406544518000000170e-05
9.522354308749077973e+03 1.950101111999999983e-05
9.527354308749077973e+03 2.154791960000000247e-05
9.532354308749077973e+03 1.821826794000000157e-05
9.537354308749077973e+03 2.427377971000000157e-05
9.542354308749077973e+03 1.540292519999999945e-05
9.547354308749077973e+03 1.929377904000000003e-05
9.552354308749077973e+03 1.677027670999999977e-05
9.557354308749077973e+03 1.758597557999999893e-05
9.562354308749077973e+03 1.096286462000000051e-05
9.567354308749077973e+03 4.801819159000000066e-06
9.572354308749077973e+03 1.103519229000000044e-05
9.577354308749077973e+03 2.693063346999999809e-05
9.582354308749077973e+03 2.017327350999999946e-05
9.587354308749077973e+03 1.535306917999999918e-05
9.592354308749077973e+03 1.191130373999999937e-05
9.597354308749077973e+03 1.371823833000000013e-05
9.602354308749077973e+03 4.429999999999999831e-07
9.607354308749077973e+03 1.370738260000000066e-05
9.612354308749077973e+03 1.004214981000000001e-05
9.617354308749077973e+03 7.705374736999999260e-06
9.622354308749077973e+03 3.091364399999999523e-05
9.627354308749077973e+03 8.118198601999999424e-06
9.632354308749077973e+03 1.346893724999999930e-05
9.637354308749077973e+03 1.359822577999999959e-05
9.642354308749077973e+03 -4.860811167999999970e-06
9.647354308749077973e+03 1.055762055000000058e-05
9.652354308749077973e+03 1.779412384999999781e-05
9.657354308749077973e+03 7.436384330999999665e-06
9.662354308749077973e+03 1.273369998999999991e-05
9.667354308749077973e+03 2.086825901999999890e-05
9.672354308749077973e+03 1.805511652000000078e-05
9.677354308749077973e+03 7.457179016999999103e-06
9.682354308749077973e+03 1.658874679999999791e-05
9.687354308749077973e+03 2.207526470999999777e-05
9.692354308749077973e+03 2.148954198000000007e-05
9.697354308749077973e+03 2.690410474000000030e-05
9.702354308749077973e+03 3.581029596000000144e-05
9.707354308749077973e+03 4.730410408000000291e-05
9.712354308749077973e+03 5.715795327000000071e-05
9.717354308749077973e+03 5.645702592999999394e-05
9.722354308749077973e+03 7.548375987000000681e-05
9.727354308749077973e+03 6.486628204999999919e-05
9.732354308749077973e+03 4.961123689999999989e-05
9.737354308749077973e+03 4.661886486999999830e-05
9.742354308749077973e+03 3.256421769000000029e-05
9.747354308749077973e+03 1.642071990999999977e-05
9.752354308749077973e+03 1.967619638999999873e-05
9.757354308749077973e+03 5.015705828999999969e-06
9.762354308749077973e+03 -2.499999999999999887e-07
9.767354308749077973e+03 1.317239831999999843e-05
9.772354308749077973e+03 6.179315969000000082e-06
9.777354308749077973e+03 1.370768179000000029e-05
9.782354308749077973e+03 8.211222011999999215e-06
9.787354308749077973e+03 2.938655379999999842e-06
9.792354308749077973e+03 4.836805165000000002e-06
9.797354308749077973e+03 -1.129596420999999991e-06
9.802354308749077973e+03 3.914605768000000350e-06
9.807354308749077973e+03 1.489448942999999858e-05
9.812354308749077973e+03 9.440925204999999528e-06
9.817354308749077973e+03 -1.892865402999999876e-06
9.822354308749077973e+03 -3.681128146000000033e-06
9.827354308749077973e+03 9.946365608000001630e-06
9.832354308749077973e+03 5.874408525000000358e-06
9.837354308749077973e+03 -4.881322092999999742e-06
9.842354308749077973e+03 5.551466601999999889e-06
9.847354308749077973e+03 4.570063029000000123e-06
9.852354308749077973e+03 1.041883718999999884e-05
9.857354308749077973e+03 6.112516857999999453e-06
9.862354308749077973e+03 9.009999999999999285e-07
9.867354308749077973e+03 9.560683974999999786e-06
9.872354308749077973e+03 6.793955689999999655e-06
9.877354308749077973e+03 -1.853995781999999898e-06
9.882354308749077973e+03 3.661699884000000028e-06
9.887354308749077973e+03 5.464540445000000014e-06
9.892354308749077973e+03 8.410240988999999890e-06
9.897354308749077973e+03 2.015900682000000190e-06
9.902354308749077973e+03 -1.040000000000000048e-07
9.907354308749077973e+03 1.127521739999999965e-05
9.912354308749077973e+03 -5.213322583999999466e-06
9.917354308749077973e+03 6.593412835999999816e-06
9.922354308749077973e+03 -1.101806760000000149e-05
9.927354308749077973e+03 -3.666298288999999988e-06
9.932354308749077973e+03 8.628205977999999274e-06
9.937354308749077973e+03 9.918874129999999138e-06
9.942354308749077973e+03 -9.829703486000000246e-06
9.947354308749077973e+03 -1.238367840000000096e-06
9.952354308749077973e+03 5.602561286999999377e-06
9.957354308749077973e+03 -9.600000000000001260e-07
9.962354308749077973e+03 -1.513836323000000170e-06
9.967354308749077973e+03 3.996160231000000220e-06
9.972354308749077973e+03 3.375713713000000225e-06
9.977354308749077973e+03 1.423741342000000024e-05
9.982354308749077973e+03 2.525532618000000163e-06
9.987354308749077973e+03 7.441925118000000543e-06
9.992354308749077973e+03 2.232375845999999843e-06
9.997354308749077973e+03 3.885559563000000499e-06
1.000235430874907797e+04 -2.093874791000000116e-06
1.000735430874907797e+04 2.169606013999999951e-06
1.001235430874907797e+04 4.901381325999999589e-06
1.001735430874907797e+04 -2.181641612000000176e-06
1.002235430874907797e+04 5.267363157999999298e-06
1.002735430874907797e+04 1.757464837000000102e-05
1.003235430874907797e+04 8.884955896000000584e-06
1.003735430874907797e+04 4.761665477000000528e-06
1.004235430874907797e+04 -5.193517426999999283e-06
1.004735430874907797e+04 4.902973304999999518e-06
1.005235430874907797e+04 1.363124319999999835e-06
1.005735430874907797e+04 -2.380866644999999964e-06
1.006235430874907797e+04 1.283619435999999989e-05
1.006735430874907797e+04 1.657551474999999861e-06
1.007235430874907797e+04 1.252221526000000002e-05
1.007735430874907797e+04 8.641273015999999274e-06
1.008235430874907797e+04 9.765260038000000430e-06
1.008735430874907797e+04 7.689901394999999930e-06
1.009235430874907797e+04 -2.029580355000000010e-06
1.009735430874907797e+04 1.026995247000000052e-05
1.010235430874907797e+04 5.895531503000000169e-06
1.010735430874907797e+04 2.951330389000000033e-06
1.011235430874907797e+04 2.474263892999999962e-06
1.011735430874907797e+04 1.982587622000000330e-05
1.012235430874907797e+04 1.141775050000000062e-05
1.012735430874907797e+04 1.504358252999999936e-05
1.013235430874907797e+04 1.133488840000000080e-05
1.013735430874907797e+04 2.936127420999999983e-06
1.014235430874907797e+04 -1.459407357999999962e-06
1.014735430874907797e+04 9.518073057000000391e-06
1.015235430874907797e+04 4.998905932999999931e-06
1.015735430874907797e+04 4.110861918999999502e-06
1.016235430874907797e+04 1.362541341000000017e-05
1.016735430874907797e+04 6.228074199000000670e-06
1.017235430874907797e+04 3.149086260000000188e-06
1.017735430874907797e+04 1.982630695999999668e-05
1.018235430874907797e+04 1.439716433999999895e-05
1.018735430874907797e+04 1.133372642999999996e-06
1.019235430874907797e+04 -1.025439923999999939e-06
1.019735430874907797e+04 1.486174529000000181e-05
1.020235430874907797e+04 1.982270041000000124e-06
1.020735430874907797e+04 1.514289760999999991e-05
1.021235430874907797e+04 4.694642557000000020e-06
1.021735430874907797e+04 8.989798371000000011e-06
1.022235430874907797e+04 1.502521102999999930e-05
1.022735430874907797e+04 8.767155231999999913e-06
1.023235430874907797e+04 1.681979628999999849e-05
1.023735430874907797e+04 1.083556213000000055e-05
1.024235430874907797e+04 2.383901301000000119e-06
1.024735430874907797e+04 5.654904525999999537e-06
1.025235430874907797e+04 6.228318670999999800e-06
1.025735430874907797e+04 1.418937812999999927e-05
1.026235430874907797e+04 2.017808611999999876e-05
1.026735430874907797e+04 3.014855785000000239e-05
1.027235430874907797e+04 2.021864754999999891e-05
1.027735430874907797e+04 1.686655683000000075e-05
1.028235430874907797e+04 3.222964006000000230e-05
1.028735430874907797e+04 6.305850576999999643e-05
1.029235430874907797e+04 7.564314174999999668e-05
1.029735430874907797e+04 1.085764263000000055e-04
1.030235430874907797e+04 1.822433248000000024e-04
1.030735430874907797e+04 2.595375478000000284e-04
1.031235430874907797e+04 3.272193670000000097e-04
1.031735430874907797e+04 3.138388321000000003e-04
1.032235430874907797e+04 2.230225131000000086e-04
1.032735430874907797e+04 1.518912055000000189e-04
1.033235430874907797e+04 9.893598034999999185e-05
1.033735430874907797e+04 8.513112551999998804e-05
1.034235430874907797e+04 5.777545272999999538e-05
1.034735430874907797e+04 3.886721562999999964e-05
1.035235430874907797e+04 3.640244482000000188e-05
1.035735430874907797e+04 3.149559023000000251e-05
1.036235430874907797e+04 1.704180613000000089e-05
1.036735430874907797e+04 2.716544550000000028e-05
1.037235430874907797e+04 2.646393840999999937e-05
1.037735430874907797e+04 2.376073272999999929e-05
1.038235430874907797e+04 3.046113532000000238e-05
1.038735430874907797e+04 2.192280487999999862e-05
1.039235430874907797e+04 1.448970986999999912e-05
1.039735430874907797e+04 1.268320717000000035e-05
1.040235430874907797e+04 2.120393328000000084e-05
1.040735430874907797e+04 1.749705522999999848e-05
1.041235430874907797e+04 2.174255903999999795e-05
1.041735430874907797e+04 2.523901640000000029e-05
1.042235430874907797e+04 1.396470819999999872e-05
1.042735430874907797e+04 1.670217724000000039e-05
1.043235430874907797e+04 1.785769360000000064e-05
1.043735430874907797e+04 1.530166831999999982e-05
1.044235430874907797e+04 1.792654394999999978e-05
1.044735430874907797e+04 2.893880707999999923e-05
1.045235430874907797e+04 2.945763990000000183e-05
1.045735430874907797e+04 2.723016309999999932e-05
1.046235430874907797e+04 2.687609055999999800e-05
1.046735430874907797e+04 1.892862376000000013e-05
1.047235430874907797e+04 2.474241890000000255e-05
1.047735430874907797e+04 2.037537517000000012e-05
1.048235430874907797e+04 3.156534862000000144e-05
1.048735430874907797e+04 2.736229450000000223e-05
1.049235430874907797e+04 3.033933462999999813e-05
1.049735430874907797e+04 3.601379925000000029e-05
1.050235430874907797e+04 2.712983405000000118e-05
1.050735430874907797e+04 4.438920412000000069e-05
1.051235430874907797e+04 6.529917475000000587e-05
1.051735430874907797e+04 5.333270878000000024e-05
1.052235430874907797e+04 6.317884196000000800e-05
1.052735430874907797e+04 7.990994491000000006e-05
1.053235430874907797e+04 1.008433103999999977e-04
1.053735430874907797e+04 1.170075591999999987e-04
1.054235430874907797e+04 1.383756287000000083e-04
1.054735430874907797e+04 1.745000853999999918e-04
1.055235430874907797e+04 1.963634788999999955e-04
1.055735430874907797e+04 1.954487896999999755e-04
1.056235430874907797e+04 1.835468784000000159e-04
1.056735430874907797e+04 1.731457001999999877e-04
1.057235430874907797e+04 1.447093858999999973e-04
1.057735430874907797e+04 1.236780267000000167e-04
1.058235430874907797e+04 1.003290712999999968e-04
1.058735430874907797e+04 8.531711064000000648e-05
1.059235430874907797e+04 6.709223147000000116e-05
1.059735430874907797e+04 5.749438424000000175e-05
1.060235430874907797e+04 4.271426704000000102e-05
1.060735430874907797e+04 5.752403754999999512e-05
1.061235430874907797e+04 3.996787592999999952e-05
1.061735430874907797e+04 3.238887059999999841e-05
1.062235430874907797e+04 3.481341525999999761e-05
1.062735430874907797e+04 2.711042994999999671e-05
1.063235430874907797e+04 3.655943786999999714e-05
1.063735430874907797e+04 1.925630029000000230e-05
1.064235430874907797e+04 3.080868161999999929e-05
1.064735430874907797e+04 2.954718656999999913e-05
1.065235430874907797e+04 1.940905581999999963e-05
1.065735430874907797e+04 2.564640249999999911e-05
1.066235430874907797e+04 1.272640424000000080e-05
1.066735430874907797e+04 2.330088056999999788e-05
1.067235430874907797e+04 1.325654214999999985e-05
1.067735430874907797e+04 3.066239180000000130e-05
1.068235430874907797e+04 1.424121321000000040e-05
1.068735430874907797e+04 2.215011044999999948e-05
1.069235430874907797e+04 2.584753790999999825e-05
1.069735430874907797e+04 2.412802539999999818e-05
1.070235430874907797e+04 1.136670471000000115e-05
1.070735430874907797e+04 1.944444724000000081e-05
1.071235430874907797e+04 2.464001764999999985e-05
1.071735430874907797e+04 2.514075255000000080e-05
1.072235430874907797e+04 2.857287182000000202e-05
1.072735430874907797e+04 2.718613716000000229e-05
1.073235430874907797e+04 1.236481940999999881e-05
1.073735430874907797e+04 1.821471378000000241e-05
1.074235430874907797e+04 2.670140006000000049e-05
1.074735430874907797e+04 3.568750340000000141e-05
1.075235430874907797e+04 2.170751103999999781e-05
1.075735430874907797e+04 2.063832013000000106e-05
1.076235430874907797e+04 2.692674054000000099e-05
1.076735430874907797e+04 1.719239167999999854e-05
1.077235430874907797e+04 2.964991842999999727e-05
1.077735430874907797e+04 2.940655686000000213e-05
1.078235430874907797e+04 2.843067050000000137e-05
1.078735430874907797e+04 2.622420433999999711e-05
1.079235430874907797e+04 3.282384480999999874e-05
1.079735430874907797e+04 3.464891342000000124e-05
1.080235430874907797e+04 3.897394054000000315e-05
1.080735430874907797e+04 3.073142608999999471e-05
1.081235430874907797e+04 5.553252063999999423e-05
1.081735430874907797e+04 4.762164317000000297e-05
1.082235430874907797e+04 4.666589199999999457e-05
1.082735430874907797e+04 5.135880782999999503e-05
1.083235430874907797e+04 6.042310036999999780e-05
1.083735430874907797e+04 6.466506514999999689e-05
1.084235430874907797e+04 7.569064385999999943e-05
1.084735430874907797e+04 7.290571461999999648e-05
1.085235430874907797e+04 8.176338858999999070e-05
1.085735430874907797e+04 6.733745336999999865e-05
1.086235430874907797e+04 8.391243406000001195e-05
1.086735430874907797e+04 8.092998526999999693e-05
1.087235430874907797e+04 9.738746099000000582e-05
1.087735430874907797e+04 9.910716675000000959e-05
1.088235430874907797e+04 9.052277542999999415e-05
1.088735430874907797e+04 9.632653556999999590e-05
1.089235430874907797e+04 9.891616181000000951e-05
1.089735430874907797e+04 1.036653201999999962e-04
1.090235430874907797e+04 9.657802060000000030e-05
1.090735430874907797e+04 1.038202364000000041e-04
1.091235430874907797e+04 1.085843983999999909e-04
1.091735430874907797e+04 9.776347316999999990e-05
1.092235430874907797e+04 9.654726832999999304e-05
1.092735430874907797e+04 1.010386739000000028e-04
1.093235430874907797e+04 9.213136509000000973e-05
1.093735430874907797e+04 9.103630668999998878e-05
1.094235430874907797e+04 9.059802629000000514e-05
1.094735430874907797e+04 8.971193804999999034e-05
1.095235430874907797e+04 8.032634853999999220e-05
1.095735430874907797e+04 9.589645080000000867e-05
1.096235430874907797e+04 7.376241498000000519e-05
1.096735430874907797e+04 7.317044772000000960e-05
1.097235430874907797e+04 7.741661742000000609e-05
1.097735430874907797e+04 7.654567248999999960e-05
1.098235430874907797e+04 7.041964214000000504e-05
1.098735430874907797e+04 6.949817296000000504e-05
1.099235430874907797e+04 5.998757668000000409e-05
1.099735430874907797e+04 7.158338091999999237e-05
1.100235430874907797e+04 7.419805973999999869e-05
1.100735430874907797e+04 6.378796417000000176e-05
1.101235430874907797e+04 6.104903295999999533e-05
1.101735430874907797e+04 5.918848794000000586e-05
1.102235430874907797e+04 5.000826437000000549e-05
1.102735430874907797e+04 4.889111966000000417e-05
1.103235430874907797e+04 5.235571879999999283e-05
1.103735430874907797e+04 5.022122058999999397e-05
1.104235430874907797e+04 5.272860639000000166e-05
1.104735430874907797e+04 5.588937084999999374e-05
1.105235430874907797e+04 4.298054612999999981e-05
1.105735430874907797e+04 4.672746640000000290e-05
1.106235430874907797e+04 4.436141811000000255e-05
1.106735430874907797e+04 3.610129001999999837e-05
1.107235430874907797e+04 4.403423517999999860e-05
1.107735430874907797e+04 4.228338598999999419e-05
1.108235430874907797e+04 4.060321486999999771e-05
1.108735430874907797e+04 4.038929008000000098e-05
1.109235430874907797e+04 3.191837808000000100e-05
1.109735430874907797e+04 3.978928084999999590e-05
1.110235430874907797e+04 3.455047495999999960e-05
1.110735430874907797e+04 4.909908398999999861e-05
1.111235430874907797e+04 3.338297829000000020e-05
1.111735430874907797e+04 3.598599461999999686e-05
1.112235430874907797e+04 4.997634795000000007e-05
1.112735430874907797e+04 3.826620755999999912e-05
1.113235430874907797e+04 3.548044710999999661e-05
1.113735430874907797e+04 3.517325968000000028e-05
1.114235430874907797e+04 4.390926100000000325e-05
1.114735430874907797e+04 3.551577916000000286e-05
1.115235430874907797e+04 4.400500096000000653e-05
1.115735430874907797e+04 5.072523839999999712e-05
1.116235430874907797e+04 4.478771704999999368e-05
1.116735430874907797e+04 4.496038891000000558e-05
1.117235430874907797e+04 3.386291674999999810e-05
1.117735430874907797e+04 4.090647212999999654e-05
1.118235430874907797e+04 4.599109292000000312e-05
1.118735430874907797e+04 4.183135927000000053e-05
1.119235430874907797e+04 3.747525159000000263e-05
1.119735430874907797e+04 4.654733464000000270e-05
1.120235430874907797e+04 4.212583415000000289e-05
1.120735430874907797e+04 4.690138622999999896e-05
1.121235430874907797e+04 4.285275469999999949e-05
1.121735430874907797e+04 6.000997963999999448e-05
1.122235430874907797e+04 5.847135559000000065e-05
1.122735430874907797e+04 5.762114655000000267e-05
1.123235430874907797e+04 5.994627718000000640e-05
1.123735430874907797e+04 6.194772663999999652e-05
1.124235430874907797e+04 6.237457505999999458e-05
1.124735430874907797e+04 7.279804442000000311e-05
1.125235430874907797e+04 6.780275609000000218e-05
1.125735430874907797e+04 7.753863464999999496e-05
1.126235430874907797e+04 7.666045800000000077e-05
1.126735430874907797e+04 1.015152874999999960e-04
1.127235430874907797e+04 1.004773192000000029e-04
1.127735430874907797e+04 1.063601300000000004e-04
1.128235430874907797e+04 1.236648858000000009e-04
1.128735430874907797e+04 1.292316988000000123e-04
1.129235430874907797e+04 1.444047502999999948e-04
1.129735430874907797e+04 1.573594660000000173e-04
1.130235430874907797e+04 1.709637604999999930e-04
1.130735430874907797e+04 2.004875429000000276e-04
1.131235430874907797e+04 2.175216936000000053e-04
1.131735430874907797e+04 2.429741806999999884e-04
1.132235430874907797e+04 2.552139573000000239e-04
1.132735430874907797e+04 2.924064732999999872e-04
1.133235430874907797e+04 3.305748104999999427e-04
1.133735430874907797e+04 3.656044230000000494e-04
1.134235430874907797e+04 4.067434370999999582e-04
1.134735430874907797e+04 4.412986338000000203e-04
1.135235430874907797e+04 4.992035030999999578e-04
