2.500000000000000000e+03 5.096237572788234367e-03
2.600000000000000000e+03 6.663216450743681546e-03
2.700000000000000000e+03 9.678395809980195122e-03
2.800000000000000000e+03 1.990710763367853006e-02
2.900000000000000000e+03 4.285784346920991361e-02
3.000000000000000000e+03 7.574251089660416492e-02
3.100000000000000000e+03 1.118948656517592399e-01
3.200000000000000000e+03 1.479184563702675148e-01
3.300000000000000000e+03 1.939406886476516267e-01
3.400000000000000000e+03 2.551173749019874926e-01
3.500000000000000000e+03 3.472975394887615752e-01
3.600000000000000000e+03 4.226942307996123249e-01
3.700000000000000000e+03 5.269463362781329208e-01
3.800000000000000000e+03 6.562242744436967978e-01
3.900000000000000000e+03 7.538468940955793673e-01
4.000000000000000000e+03 8.191044686750084125e-01
4.100000000000000000e+03 8.712476965270983253e-01
4.200000000000000000e+03 8.973163809177433503e-01
4.300000000000000000e+03 9.149175014587417332e-01
4.400000000000000000e+03 9.241414316777999405e-01
4.500000000000000000e+03 9.270830565397734091e-01
4.600000000000000000e+03 9.268223886186065519e-01
4.700000000000000000e+03 9.251120135043894299e-01
4.800000000000000000e+03 9.241003454830551966e-01
4.900000000000000000e+03 9.234536835649448383e-01
5.000000000000000000e+03 9.202767145411571148e-01
5.100000000000000000e+03 9.147261412815329562e-01
5.200000000000000000e+03 9.137853701153241248e-01
5.300000000000000000e+03 9.104612681406221153e-01
5.400000000000000000e+03 9.132180193002453761e-01
5.500000000000000000e+03 9.102166298042229098e-01
5.600000000000000000e+03 9.102137793173548097e-01
5.700000000000000000e+03 9.075785366218058758e-01
5.800000000000000000e+03 9.078514898610302586e-01
5.900000000000000000e+03 9.052686134863244805e-01
6.000000000000000000e+03 9.052129520126998008e-01
6.100000000000000000e+03 9.024011943203320563e-01
6.200000000000000000e+03 9.018491070292570244e-01
6.300000000000000000e+03 9.000422326321332323e-01
6.400000000000000000e+03 8.976017004002755373e-01
6.500000000000000000e+03 8.940880736593073141e-01
6.600000000000000000e+03 8.907002708058963103e-01
6.700000000000000000e+03 8.866833387550223655e-01
6.800000000000000000e+03 8.824803284386594227e-01
6.900000000000000000e+03 8.779642362956755486e-01
7.000000000000000000e+03 8.730747166429915218e-01
7.100000000000000000e+03 8.677684333661537242e-01
7.200000000000000000e+03 8.619182672408119972e-01
7.300000000000000000e+03 8.555211291446833677e-01
7.400000000000000000e+03 8.484408004963476246e-01
7.500000000000000000e+03 8.405690762565942720e-01
7.600000000000000000e+03 8.317106431346168449e-01
7.700000000000000000e+03 8.217635317740842327e-01
7.800000000000000000e+03 8.105514967554936501e-01
7.900000000000000000e+03 7.978689908263147945e-01
8.000000000000000000e+03 7.835571762779589555e-01
8.100000000000000000e+03 7.672766130073228608e-01
8.200000000000000000e+03 7.488598414575825535e-01
8.300000000000000000e+03 7.277256224572798970e-01
8.400000000000000000e+03 7.045761514710304763e-01
8.500000000000000000e+03 6.788102213086273373e-01
8.600000000000000000e+03 6.503726230333176650e-01
8.700000000000000000e+03 6.192911643094131113e-01
8.800000000000000000e+03 5.856502104235344897e-01
8.900000000000000000e+03 5.496483894868285924e-01
9.000000000000000000e+03 5.115680168486155255e-01
9.100000000000000000e+03 4.717531386863953458e-01
9.200000000000000000e+03 4.306408203821402991e-01
9.300000000000000000e+03 3.887212412364997594e-01
9.400000000000000000e+03 3.465302481189246331e-01
9.500000000000000000e+03 3.046336359695542284e-01
9.600000000000000000e+03 2.636056631841550146e-01
9.700000000000000000e+03 2.240324178152372780e-01
9.800000000000000000e+03 1.864791906727344128e-01
9.900000000000000000e+03 1.514784919471539593e-01
1.000000000000000000e+04 1.195334270706198965e-01
1.010000000000000000e+04 9.110275861236563633e-02
1.020000000000000000e+04 6.659750057777324983e-02
1.030000000000000000e+04 4.637883171958211842e-02
1.040000000000000000e+04 3.061569087958285196e-02
1.050000000000000000e+04 1.842901948463974982e-02
