2.500000000000000000e+03 2.407694213384381499e-01
2.600000000000000000e+03 2.366229486814828420e-01
2.700000000000000000e+03 2.380622113344253443e-01
2.800000000000000000e+03 3.143024007306083889e-01
2.900000000000000000e+03 4.314092181907205892e-01
3.000000000000000000e+03 4.997314467304548313e-01
3.100000000000000000e+03 5.491296953928309632e-01
3.200000000000000000e+03 5.916536977071947812e-01
3.300000000000000000e+03 6.225351000848619032e-01
3.400000000000000000e+03 6.478612007510726745e-01
3.500000000000000000e+03 6.647242003549901357e-01
3.600000000000000000e+03 7.011061552167796584e-01
3.700000000000000000e+03 7.342194824543027964e-01
3.800000000000000000e+03 7.739037659917252787e-01
3.900000000000000000e+03 7.917125592613177831e-01
4.000000000000000000e+03 8.137137671812375572e-01
4.100000000000000000e+03 8.260936362642751218e-01
4.200000000000000000e+03 8.249133023667788445e-01
4.300000000000000000e+03 8.251879599890997730e-01
4.400000000000000000e+03 8.234053868460921022e-01
4.500000000000000000e+03 8.164576521064377257e-01
4.600000000000000000e+03 8.102028037782371683e-01
4.700000000000000000e+03 8.037548377833965141e-01
4.800000000000000000e+03 7.982508887406226661e-01
4.900000000000000000e+03 7.930433065884578969e-01
5.000000000000000000e+03 7.858614208012763003e-01
5.100000000000000000e+03 7.765165155336741787e-01
5.200000000000000000e+03 7.697852166399992146e-01
5.300000000000000000e+03 7.608792081722615119e-01
5.400000000000000000e+03 7.568738674631346752e-01
5.500000000000000000e+03 7.484073841848696285e-01
5.600000000000000000e+03 7.427861809973054230e-01
5.700000000000000000e+03 7.346951362138656183e-01
5.800000000000000000e+03 7.294936566928396093e-01
5.900000000000000000e+03 7.216328427918343724e-01
6.000000000000000000e+03 7.166758134800494950e-01
6.100000000000000000e+03 7.088539392534282113e-01
6.200000000000000000e+03 7.039060564690806654e-01
6.300000000000000000e+03 6.976767428268696447e-01
6.400000000000000000e+03 6.906540686630904258e-01
6.500000000000000000e+03 6.821304401340638757e-01
6.600000000000000000e+03 6.741349033938152102e-01
6.700000000000000000e+03 6.651113453651874563e-01
6.800000000000000000e+03 6.557244767019014819e-01
6.900000000000000000e+03 6.457439114494419874e-01
7.000000000000000000e+03 6.350576529008207238e-01
7.100000000000000000e+03 6.236127833439695234e-01
7.200000000000000000e+03 6.112705003434979467e-01
7.300000000000000000e+03 5.980220055213077979e-01
7.400000000000000000e+03 5.837775202484918324e-01
7.500000000000000000e+03 5.685188480734988392e-01
7.600000000000000000e+03 5.520443805205578203e-01
7.700000000000000000e+03 5.345017118538140100e-01
7.800000000000000000e+03 5.159126960546667195e-01
7.900000000000000000e+03 4.962842578673131166e-01
8.000000000000000000e+03 4.758528732598477640e-01
8.100000000000000000e+03 4.542660332495491726e-01
8.200000000000000000e+03 4.317670286711806638e-01
8.300000000000000000e+03 4.085392847967094787e-01
8.400000000000000000e+03 3.846154857180251740e-01
8.500000000000000000e+03 3.601701396095862706e-01
8.600000000000000000e+03 3.353508634345036543e-01
8.700000000000000000e+03 3.103470503634183641e-01
8.800000000000000000e+03 2.852702412465975557e-01
8.900000000000000000e+03 2.603305721196297329e-01
9.000000000000000000e+03 2.357316247295515310e-01
9.100000000000000000e+03 2.116131400913382199e-01
9.200000000000000000e+03 1.881789467145068284e-01
9.300000000000000000e+03 1.656033890061735236e-01
9.400000000000000000e+03 1.440514136488031671e-01
9.500000000000000000e+03 1.236758203224967156e-01
9.600000000000000000e+03 1.045981612656485260e-01
9.700000000000000000e+03 8.696345606792899030e-02
9.800000000000000000e+03 7.088125766082976897e-02
9.900000000000000000e+03 5.642543943965978859e-02
1.000000000000000000e+04 4.367151547226139074e-02
1.010000000000000000e+04 3.267243467962480802e-02
1.020000000000000000e+04 2.346202077907082531e-02
1.030000000000000000e+04 1.606041476682926183e-02
1.040000000000000000e+04 1.042655616288325898e-02
1.050000000000000000e+04 6.172419996955339633e-03
