2.500000000000000000e+03 5.096237572788234367e-03
2.521042084168336714e+03 5.568592043721786421e-03
2.542084168336673429e+03 5.919571622505530838e-03
2.563126252505010143e+03 6.198610726041630693e-03
2.584168336673346857e+03 6.455143771232239522e-03
2.605210420841683572e+03 6.738605174979515194e-03
2.626252505010019831e+03 7.098429354185607776e-03
2.647294589178356546e+03 7.584050725752689015e-03
2.668336673346693260e+03 8.244903706582915048e-03
2.689378757515029974e+03 9.130422713578433339e-03
2.710420841683366689e+03 1.029056201876056738e-02
2.731462925851703403e+03 1.178750422064882286e-02
2.752505010020040118e+03 1.369581309737163445e-02
2.773547094188376832e+03 1.609060285427759904e-02
2.794589178356713546e+03 1.904698769671531525e-02
2.815631262525050261e+03 2.263208283886600572e-02
2.836673346693386520e+03 2.684169842327136998e-02
2.857715430861723235e+03 3.163420370687033967e-02
2.878757515030059949e+03 3.696763617233206345e-02
2.899799599198396663e+03 4.280003330232577674e-02
2.920841683366733378e+03 4.908600603695852799e-02
2.941883767535070092e+03 5.576606187192807013e-02
2.962925851703406806e+03 6.277708026139995623e-02
2.983967935871743521e+03 7.005594065649357882e-02
3.005010020040080235e+03 7.753948857866370392e-02
3.026052104208416949e+03 8.515993448574600555e-02
3.047094188376753664e+03 9.284018695017183520e-02
3.068136272545089923e+03 1.005020427371233344e-01
3.089178356713427092e+03 1.080672986117833662e-01
3.110220440881763352e+03 1.154627984579991717e-01
3.131262525050100066e+03 1.227396441049300180e-01
3.152304609218436781e+03 1.300779137101170935e-01
3.173346693386773495e+03 1.376636766373011134e-01
3.194388777555110210e+03 1.456830022502227928e-01
3.215430861723446924e+03 1.543031606597939365e-01
3.236472945891783638e+03 1.635183728066338660e-01
3.257515030060119898e+03 1.732295978233759359e-01
3.278557114228457067e+03 1.833368908966130917e-01
3.299599198396793327e+03 1.937403072129365300e-01
3.320641282565130041e+03 2.044345897685165836e-01
3.341683366733466755e+03 2.158155108756056595e-01
3.362725450901803470e+03 2.283849934296288964e-01
3.383767535070140184e+03 2.426449610192333295e-01
3.404809619238476898e+03 2.590943046385875692e-01
3.425851703406813613e+03 2.777731228292608656e-01
3.446893787575150327e+03 2.977762212647899753e-01
3.467935871743487041e+03 3.180818224993255949e-01
3.488977955911823301e+03 3.376681490870183100e-01
3.510020040080160470e+03 3.555482585164768117e-01
3.531062124248496730e+03 3.716336360708845654e-01
3.552104208416833899e+03 3.867917769746623269e-01
3.573146292585170158e+03 4.019365417499902726e-01
3.594188376753506873e+03 4.179817909190507996e-01
3.615230460921843587e+03 4.357784195837109964e-01
3.636272545090180301e+03 4.555786399997882596e-01
3.657314629258517016e+03 4.773035331194860342e-01
3.678356713426853730e+03 5.008706816089147917e-01
3.699398797595190445e+03 5.261976681341844486e-01
3.720440881763526704e+03 5.530927040146365048e-01
3.741482965931863873e+03 5.808873430766893220e-01
3.762525050100200133e+03 6.087833205005772630e-01
3.783567134268537302e+03 6.359823686838376178e-01
3.804609218436873562e+03 6.616878057452409978e-01
3.825651302605210276e+03 6.853699280715592757e-01
3.846693386773546990e+03 7.070638458320180897e-01
3.867735470941883705e+03 7.268765288118663737e-01
3.888777555110220419e+03 7.449149467963533944e-01
3.909819639278556679e+03 7.612898594148326259e-01
3.930861723446893848e+03 7.762145178241238730e-01
3.951903807615230107e+03 7.900139791067030126e-01
3.972945891783567276e+03 8.030189574884357695e-01
3.993987975951903536e+03 8.155601671951857590e-01
4.015030060120240250e+03 8.279267521936924945e-01
4.036072144288576965e+03 8.399994702250430656e-01
4.057114228456913679e+03 8.514272832654399270e-01
4.078156312625250393e+03 8.618564927945008280e-01
4.099198396793586653e+03 8.709334002918440731e-01
4.120240480961923822e+03 8.784101140085213144e-01
4.141282565130260082e+03 8.845132559908394088e-01
4.162324649298597251e+03 8.896024150112071815e-01
4.183366733466933510e+03 8.940371864145131298e-01
4.204408817635270680e+03 8.981764603008642878e-01
4.225450901803606939e+03 9.022462780063938981e-01
4.246492985971943199e+03 9.061840706992890793e-01
4.267535070140280368e+03 9.098893986049483296e-01
4.288577154308617537e+03 9.132618219487703692e-01
4.309619238476953797e+03 9.162032519642170358e-01
4.330661322645290056e+03 9.186823344195274021e-01
4.351703406813627225e+03 9.207423481094072493e-01
4.372745490981963485e+03 9.224305087339083054e-01
4.393787575150300654e+03 9.237940319930842969e-01
4.414829659318636914e+03 9.248790523409925468e-01
4.435871743486974083e+03 9.257207257975067494e-01
4.456913827655310342e+03 9.263478144346429799e-01
4.477955911823646602e+03 9.267890008340619046e-01
4.498997995991983771e+03 9.270729675774243006e-01
4.520040080160320940e+03 9.272257404210499931e-01
4.541082164328657200e+03 9.272610835402063101e-01
4.562124248496993459e+03 9.271892262040442034e-01
4.583166332665330629e+03 9.270203973496115024e-01
4.604208416833667798e+03 9.267648501053612486e-01
4.625250501002004057e+03 9.264379661776938057e-01
4.646292585170340317e+03 9.260665698077701347e-01
4.667334669338677486e+03 9.256790334866961123e-01
4.688376753507013746e+03 9.253037297055787258e-01
4.709418837675350005e+03 9.249685527268688423e-01
4.730460921843687174e+03 9.246871336662881857e-01
4.751503006012024343e+03 9.244567502812754967e-01
4.772545090180360603e+03 9.242737816059679590e-01
4.793587174348696863e+03 9.241346066745029786e-01
4.814629258517034032e+03 9.240339846716442151e-01
4.835671342685371201e+03 9.239496705047909320e-01
4.856713426853707460e+03 9.238492578605004280e-01
4.877755511022043720e+03 9.237002039808449583e-01
4.898797595190380889e+03 9.234699661078971111e-01
4.919839679358717149e+03 9.231266279710176326e-01
4.940881763527053408e+03 9.226412488221894526e-01
4.961923847695390577e+03 9.219857703858606035e-01
4.982965931863727747e+03 9.211321345259447790e-01
5.004008016032064006e+03 9.200524922624502278e-01
5.025050100200400266e+03 9.187692214908874666e-01
5.046092184368737435e+03 9.174198013205883129e-01
5.067134268537074604e+03 9.161577668592805201e-01
5.088176352705409954e+03 9.151366532146915089e-01
5.109218436873747123e+03 9.145051013346281454e-01
5.130260521042084292e+03 9.142582134865248067e-01
5.151302605210420552e+03 9.142106115949260037e-01
5.172344689378756811e+03 9.141665909049322414e-01
5.193386773547093981e+03 9.139304466616435807e-01
5.214428857715431150e+03 9.133297998547560415e-01
5.235470941883767409e+03 9.124455120502082961e-01
5.256513026052103669e+03 9.115137000520512345e-01
5.277555110220440838e+03 9.107727265096807745e-01
5.298597194388778007e+03 9.104609540724925010e-01
5.319639278557113357e+03 9.107458818410287815e-01
5.340681362725450526e+03 9.114486194184667767e-01
5.361723446893787695e+03 9.122846008825065134e-01
5.382765531062123955e+03 9.129692344859394737e-01
5.403807615230460215e+03 9.132184447397655447e-01
5.424849699398797384e+03 9.128895975063334722e-01
5.445891783567134553e+03 9.121730144829464093e-01
5.466933867735470812e+03 9.113068915658563141e-01
5.487975951903807072e+03 9.105294246513147005e-01
5.509018036072144241e+03 9.100733403262186716e-01
5.530060120240480501e+03 9.099906754017583754e-01
5.551102204408816760e+03 9.101157071500136642e-01
5.572144288577153930e+03 9.102697485542249334e-01
5.593186372745491099e+03 9.102741125976316905e-01
5.614228456913827358e+03 9.099676563049695632e-01
5.635270541082163618e+03 9.093862950831499425e-01
5.656312625250500787e+03 9.086898813154499210e-01
5.677354709418837956e+03 9.080401939842365211e-01
5.698396793587174216e+03 9.075990120718773202e-01
5.719438877755510475e+03 9.074860027712957633e-01
5.740480961923847644e+03 9.076089661802159148e-01
5.761523046092183904e+03 9.078092199544497420e-01
5.782565130260520164e+03 9.079280581255344540e-01
5.803607214428857333e+03 9.078070346283014791e-01
5.824649298597194502e+03 9.073695933897770738e-01
5.845691382765530761e+03 9.067372198321432819e-01
5.866733466933867021e+03 9.060607455876671379e-01
5.887775551102204190e+03 9.054910022886145660e-01
5.908817635270541359e+03 9.051752093210372330e-01
5.929859719438877619e+03 9.051347607525230821e-01
5.950901803607213878e+03 9.052355773413612861e-01
5.971943887775551048e+03 9.053339546667209525e-01
5.992985971943887307e+03 9.052861883077715222e-01
6.014028056112223567e+03 9.049620232018121824e-01
6.035070140280560736e+03 9.043875530743901159e-01
6.056112224448897905e+03 9.036897418370217760e-01
6.077154308617234165e+03 9.029972345709879056e-01
6.098196392785570424e+03 9.024386763575705794e-01
6.119238476953907593e+03 9.021147991709539404e-01
6.140280561122244762e+03 9.019817853315000855e-01
6.161322645290581022e+03 9.019491669704509107e-01
6.182364729458917282e+03 9.019264532193576045e-01
6.203406813627254451e+03 9.018232432883382943e-01
6.224448897795590710e+03 9.015820691705884737e-01
6.245490981963926970e+03 9.012272938936199962e-01
6.266533066132264139e+03 9.007957750955266629e-01
6.287575150300601308e+03 9.003243704144018311e-01
6.308617234468937568e+03 8.998492612568529392e-01
6.329659318637273827e+03 8.993817615175050406e-01
6.350701402805610996e+03 8.989016801475695484e-01
6.371743486973948166e+03 8.983867990453229257e-01
6.392785571142284425e+03 8.978149001090414139e-01
6.413827655310620685e+03 8.971661143566004304e-01
6.434869739478957854e+03 8.964488471931882918e-01
6.455911823647294113e+03 8.956902149247395473e-01
6.476953907815630373e+03 8.949176674873918769e-01
6.497995991983967542e+03 8.941586548172821836e-01
6.519038076152304711e+03 8.934347004108162960e-01
6.540080160320640971e+03 8.927357350625031440e-01
6.561122244488977231e+03 8.920412044602566981e-01
6.582164328657314400e+03 8.913305473796837575e-01
6.603206412825650659e+03 8.905832221475946664e-01
6.624248496993987828e+03 8.897870649775447838e-01
6.645290581162324088e+03 8.889513034108392775e-01
6.666332665330661257e+03 8.880885299772951491e-01
6.687374749498997517e+03 8.872113372067285120e-01
6.708416833667334686e+03 8.863321295270653044e-01
6.729458917835670945e+03 8.854559989051781210e-01
6.750501002004008114e+03 8.845785381623947341e-01
6.771543086172344374e+03 8.836947052761573440e-01
6.792585170340680634e+03 8.827994582239084842e-01
6.813627254509017803e+03 8.818880047808576039e-01
6.834669338677354062e+03 8.809586669233829825e-01
6.855711422845691231e+03 8.800118803787703170e-01
6.876753507014027491e+03 8.790481211151411900e-01
6.897795591182364660e+03 8.780678651006162960e-01
6.918837675350700920e+03 8.770715032585433280e-01
6.939879759519038089e+03 8.760589597847088239e-01
6.960921843687374349e+03 8.750299995974880618e-01
6.981963927855711518e+03 8.739843874789740008e-01
7.003006012024047777e+03 8.729218873743309626e-01
7.024048096192384037e+03 8.718418380689605396e-01
7.045090180360721206e+03 8.707424627223544489e-01
7.066132264529057466e+03 8.696218037174116011e-01
7.087174348697394635e+03 8.684779034370314621e-01
7.108216432865730894e+03 8.673088332112358634e-01
7.129258517034068063e+03 8.661138556923245746e-01
7.150300601202404323e+03 8.648938204070255598e-01
7.171342685370741492e+03 8.636496869836964851e-01
7.192384769539077752e+03 8.623824150506950170e-01
7.213426853707414921e+03 8.610928337592167470e-01
7.234468937875751180e+03 8.597800866959370847e-01
7.255511022044087440e+03 8.584421440849228091e-01
7.276553106212424609e+03 8.570769523456411854e-01
7.297595190380760869e+03 8.556824578975595896e-01
7.318637274549098038e+03 8.542568032834313430e-01
7.339679358717434297e+03 8.527992392271707134e-01
7.360721442885771467e+03 8.513094052825277425e-01
7.381763527054107726e+03 8.497869414245841080e-01
7.402805611222444895e+03 8.482314867612473774e-01
7.423847695390781155e+03 8.466421513154517298e-01
7.444889779559117414e+03 8.450166181741398663e-01
7.465931863727454584e+03 8.433523322763983865e-01
7.486973947895790843e+03 8.416467385613135566e-01
7.508016032064128012e+03 8.398973023975991881e-01
7.529058116232464272e+03 8.381023805959587625e-01
7.550100200400801441e+03 8.362615476047903229e-01
7.571142284569137701e+03 8.343744655363416474e-01
7.592184368737474870e+03 8.324407965028599587e-01
7.613226452905811129e+03 8.304601423643442892e-01
7.634268537074148298e+03 8.284312980657904113e-01
7.655310621242484558e+03 8.263524824890893239e-01
7.676352705410820818e+03 8.242219020842957988e-01
7.697394789579157987e+03 8.220377633014642749e-01
7.718436873747494246e+03 8.197982113101107693e-01
7.739478957915831415e+03 8.175010347327161808e-01
7.760521042084167675e+03 8.151438935813904996e-01
7.781563126252504844e+03 8.127244476953454644e-01
7.802605210420841104e+03 8.102403575477103992e-01
7.823647294589178273e+03 8.076897551528220420e-01
7.844689378757514532e+03 8.050720797805405171e-01
7.865731462925851702e+03 8.023869953816668010e-01
7.886773547094187961e+03 7.996341659070018704e-01
7.907815631262524221e+03 7.968132138121212238e-01
7.928857715430861390e+03 7.939218387579065617e-01
7.949899799599197650e+03 7.909550470685727808e-01
7.970941883767534819e+03 7.879076439571998103e-01
7.991983967935871078e+03 7.847744346368685786e-01
8.013026052104208247e+03 7.815505143373461250e-01
8.034068136272544507e+03 7.782350065766167058e-01
8.055110220440881676e+03 7.748299840136732008e-01
8.076152304609217936e+03 7.713375868944667424e-01
8.097194388777555105e+03 7.677599554649469082e-01
8.118236472945891364e+03 7.640976169331241685e-01
8.139278557114227624e+03 7.603414334949700759e-01
8.160320641282564793e+03 7.564786837150564436e-01
8.181362725450901053e+03 7.524966402843533686e-01
8.202404809619238222e+03 7.483825831097464798e-01
8.223446893787575391e+03 7.441304513745424787e-01
8.244488977955912560e+03 7.397531634760757813e-01
8.265531062124247910e+03 7.352669967081789659e-01
8.286573146292585079e+03 7.306882283646838339e-01
8.307615230460920429e+03 7.260329034302348550e-01
8.328657314629257598e+03 7.213056160388522375e-01
8.349699398797594768e+03 7.164945108933200579e-01
8.370741482965931937e+03 7.115864593692529105e-01
8.391783567134269106e+03 7.065683328422659448e-01
8.412825651302604456e+03 7.014275974171556571e-01
8.433867735470941625e+03 6.961602909204330780e-01
8.454909819639276975e+03 6.907688862706782285e-01
8.475951903807614144e+03 6.852560127483537933e-01
8.496993987975951313e+03 6.796242996339240117e-01
8.518036072144288482e+03 6.738760504238031634e-01
8.539078156312625651e+03 6.680115581045104056e-01
8.560120240480961002e+03 6.620303494667459931e-01
8.581162324649298171e+03 6.559319497929489984e-01
8.602204408817633521e+03 6.497158846144428512e-01
8.623246492985970690e+03 6.433819703368041099e-01
8.644288577154307859e+03 6.369308757089030548e-01
8.665330661322645028e+03 6.303634247893620257e-01
8.686372745490982197e+03 6.236804416368029180e-01
8.707414829659319366e+03 6.168827581166850260e-01
8.728456913827654716e+03 6.099716161681603133e-01
8.749498997995991886e+03 6.029488618942701050e-01
8.770541082164327236e+03 5.958163898595357777e-01
8.791583166332664405e+03 5.885760946284765982e-01
8.812625250501001574e+03 5.812298998023490704e-01
8.833667334669338743e+03 5.737801634580096399e-01
8.854709418837675912e+03 5.662295781324917510e-01
8.875751503006011262e+03 5.585808449663072217e-01
8.896793587174348431e+03 5.508366650999654279e-01
8.917835671342683781e+03 5.429997783814972667e-01
8.938877755511020951e+03 5.350731707237282864e-01
8.959919839679358120e+03 5.270599244104555714e-01
8.980961923847695289e+03 5.189631219503736403e-01
9.002004008016032458e+03 5.107858460132468359e-01
9.023046092184367808e+03 5.025314235914442040e-01
9.044088176352704977e+03 4.942039178464067151e-01
9.065130260521040327e+03 4.858075300367136751e-01
9.086172344689377496e+03 4.773464614209416701e-01
9.107214428857714665e+03 4.688249155648539501e-01
9.128256513026051834e+03 4.602472254274793673e-01
9.149298597194389004e+03 4.516179194963989563e-01
9.170340681362726173e+03 4.429415425042830257e-01
9.191382765531061523e+03 4.342226391838029387e-01
9.212424849699398692e+03 4.254657706163222919e-01
9.233466933867734042e+03 4.166757519785475594e-01
9.254509018036071211e+03 4.078575990099584936e-01
9.275551102204408380e+03 3.990163329040148921e-01
9.296593186372745549e+03 3.901569748541759419e-01
9.317635270541082718e+03 3.812845758346289360e-01
9.338677354709418069e+03 3.724043818626793789e-01
9.359719438877755238e+03 3.635217174504541404e-01
9.380761523046090588e+03 3.546419073247847331e-01
9.401803607214427757e+03 3.457702762107703331e-01
9.422845691382764926e+03 3.369121453262452492e-01
9.443887775551102095e+03 3.280728250214732800e-01
9.464929859719439264e+03 3.192576235481477398e-01
9.485971943887774614e+03 3.104718491579624984e-01
9.507014028056111783e+03 3.017208115561927362e-01
9.528056112224447133e+03 2.930099076631382249e-01
9.549098196392784303e+03 2.843446695823793058e-01
9.570140280561121472e+03 2.757306410461676793e-01
9.591182364729458641e+03 2.671733657867546019e-01
9.612224448897795810e+03 2.586783789038551440e-01
9.633266533066132979e+03 2.502510760578111060e-01
9.654308617234468329e+03 2.418967400599902895e-01
9.675350701402805498e+03 2.336206504820427521e-01
9.696392785571140848e+03 2.254280868956208828e-01
9.717434869739478017e+03 2.173242965035702967e-01
9.738476953907815187e+03 2.093143080694102598e-01
9.759519038076152356e+03 2.014030600321800868e-01
9.780561122244489525e+03 1.935954905442464902e-01
9.801603206412824875e+03 1.858965377430405741e-01
9.822645290581162044e+03 1.783110977332268421e-01
9.843687374749497394e+03 1.708439326689212556e-01
9.864729458917834563e+03 1.634997780795392486e-01
9.885771543086171732e+03 1.562833694944981699e-01
9.906813627254508901e+03 1.491994396600535011e-01
9.927855711422846070e+03 1.422525422833555708e-01
9.948897795591181421e+03 1.354469464014148306e-01
9.969939879759518590e+03 1.287868957071532372e-01
9.990981963927853940e+03 1.222766338934951486e-01
1.001202404809619111e+04 1.159203950493302993e-01
1.003306613226452828e+04 1.097222519458215390e-01
1.005410821643286545e+04 1.036861434979322594e-01
1.007515030060120262e+04 9.781600456892471096e-02
1.009619238476953979e+04 9.211577002206118581e-02
1.011723446893787514e+04 8.658928845484195613e-02
1.013827655310621049e+04 8.123980850300042966e-02
1.015931863727454765e+04 7.607032393542574600e-02
1.018036072144288482e+04 7.108382759074888257e-02
1.020140280561122199e+04 6.628331237135841325e-02
1.022244488977955916e+04 6.167203207767879558e-02
1.024348697394789633e+04 5.725409569717137409e-02
1.026452905811623168e+04 5.303378716945095217e-02
1.028557114228456885e+04 4.901539043413124380e-02
1.030661322645290420e+04 4.520311198328004487e-02
1.032765531062124137e+04 4.159580436176425755e-02
1.034869739478957854e+04 3.818358716160254185e-02
1.036973947895791571e+04 3.495577559097106518e-02
1.039078156312625288e+04 3.190168485804596027e-02
1.041182364729458823e+04 2.901063017100366168e-02
1.043286573146292540e+04 2.627192673801981293e-02
1.045390781563126075e+04 2.367488976727104288e-02
1.047494989979959792e+04 2.120883446693306446e-02
1.049599198396793508e+04 1.886307604518226017e-02
1.051703406813627225e+04 1.662692971019479743e-02
1.053807615230460942e+04 1.448971067014681938e-02
1.055911823647294659e+04 1.244073413321449342e-02
1.058016032064128194e+04 1.046931530757413270e-02
1.060120240480961729e+04 8.564769401401738091e-03
1.062224448897795446e+04 6.716411622873286191e-03
1.064328657314629163e+04 4.913557180165117888e-03
1.066432865731462880e+04 3.145521281453400597e-03
1.068537074148296597e+04 1.401619134914211529e-03
1.070641282565130132e+04 0.000000000000000000e+00
1.072745490981963849e+04 0.000000000000000000e+00
1.074849699398797566e+04 0.000000000000000000e+00
1.076953907815631283e+04 0.000000000000000000e+00
1.079058116232464818e+04 0.000000000000000000e+00
1.081162324649298534e+04 0.000000000000000000e+00
1.083266533066132251e+04 0.000000000000000000e+00
1.085370741482965786e+04 0.000000000000000000e+00
1.087474949899799503e+04 0.000000000000000000e+00
1.089579158316633220e+04 0.000000000000000000e+00
1.091683366733466937e+04 0.000000000000000000e+00
1.093787575150300472e+04 0.000000000000000000e+00
1.095891783567134189e+04 0.000000000000000000e+00
1.097995991983967906e+04 0.000000000000000000e+00
1.100100200400801623e+04 0.000000000000000000e+00
1.102204408817635158e+04 0.000000000000000000e+00
1.104308617234468875e+04 0.000000000000000000e+00
1.106412825651302592e+04 0.000000000000000000e+00
1.108517034068136127e+04 0.000000000000000000e+00
1.110621242484969844e+04 0.000000000000000000e+00
1.112725450901803561e+04 0.000000000000000000e+00
1.114829659318637277e+04 0.000000000000000000e+00
1.116933867735470812e+04 0.000000000000000000e+00
1.119038076152304529e+04 0.000000000000000000e+00
1.121142284569138246e+04 0.000000000000000000e+00
1.123246492985971963e+04 0.000000000000000000e+00
1.125350701402805498e+04 0.000000000000000000e+00
1.127454909819639215e+04 0.000000000000000000e+00
1.129559118236472932e+04 0.000000000000000000e+00
1.131663326653306467e+04 0.000000000000000000e+00
1.133767535070140184e+04 0.000000000000000000e+00
1.135871743486973901e+04 0.000000000000000000e+00
1.137975951903807618e+04 0.000000000000000000e+00
1.140080160320641153e+04 0.000000000000000000e+00
1.142184368737474870e+04 0.000000000000000000e+00
1.144288577154308587e+04 0.000000000000000000e+00
1.146392785571142304e+04 0.000000000000000000e+00
1.148496993987975839e+04 0.000000000000000000e+00
1.150601202404809555e+04 0.000000000000000000e+00
1.152705410821643272e+04 0.000000000000000000e+00
1.154809619238476807e+04 0.000000000000000000e+00
1.156913827655310524e+04 0.000000000000000000e+00
1.159018036072144241e+04 0.000000000000000000e+00
1.161122244488977958e+04 0.000000000000000000e+00
1.163226452905811493e+04 0.000000000000000000e+00
1.165330661322645210e+04 0.000000000000000000e+00
1.167434869739478927e+04 0.000000000000000000e+00
1.169539078156312644e+04 0.000000000000000000e+00
1.171643286573146179e+04 0.000000000000000000e+00
1.173747494989979896e+04 0.000000000000000000e+00
1.175851703406813613e+04 0.000000000000000000e+00
1.177955911823647148e+04 0.000000000000000000e+00
1.180060120240480865e+04 0.000000000000000000e+00
1.182164328657314582e+04 0.000000000000000000e+00
1.184268537074148298e+04 0.000000000000000000e+00
1.186372745490981833e+04 0.000000000000000000e+00
1.188476953907815550e+04 0.000000000000000000e+00
1.190581162324649267e+04 0.000000000000000000e+00
1.192685370741482984e+04 0.000000000000000000e+00
1.194789579158316519e+04 0.000000000000000000e+00
1.196893787575150236e+04 0.000000000000000000e+00
1.198997995991983953e+04 0.000000000000000000e+00
1.201102204408817488e+04 0.000000000000000000e+00
1.203206412825651205e+04 0.000000000000000000e+00
1.205310621242484922e+04 0.000000000000000000e+00
1.207414829659318639e+04 0.000000000000000000e+00
1.209519038076152174e+04 0.000000000000000000e+00
1.211623246492985891e+04 0.000000000000000000e+00
1.213727454909819608e+04 0.000000000000000000e+00
1.215831663326653143e+04 0.000000000000000000e+00
1.217935871743486859e+04 0.000000000000000000e+00
1.220040080160320576e+04 0.000000000000000000e+00
1.222144288577154293e+04 0.000000000000000000e+00
1.224248496993987828e+04 0.000000000000000000e+00
1.226352705410821545e+04 0.000000000000000000e+00
1.228456913827655262e+04 0.000000000000000000e+00
1.230561122244488979e+04 0.000000000000000000e+00
1.232665330661322514e+04 0.000000000000000000e+00
1.234769539078156231e+04 0.000000000000000000e+00
1.236873747494989948e+04 0.000000000000000000e+00
1.238977955911823483e+04 0.000000000000000000e+00
1.241082164328657200e+04 0.000000000000000000e+00
1.243186372745490917e+04 0.000000000000000000e+00
1.245290581162324634e+04 0.000000000000000000e+00
1.247394789579158169e+04 0.000000000000000000e+00
1.249498997995991886e+04 0.000000000000000000e+00
1.251603206412825602e+04 0.000000000000000000e+00
1.253707414829659319e+04 0.000000000000000000e+00
1.255811623246492854e+04 0.000000000000000000e+00
1.257915831663326571e+04 0.000000000000000000e+00
1.260020040080160288e+04 0.000000000000000000e+00
1.262124248496993823e+04 0.000000000000000000e+00
1.264228456913827540e+04 0.000000000000000000e+00
1.266332665330661257e+04 0.000000000000000000e+00
1.268436873747494974e+04 0.000000000000000000e+00
1.270541082164328509e+04 0.000000000000000000e+00
1.272645290581162226e+04 0.000000000000000000e+00
1.274749498997995943e+04 0.000000000000000000e+00
1.276853707414829660e+04 0.000000000000000000e+00
1.278957915831663195e+04 0.000000000000000000e+00
1.281062124248496912e+04 0.000000000000000000e+00
1.283166332665330629e+04 0.000000000000000000e+00
1.285270541082164164e+04 0.000000000000000000e+00
1.287374749498997880e+04 0.000000000000000000e+00
1.289478957915831597e+04 0.000000000000000000e+00
1.291583166332665314e+04 0.000000000000000000e+00
1.293687374749498849e+04 0.000000000000000000e+00
1.295791583166332566e+04 0.000000000000000000e+00
1.297895791583166283e+04 0.000000000000000000e+00
1.300000000000000000e+04 0.000000000000000000e+00
