1.100000000000000000e+04 9.788602000000000691e-01
1.099500000000000000e+04 9.785534999999999650e-01
1.099000000000000000e+04 9.788486000000000686e-01
1.098500000000000000e+04 9.785797999999999996e-01
1.098000000000000000e+04 9.784703000000000150e-01
1.097500000000000000e+04 9.783852000000000659e-01
1.097000000000000000e+04 9.776111000000000661e-01
1.096500000000000000e+04 9.771959999999999535e-01
1.096000000000000000e+04 9.774679999999998925e-01
1.095500000000000000e+04 9.777557000000000054e-01
1.095000000000000000e+04 9.776748999999999024e-01
1.094500000000000000e+04 9.772521000000000679e-01
1.094000000000000000e+04 9.776137999999999773e-01
1.093500000000000000e+04 9.774224999999999719e-01
1.093000000000000000e+04 9.772338000000000413e-01
1.092500000000000000e+04 9.774496000000000295e-01
1.092000000000000000e+04 9.775829000000000324e-01
1.091500000000000000e+04 9.771433000000000479e-01
1.091000000000000000e+04 9.779909999999999437e-01
1.090500000000000000e+04 9.782662999999999220e-01
1.090000000000000000e+04 9.779197000000000584e-01
1.089500000000000000e+04 9.783092000000001009e-01
1.089000000000000000e+04 9.788801999999999781e-01
1.088500000000000000e+04 9.789158000000000026e-01
1.088000000000000000e+04 9.791446000000000316e-01
1.087500000000000000e+04 9.791609000000000007e-01
1.087000000000000000e+04 9.798829000000001122e-01
1.086500000000000000e+04 9.799122000000000110e-01
1.086000000000000000e+04 9.801516999999999591e-01
1.085500000000000000e+04 9.807915999999999856e-01
1.085000000000000000e+04 9.812570999999999932e-01
1.084500000000000000e+04 9.819143000000000177e-01
1.084000000000000000e+04 9.820438000000000223e-01
1.083500000000000000e+04 9.823631000000000446e-01
1.083000000000000000e+04 9.827401000000000053e-01
1.082500000000000000e+04 9.834645000000000747e-01
1.082000000000000000e+04 9.836701999999999391e-01
1.081500000000000000e+04 9.842273000000000271e-01
1.081000000000000000e+04 9.841539000000000259e-01
1.080500000000000000e+04 9.849948000000000592e-01
1.080000000000000000e+04 9.850014000000000269e-01
1.079500000000000000e+04 9.853606000000000309e-01
1.079000000000000000e+04 9.861431000000000502e-01
1.078500000000000000e+04 9.861481000000000829e-01
1.078000000000000000e+04 9.863998999999999961e-01
1.077500000000000000e+04 9.862260000000000471e-01
1.077000000000000000e+04 9.867373999999999867e-01
1.076500000000000000e+04 9.865631999999999735e-01
1.076000000000000000e+04 9.870789999999999287e-01
1.075500000000000000e+04 9.870189999999999797e-01
1.075000000000000000e+04 9.873300999999998773e-01
1.074500000000000000e+04 9.872741999999999907e-01
1.074000000000000000e+04 9.874487999999999044e-01
1.073500000000000000e+04 9.872942999999999580e-01
1.073000000000000000e+04 9.874348000000000569e-01
1.072500000000000000e+04 9.871320000000000094e-01
1.072000000000000000e+04 9.873988000000000209e-01
1.071500000000000000e+04 9.873908000000000129e-01
1.071000000000000000e+04 9.865838999999999581e-01
1.070500000000000000e+04 9.863434999999999286e-01
1.070000000000000000e+04 9.858499999999998931e-01
1.069500000000000000e+04 9.855056000000000926e-01
1.069000000000000000e+04 9.851801000000000030e-01
1.068500000000000000e+04 9.845627000000000129e-01
1.068000000000000000e+04 9.852062999999999793e-01
1.067500000000000000e+04 9.848339999999999872e-01
1.067000000000000000e+04 9.837820999999999927e-01
1.066500000000000000e+04 9.832126999999999395e-01
1.066000000000000000e+04 9.835613999999999191e-01
1.065500000000000000e+04 9.828586000000000267e-01
1.065000000000000000e+04 9.827169000000001153e-01
1.064500000000000000e+04 9.819822000000000273e-01
1.064000000000000000e+04 9.825336000000000070e-01
1.063500000000000000e+04 9.819347000000000492e-01
1.063000000000000000e+04 9.814140000000000086e-01
1.062500000000000000e+04 9.815966000000000413e-01
1.062000000000000000e+04 9.813778000000000779e-01
1.061500000000000000e+04 9.809444999999999970e-01
1.061000000000000000e+04 9.812665999999999888e-01
1.060500000000000000e+04 9.814595000000000402e-01
1.060000000000000000e+04 9.811988999999999850e-01
1.059500000000000000e+04 9.816056000000000781e-01
1.059000000000000000e+04 9.809864000000000361e-01
1.058500000000000000e+04 9.814925999999999373e-01
1.058000000000000000e+04 9.810841000000000145e-01
1.057500000000000000e+04 9.816674999999999152e-01
1.057000000000000000e+04 9.818730999999999431e-01
1.056500000000000000e+04 9.819906000000000468e-01
1.056000000000000000e+04 9.821609999999999507e-01
1.055500000000000000e+04 9.827604999999999258e-01
1.055000000000000000e+04 9.829586000000000157e-01
1.054500000000000000e+04 9.829488999999999033e-01
1.054000000000000000e+04 9.836942000000000741e-01
1.053500000000000000e+04 9.842376999999999931e-01
1.053000000000000000e+04 9.845901000000000236e-01
1.052500000000000000e+04 9.850352999999999470e-01
1.052000000000000000e+04 9.853269000000000055e-01
1.051500000000000000e+04 9.858141999999999738e-01
1.051000000000000000e+04 9.856854999999999922e-01
1.050500000000000000e+04 9.858839000000000352e-01
1.050000000000000000e+04 9.867508999999999864e-01
1.049500000000000000e+04 9.876130999999999105e-01
1.049000000000000000e+04 9.877849999999999131e-01
1.048500000000000000e+04 9.880461999999999856e-01
1.048000000000000000e+04 9.882259000000001015e-01
1.047500000000000000e+04 9.884973999999999705e-01
1.047000000000000000e+04 9.891132000000000257e-01
1.046500000000000000e+04 9.888512000000000413e-01
1.046000000000000000e+04 9.891231999999999802e-01
1.045500000000000000e+04 9.890273000000000536e-01
1.045000000000000000e+04 9.899149999999999894e-01
1.044500000000000000e+04 9.899936999999999765e-01
1.044000000000000000e+04 9.899198000000000164e-01
1.043500000000000000e+04 9.895314999999998973e-01
1.043000000000000000e+04 9.896435999999999567e-01
1.042500000000000000e+04 9.898537000000000585e-01
1.042000000000000000e+04 9.889048999999999756e-01
1.041500000000000000e+04 9.895739000000000063e-01
1.041000000000000000e+04 9.884547999999999668e-01
1.040500000000000000e+04 9.889454000000000855e-01
1.040000000000000000e+04 9.877791999999999684e-01
1.039500000000000000e+04 9.876327999999999774e-01
1.039000000000000000e+04 9.880721000000000087e-01
1.038500000000000000e+04 9.869781000000000803e-01
1.038000000000000000e+04 9.870875999999999539e-01
1.037500000000000000e+04 9.865186999999999706e-01
1.037000000000000000e+04 9.859260000000000801e-01
1.036500000000000000e+04 9.857564000000000881e-01
1.036000000000000000e+04 9.850107000000000168e-01
1.035500000000000000e+04 9.849043000000000658e-01
1.035000000000000000e+04 9.840828999999999827e-01
1.034500000000000000e+04 9.841649999999999565e-01
1.034000000000000000e+04 9.837425000000000752e-01
1.033500000000000000e+04 9.832632000000000039e-01
1.033000000000000000e+04 9.829841999999999747e-01
1.032500000000000000e+04 9.829837999999999631e-01
1.032000000000000000e+04 9.825347999999999304e-01
1.031500000000000000e+04 9.820386000000000948e-01
1.031000000000000000e+04 9.821940999999999589e-01
1.030500000000000000e+04 9.820990999999998916e-01
1.030000000000000000e+04 9.820650000000000768e-01
1.029500000000000000e+04 9.820579999999999865e-01
1.029000000000000000e+04 9.824471999999999650e-01
1.028500000000000000e+04 9.822661999999999782e-01
1.028000000000000000e+04 9.823467999999999645e-01
1.027500000000000000e+04 9.826358000000000592e-01
1.027000000000000000e+04 9.824604999999999588e-01
1.026500000000000000e+04 9.830362999999999740e-01
1.026000000000000000e+04 9.832267000000000090e-01
1.025500000000000000e+04 9.832929000000000253e-01
1.025000000000000000e+04 9.834266999999999870e-01
1.024500000000000000e+04 9.836651999999999063e-01
1.024000000000000000e+04 9.841708000000000123e-01
1.023500000000000000e+04 9.848192000000000057e-01
1.023000000000000000e+04 9.852539000000000158e-01
1.022500000000000000e+04 9.854137000000000590e-01
1.022000000000000000e+04 9.855043000000001108e-01
1.021500000000000000e+04 9.862997000000000014e-01
1.021000000000000000e+04 9.866029000000000604e-01
1.020500000000000000e+04 9.869840999999999198e-01
1.020000000000000000e+04 9.874482999999999455e-01
1.019500000000000000e+04 9.880767000000000300e-01
1.019000000000000000e+04 9.880830000000000446e-01
1.018500000000000000e+04 9.881758000000000486e-01
1.018000000000000000e+04 9.885477000000000292e-01
1.017500000000000000e+04 9.882443999999999118e-01
1.017000000000000000e+04 9.888232999999999606e-01
1.016500000000000000e+04 9.893370000000000219e-01
1.016000000000000000e+04 9.891845000000000221e-01
1.015500000000000000e+04 9.899158000000000124e-01
1.015000000000000000e+04 9.896418000000000159e-01
1.014500000000000000e+04 9.895422999999999858e-01
1.014000000000000000e+04 9.901211999999999236e-01
1.013500000000000000e+04 9.897575999999999041e-01
1.013000000000000000e+04 9.893810999999999023e-01
1.012500000000000000e+04 9.895251000000000463e-01
1.012000000000000000e+04 9.893265999999999449e-01
1.011500000000000000e+04 9.895199999999999552e-01
1.011000000000000000e+04 9.887032000000001153e-01
1.010500000000000000e+04 9.888692000000000037e-01
1.010000000000000000e+04 9.885066999999999604e-01
1.009500000000000000e+04 9.881786999999999654e-01
1.009000000000000000e+04 9.877574000000000076e-01
1.008500000000000000e+04 9.880037999999999876e-01
1.008000000000000000e+04 9.876372999999999402e-01
1.007500000000000000e+04 9.869976000000000305e-01
1.007000000000000000e+04 9.868296999999999208e-01
1.006500000000000000e+04 9.866116999999999804e-01
1.006000000000000000e+04 9.859890000000000043e-01
1.005500000000000000e+04 9.859037999999999968e-01
1.005000000000000000e+04 9.855768999999999780e-01
1.004500000000000000e+04 9.859569000000000250e-01
1.004000000000000000e+04 9.851925999999999739e-01
1.003500000000000000e+04 9.852992000000000417e-01
1.003000000000000000e+04 9.846026000000001055e-01
1.002500000000000000e+04 9.846917000000000586e-01
1.002000000000000000e+04 9.849605000000000166e-01
1.001500000000000000e+04 9.844399999999999817e-01
1.001000000000000000e+04 9.846934000000000520e-01
1.000500000000000000e+04 9.848570999999999298e-01
1.000000000000000000e+04 9.838924000000000003e-01
9.995000000000000000e+03 9.847812999999999706e-01
9.990000000000000000e+03 9.848972999999999756e-01
9.985000000000000000e+03 9.845785999999999705e-01
9.980000000000000000e+03 9.845503999999999367e-01
9.975000000000000000e+03 9.850620999999999405e-01
9.970000000000000000e+03 9.845744000000000717e-01
9.965000000000000000e+03 9.850539000000000378e-01
9.960000000000000000e+03 9.853270000000000639e-01
9.955000000000000000e+03 9.855920999999999710e-01
9.950000000000000000e+03 9.856804000000000121e-01
9.945000000000000000e+03 9.858584000000000236e-01
9.940000000000000000e+03 9.859852999999999534e-01
9.935000000000000000e+03 9.865631999999999735e-01
9.930000000000000000e+03 9.869378000000000872e-01
9.925000000000000000e+03 9.861598999999999782e-01
9.920000000000000000e+03 9.869204000000000310e-01
9.915000000000000000e+03 9.869961999999999902e-01
9.910000000000000000e+03 9.868752000000000635e-01
9.905000000000000000e+03 9.875616999999999868e-01
9.900000000000000000e+03 9.875821000000000183e-01
9.895000000000000000e+03 9.878982999999998960e-01
9.890000000000000000e+03 9.873936999999999298e-01
9.885000000000000000e+03 9.880051000000000805e-01
9.880000000000000000e+03 9.875024000000000024e-01
9.875000000000000000e+03 9.877744999999999997e-01
9.870000000000000000e+03 9.877793999999999741e-01
9.865000000000000000e+03 9.877755999999999759e-01
9.860000000000000000e+03 9.877302000000000026e-01
9.855000000000000000e+03 9.880902000000000296e-01
9.850000000000000000e+03 9.873642999999999725e-01
9.845000000000000000e+03 9.880898000000000181e-01
9.840000000000000000e+03 9.880321999999999161e-01
9.835000000000000000e+03 9.878702999999999790e-01
9.830000000000000000e+03 9.876989000000000463e-01
9.825000000000000000e+03 9.881609000000000087e-01
9.820000000000000000e+03 9.877961999999999021e-01
9.815000000000000000e+03 9.879855999999999083e-01
9.810000000000000000e+03 9.880446999999999980e-01
9.805000000000000000e+03 9.872812999999999173e-01
9.800000000000000000e+03 9.876567000000000540e-01
9.795000000000000000e+03 9.879006999999999650e-01
9.790000000000000000e+03 9.881377000000000077e-01
9.785000000000000000e+03 9.878306999999999505e-01
9.780000000000000000e+03 9.875749000000000333e-01
9.775000000000000000e+03 9.879769000000000467e-01
9.770000000000000000e+03 9.879098999999998965e-01
9.765000000000000000e+03 9.877106000000001051e-01
9.760000000000000000e+03 9.871678999999999871e-01
9.755000000000000000e+03 9.879045000000000742e-01
9.750000000000000000e+03 9.883240999999999277e-01
9.745000000000000000e+03 9.877377999999999991e-01
9.740000000000000000e+03 9.887280999999999986e-01
9.735000000000000000e+03 9.876837999999998896e-01
9.730000000000000000e+03 9.877313999999999261e-01
9.725000000000000000e+03 9.879310999999999510e-01
9.720000000000000000e+03 9.878731999999998958e-01
9.715000000000000000e+03 9.880018999999999885e-01
9.710000000000000000e+03 9.878649999999999931e-01
9.705000000000000000e+03 9.877106000000001051e-01
9.700000000000000000e+03 9.875737999999999461e-01
9.695000000000000000e+03 9.873222999999999860e-01
9.690000000000000000e+03 9.872123999999999899e-01
9.685000000000000000e+03 9.865546000000000593e-01
9.680000000000000000e+03 9.867677000000000254e-01
9.675000000000000000e+03 9.862496000000000596e-01
9.670000000000000000e+03 9.861908999999999814e-01
9.665000000000000000e+03 9.861965999999999788e-01
9.660000000000000000e+03 9.852406000000000219e-01
9.655000000000000000e+03 9.850381000000000276e-01
9.650000000000000000e+03 9.840448000000000528e-01
9.645000000000000000e+03 9.845766000000000240e-01
9.640000000000000000e+03 9.834077000000001068e-01
9.635000000000000000e+03 9.833188999999999957e-01
9.630000000000000000e+03 9.836691999999999103e-01
9.625000000000000000e+03 9.822726000000000512e-01
9.620000000000000000e+03 9.823423000000000016e-01
9.615000000000000000e+03 9.825145999999999047e-01
9.610000000000000000e+03 9.813464000000000631e-01
9.605000000000000000e+03 9.813589000000000340e-01
9.600000000000000000e+03 9.813456999999999875e-01
9.595000000000000000e+03 9.806057999999999719e-01
9.590000000000000000e+03 9.804629000000000261e-01
9.585000000000000000e+03 9.807736000000000232e-01
9.580000000000000000e+03 9.807483999999999646e-01
9.575000000000000000e+03 9.800781999999998995e-01
9.570000000000000000e+03 9.807207000000000008e-01
9.565000000000000000e+03 9.808331999999999606e-01
9.560000000000000000e+03 9.804173000000000471e-01
9.555000000000000000e+03 9.811752000000000251e-01
9.550000000000000000e+03 9.812900999999999430e-01
9.545000000000000000e+03 9.818696000000000090e-01
9.540000000000000000e+03 9.825884000000000285e-01
9.535000000000000000e+03 9.829244999999999788e-01
9.530000000000000000e+03 9.832536000000000609e-01
9.525000000000000000e+03 9.840263000000000204e-01
9.520000000000000000e+03 9.848833999999999644e-01
9.515000000000000000e+03 9.851271000000000333e-01
9.510000000000000000e+03 9.857979000000000047e-01
9.505000000000000000e+03 9.866961999999999122e-01
9.500000000000000000e+03 9.868757999999999697e-01
9.495000000000000000e+03 9.876643000000000505e-01
9.490000000000000000e+03 9.881522999999999834e-01
9.485000000000000000e+03 9.888384999999999536e-01
9.480000000000000000e+03 9.892134000000000205e-01
9.475000000000000000e+03 9.895998000000000294e-01
9.470000000000000000e+03 9.900503000000000497e-01
9.465000000000000000e+03 9.901380000000000736e-01
9.460000000000000000e+03 9.906189999999999163e-01
9.455000000000000000e+03 9.905871999999998900e-01
9.450000000000000000e+03 9.903634999999999522e-01
9.445000000000000000e+03 9.904487000000000707e-01
9.440000000000000000e+03 9.906566999999999457e-01
9.435000000000000000e+03 9.897033999999998999e-01
9.430000000000000000e+03 9.894908000000000037e-01
9.425000000000000000e+03 9.894737000000000116e-01
9.420000000000000000e+03 9.887951999999999853e-01
9.415000000000000000e+03 9.879241000000000827e-01
9.410000000000000000e+03 9.869331999999999550e-01
9.405000000000000000e+03 9.861388999999999294e-01
9.400000000000000000e+03 9.849221000000000226e-01
9.395000000000000000e+03 9.836893000000000997e-01
9.390000000000000000e+03 9.828000000000000069e-01
9.385000000000000000e+03 9.818329000000000084e-01
9.380000000000000000e+03 9.804864999999999275e-01
9.375000000000000000e+03 9.798439000000001009e-01
9.370000000000000000e+03 9.777581000000000744e-01
9.365000000000000000e+03 9.771005999999999858e-01
9.360000000000000000e+03 9.759955999999999632e-01
9.355000000000000000e+03 9.752488999999999741e-01
9.350000000000000000e+03 9.740130999999999650e-01
9.345000000000000000e+03 9.732832000000000150e-01
9.340000000000000000e+03 9.730683999999999445e-01
9.335000000000000000e+03 9.717134000000000604e-01
9.330000000000000000e+03 9.710524999999999851e-01
9.325000000000000000e+03 9.712922000000000500e-01
9.320000000000000000e+03 9.713536000000000392e-01
9.315000000000000000e+03 9.705508000000000468e-01
9.310000000000000000e+03 9.711199000000000359e-01
9.305000000000000000e+03 9.708867999999999387e-01
9.300000000000000000e+03 9.712447000000000719e-01
9.295000000000000000e+03 9.717664000000000302e-01
9.290000000000000000e+03 9.719877000000000100e-01
9.285000000000000000e+03 9.723153999999999408e-01
9.280000000000000000e+03 9.736678999999999196e-01
9.275000000000000000e+03 9.742856000000000849e-01
9.270000000000000000e+03 9.752904999999999491e-01
9.265000000000000000e+03 9.757573999999999970e-01
9.260000000000000000e+03 9.778610000000000912e-01
9.255000000000000000e+03 9.786823999999999524e-01
9.250000000000000000e+03 9.796953000000000467e-01
9.245000000000000000e+03 9.809993000000000185e-01
9.240000000000000000e+03 9.815841000000000705e-01
9.235000000000000000e+03 9.832999000000000045e-01
9.230000000000000000e+03 9.837097000000000202e-01
9.225000000000000000e+03 9.849162000000000194e-01
9.220000000000000000e+03 9.865578999999999876e-01
9.215000000000000000e+03 9.873112999999998918e-01
9.210000000000000000e+03 9.881280000000000063e-01
9.205000000000000000e+03 9.875973999999999586e-01
9.200000000000000000e+03 9.888209999999999500e-01
9.195000000000000000e+03 9.893000000000000682e-01
9.190000000000000000e+03 9.892284999999999551e-01
9.185000000000000000e+03 9.893380999999998870e-01
9.180000000000000000e+03 9.895823000000000258e-01
9.175000000000000000e+03 9.895131000000000343e-01
9.170000000000000000e+03 9.894070999999999838e-01
9.165000000000000000e+03 9.888225999999999960e-01
9.160000000000000000e+03 9.887435999999999447e-01
9.155000000000000000e+03 9.881819000000000575e-01
9.150000000000000000e+03 9.870735000000000481e-01
9.145000000000000000e+03 9.865551000000000181e-01
9.140000000000000000e+03 9.856422999999999712e-01
9.135000000000000000e+03 9.850477999999999179e-01
9.130000000000000000e+03 9.835312999999998862e-01
9.125000000000000000e+03 9.832427000000000250e-01
9.120000000000000000e+03 9.824827999999999895e-01
9.115000000000000000e+03 9.816476000000000646e-01
9.110000000000000000e+03 9.808848999999999485e-01
9.105000000000000000e+03 9.807068999999999370e-01
9.100000000000000000e+03 9.806624999999999925e-01
9.095000000000000000e+03 9.794703999999999633e-01
9.090000000000000000e+03 9.792901999999998885e-01
9.085000000000000000e+03 9.791087000000000540e-01
9.080000000000000000e+03 9.786462000000000216e-01
9.075000000000000000e+03 9.785110000000000197e-01
9.070000000000000000e+03 9.789413999999999616e-01
9.065000000000000000e+03 9.794191999999999343e-01
9.060000000000000000e+03 9.797706999999999944e-01
9.055000000000000000e+03 9.794677000000000522e-01
9.050000000000000000e+03 9.803093999999999975e-01
9.045000000000000000e+03 9.813005000000000200e-01
9.040000000000000000e+03 9.820610000000000728e-01
9.035000000000000000e+03 9.830119000000000495e-01
9.030000000000000000e+03 9.823279999999999790e-01
9.025000000000000000e+03 9.839477999999999280e-01
9.020000000000000000e+03 9.845686000000000160e-01
9.015000000000000000e+03 9.856749000000000205e-01
9.010000000000000000e+03 9.859923999999999911e-01
9.005000000000000000e+03 9.867747000000000046e-01
9.000000000000000000e+03 9.878216000000000774e-01
8.995000000000000000e+03 9.876935000000000020e-01
8.990000000000000000e+03 9.884863000000000399e-01
8.985000000000000000e+03 9.885367999999999933e-01
8.980000000000000000e+03 9.892153999999999670e-01
8.975000000000000000e+03 9.889088999999999796e-01
8.970000000000000000e+03 9.890356000000000147e-01
8.965000000000000000e+03 9.893849000000000116e-01
8.960000000000000000e+03 9.890672000000000352e-01
8.955000000000000000e+03 9.893288999999999556e-01
8.950000000000000000e+03 9.889942000000000455e-01
8.945000000000000000e+03 9.880271000000000470e-01
8.940000000000000000e+03 9.877888000000000224e-01
8.935000000000000000e+03 9.877459000000000655e-01
8.930000000000000000e+03 9.867870000000000807e-01
8.925000000000000000e+03 9.867159999999999265e-01
8.920000000000000000e+03 9.859442000000000483e-01
8.915000000000000000e+03 9.853180999999999745e-01
8.910000000000000000e+03 9.846650000000000125e-01
8.905000000000000000e+03 9.850415999999999617e-01
8.900000000000000000e+03 9.843311000000000144e-01
8.895000000000000000e+03 9.843358999999999304e-01
8.890000000000000000e+03 9.842911999999999217e-01
8.885000000000000000e+03 9.842961999999999545e-01
8.880000000000000000e+03 9.839849999999999985e-01
8.875000000000000000e+03 9.832484999999999697e-01
8.870000000000000000e+03 9.844512000000000818e-01
8.865000000000000000e+03 9.837599000000000204e-01
8.860000000000000000e+03 9.840337999999999585e-01
8.855000000000000000e+03 9.838773000000000657e-01
8.850000000000000000e+03 9.847709999999999519e-01
8.845000000000000000e+03 9.846822000000000630e-01
8.840000000000000000e+03 9.853033000000001040e-01
8.835000000000000000e+03 9.849077999999999999e-01
8.830000000000000000e+03 9.862537000000000109e-01
8.825000000000000000e+03 9.859955999999999721e-01
8.820000000000000000e+03 9.859850000000000003e-01
8.815000000000000000e+03 9.856552000000000646e-01
8.810000000000000000e+03 9.862737000000000309e-01
8.805000000000000000e+03 9.854642000000000124e-01
8.800000000000000000e+03 9.859554000000000373e-01
8.795000000000000000e+03 9.854990999999999612e-01
8.790000000000000000e+03 9.848708000000000462e-01
8.785000000000000000e+03 9.844957999999999210e-01
8.780000000000000000e+03 9.835357000000000127e-01
8.775000000000000000e+03 9.836367000000000305e-01
8.770000000000000000e+03 9.825797000000000558e-01
8.765000000000000000e+03 9.818922000000001038e-01
8.760000000000000000e+03 9.802933000000000341e-01
8.755000000000000000e+03 9.799738999999999534e-01
8.750000000000000000e+03 9.787318999999999880e-01
8.745000000000000000e+03 9.769153999999999893e-01
8.740000000000000000e+03 9.758307999999999982e-01
8.735000000000000000e+03 9.755030999999999564e-01
8.730000000000000000e+03 9.744945999999999886e-01
8.725000000000000000e+03 9.729630000000000223e-01
8.720000000000000000e+03 9.728382000000000973e-01
8.715000000000000000e+03 9.723072000000000381e-01
8.710000000000000000e+03 9.712591999999999892e-01
8.705000000000000000e+03 9.709898000000000140e-01
8.700000000000000000e+03 9.707489999999999730e-01
8.695000000000000000e+03 9.708513999999999200e-01
8.690000000000000000e+03 9.713097999999998899e-01
8.685000000000000000e+03 9.712192000000000602e-01
8.680000000000000000e+03 9.717470000000000274e-01
8.675000000000000000e+03 9.715694000000000274e-01
8.670000000000000000e+03 9.728628999999999749e-01
8.665000000000000000e+03 9.741809999999999636e-01
8.660000000000000000e+03 9.743785999999999836e-01
8.655000000000000000e+03 9.753713999999998885e-01
8.650000000000000000e+03 9.767725999999999908e-01
8.645000000000000000e+03 9.785832999999999338e-01
8.640000000000000000e+03 9.798293000000000141e-01
8.635000000000000000e+03 9.806139000000000383e-01
8.630000000000000000e+03 9.811253000000000890e-01
8.625000000000000000e+03 9.824475999999999765e-01
8.620000000000000000e+03 9.843900999999999346e-01
8.615000000000000000e+03 9.845762999999999598e-01
8.610000000000000000e+03 9.850507000000000568e-01
8.605000000000000000e+03 9.861577999999999733e-01
8.600000000000000000e+03 9.864235999999999560e-01
8.595000000000000000e+03 9.873783000000000420e-01
8.590000000000000000e+03 9.878004000000000229e-01
8.585000000000000000e+03 9.872796999999999823e-01
8.580000000000000000e+03 9.886255999999999933e-01
8.575000000000000000e+03 9.872551999999999994e-01
8.570000000000000000e+03 9.883462000000000636e-01
8.565000000000000000e+03 9.881718999999999919e-01
8.560000000000000000e+03 9.882212999999999692e-01
8.555000000000000000e+03 9.862423999999999635e-01
8.550000000000000000e+03 9.864436999999999234e-01
8.545000000000000000e+03 9.854671999999999876e-01
8.540000000000000000e+03 9.849241999999999164e-01
8.535000000000000000e+03 9.830189000000000288e-01
8.530000000000000000e+03 9.832332999999999767e-01
8.525000000000000000e+03 9.818970000000000198e-01
8.520000000000000000e+03 9.807227000000000583e-01
8.515000000000000000e+03 9.788198999999999650e-01
8.510000000000000000e+03 9.775764999999999594e-01
8.505000000000000000e+03 9.762104999999999810e-01
8.500000000000000000e+03 9.748356000000000243e-01
8.495000000000000000e+03 9.737105999999999817e-01
8.490000000000000000e+03 9.711554999999999493e-01
8.485000000000000000e+03 9.686599000000000181e-01
8.480000000000000000e+03 9.668001999999999985e-01
8.475000000000000000e+03 9.626495999999999942e-01
8.470000000000000000e+03 9.593291000000000457e-01
8.465000000000000000e+03 9.557803999999999744e-01
8.460000000000000000e+03 9.511558999999999431e-01
8.455000000000000000e+03 9.442718000000001055e-01
8.450000000000000000e+03 9.374858000000000358e-01
8.445000000000000000e+03 9.305674000000000445e-01
8.440000000000000000e+03 9.209739000000000120e-01
8.435000000000000000e+03 9.099904999999999244e-01
8.430000000000000000e+03 8.959305000000000740e-01
8.425000000000000000e+03 8.825129999999999919e-01
8.420000000000000000e+03 8.671056000000000319e-01
8.415000000000000000e+03 8.490725999999999551e-01
8.410000000000000000e+03 8.271865999999999941e-01
8.405000000000000000e+03 8.065527000000000113e-01
8.400000000000000000e+03 7.833983000000001029e-01
8.395000000000000000e+03 7.600490999999999220e-01
8.390000000000000000e+03 7.329712999999999923e-01
8.385000000000000000e+03 7.093074999999999797e-01
8.380000000000000000e+03 6.831749999999999767e-01
8.375000000000000000e+03 6.581113999999999020e-01
8.370000000000000000e+03 6.313246000000000135e-01
8.365000000000000000e+03 6.088932000000000233e-01
8.360000000000000000e+03 5.853949000000000513e-01
8.355000000000000000e+03 5.633843000000000600e-01
8.350000000000000000e+03 5.396426000000000833e-01
8.345000000000000000e+03 5.197451000000000709e-01
8.340000000000000000e+03 4.984105999999999814e-01
8.335000000000000000e+03 4.793324999999999947e-01
8.330000000000000000e+03 4.596958999999999906e-01
8.325000000000000000e+03 4.407916999999999530e-01
8.320000000000000000e+03 4.205998999999999710e-01
8.315000000000000000e+03 4.038219000000000114e-01
8.310000000000000000e+03 3.815932999999999686e-01
8.305000000000000000e+03 3.618513999999999897e-01
8.300000000000000000e+03 3.413911000000000029e-01
8.295000000000000000e+03 3.209938999999999987e-01
8.290000000000000000e+03 2.990324999999999789e-01
8.285000000000000000e+03 2.794945999999999819e-01
8.280000000000000000e+03 2.588016000000000205e-01
8.275000000000000000e+03 2.396445999999999854e-01
8.270000000000000000e+03 2.179936000000000096e-01
8.265000000000000000e+03 2.001136000000000026e-01
8.260000000000000000e+03 1.816193000000000113e-01
8.255000000000000000e+03 1.644867999999999886e-01
8.250000000000000000e+03 1.480452999999999908e-01
8.245000000000000000e+03 1.343060000000000087e-01
8.240000000000000000e+03 1.210504000000000024e-01
8.235000000000000000e+03 1.089913999999999883e-01
8.230000000000000000e+03 9.664570000000000105e-02
8.225000000000000000e+03 8.719110000000000749e-02
8.220000000000000000e+03 7.724459999999999660e-02
8.215000000000000000e+03 7.084509999999999419e-02
8.210000000000000000e+03 6.357949999999999713e-02
8.205000000000000000e+03 5.643650000000000055e-02
8.200000000000000000e+03 5.110100000000000059e-02
8.195000000000000000e+03 4.678200000000000414e-02
8.190000000000000000e+03 4.224189999999999889e-02
8.185000000000000000e+03 3.915230000000000099e-02
8.180000000000000000e+03 3.521780000000000049e-02
8.175000000000000000e+03 3.237969999999999737e-02
8.170000000000000000e+03 2.958239999999999828e-02
8.165000000000000000e+03 2.769489999999999799e-02
8.160000000000000000e+03 2.553090000000000220e-02
8.155000000000000000e+03 2.381930000000000158e-02
8.150000000000000000e+03 2.152600000000000000e-02
8.145000000000000000e+03 2.155559999999999768e-02
8.140000000000000000e+03 1.937540000000000096e-02
8.135000000000000000e+03 1.802530000000000104e-02
8.130000000000000000e+03 1.643740000000000132e-02
8.125000000000000000e+03 1.598700000000000121e-02
8.120000000000000000e+03 1.502269999999999994e-02
8.115000000000000000e+03 1.431519999999999841e-02
8.110000000000000000e+03 1.358870000000000043e-02
8.105000000000000000e+03 1.246740000000000001e-02
8.100000000000000000e+03 1.254559999999999877e-02
8.095000000000000000e+03 1.127969999999999841e-02
8.090000000000000000e+03 1.004739999999999973e-02
8.085000000000000000e+03 1.036000000000000115e-02
8.080000000000000000e+03 9.578200000000000255e-03
8.075000000000000000e+03 9.017900000000000568e-03
8.070000000000000000e+03 8.426599999999999369e-03
8.065000000000000000e+03 8.673499999999998919e-03
8.060000000000000000e+03 7.743600000000000656e-03
8.055000000000000000e+03 7.355500000000000059e-03
8.050000000000000000e+03 7.810000000000000102e-03
8.045000000000000000e+03 7.160900000000000425e-03
8.040000000000000000e+03 6.634499999999999773e-03
8.035000000000000000e+03 5.825700000000000496e-03
8.030000000000000000e+03 5.932800000000000226e-03
8.025000000000000000e+03 5.651500000000000273e-03
8.020000000000000000e+03 4.531199999999999985e-03
8.015000000000000000e+03 5.039300000000000029e-03
8.010000000000000000e+03 4.317699999999999837e-03
8.005000000000000000e+03 4.648799999999999807e-03
8.000000000000000000e+03 3.509200000000000080e-03
7.995000000000000000e+03 1.936499999999999853e-03
7.990000000000000000e+03 2.292999999999999899e-03
7.985000000000000000e+03 1.943300000000000019e-03
7.980000000000000000e+03 1.569599999999999988e-03
7.975000000000000000e+03 1.191800000000000021e-03
7.970000000000000000e+03 5.841999999999999971e-04
7.965000000000000000e+03 1.319999999999999993e-03
7.960000000000000000e+03 1.229399999999999851e-03
7.955000000000000000e+03 1.039199999999999889e-03
7.950000000000000000e+03 8.141000000000000016e-04
7.945000000000000000e+03 1.171399999999999959e-03
7.940000000000000000e+03 1.031699999999999978e-03
7.935000000000000000e+03 4.684000000000000013e-04
7.930000000000000000e+03 5.510000000000000574e-04
7.925000000000000000e+03 6.289000000000000536e-04
7.920000000000000000e+03 7.960999999999999978e-04
7.915000000000000000e+03 2.766000000000000012e-04
7.910000000000000000e+03 5.010000000000000347e-04
7.905000000000000000e+03 1.307599999999999908e-03
7.900000000000000000e+03 -1.956000000000000111e-04
7.895000000000000000e+03 7.509999999999999586e-05
7.890000000000000000e+03 9.499999999999999981e-04
7.885000000000000000e+03 5.929999999999999941e-04
7.880000000000000000e+03 9.579999999999999757e-05
7.875000000000000000e+03 9.710000000000000206e-05
7.870000000000000000e+03 5.709000000000000533e-04
7.865000000000000000e+03 5.419999999999999471e-04
7.860000000000000000e+03 6.308999999999998854e-04
7.855000000000000000e+03 5.479999999999999845e-04
7.850000000000000000e+03 7.605000000000001082e-04
7.845000000000000000e+03 8.396000000000000251e-04
7.840000000000000000e+03 3.606000000000000373e-04
7.835000000000000000e+03 6.499999999999999702e-04
7.830000000000000000e+03 9.028999999999999916e-04
7.825000000000000000e+03 3.650999999999999840e-04
7.820000000000000000e+03 4.333000000000000154e-04
7.815000000000000000e+03 6.847999999999999487e-04
7.810000000000000000e+03 6.756999999999999985e-04
7.805000000000000000e+03 5.455999999999999262e-04
7.800000000000000000e+03 5.295000000000000227e-04
7.795000000000000000e+03 9.422000000000000253e-04
7.790000000000000000e+03 1.020499999999999923e-03
7.785000000000000000e+03 1.330199999999999915e-03
7.780000000000000000e+03 1.955199999999999820e-03
7.775000000000000000e+03 2.408299999999999937e-03
7.770000000000000000e+03 2.879000000000000049e-03
7.765000000000000000e+03 3.939100000000000067e-03
7.760000000000000000e+03 4.858900000000000198e-03
7.755000000000000000e+03 6.682299999999999525e-03
7.750000000000000000e+03 9.389399999999999136e-03
7.745000000000000000e+03 1.184539999999999899e-02
7.740000000000000000e+03 1.456159999999999920e-02
7.735000000000000000e+03 1.644959999999999825e-02
7.730000000000000000e+03 1.730140000000000150e-02
7.725000000000000000e+03 1.682310000000000055e-02
7.720000000000000000e+03 1.539160000000000007e-02
7.715000000000000000e+03 1.240699999999999963e-02
7.710000000000000000e+03 9.860100000000000114e-03
7.705000000000000000e+03 7.267499999999999655e-03
7.700000000000000000e+03 5.221900000000000673e-03
7.695000000000000000e+03 3.889399999999999889e-03
7.690000000000000000e+03 2.925599999999999989e-03
7.685000000000000000e+03 2.411200000000000062e-03
7.680000000000000000e+03 1.816499999999999972e-03
7.675000000000000000e+03 1.294100000000000068e-03
7.670000000000000000e+03 1.495799999999999821e-03
7.665000000000000000e+03 1.037399999999999954e-03
7.660000000000000000e+03 1.011200000000000076e-03
7.655000000000000000e+03 6.997000000000000398e-04
7.650000000000000000e+03 4.540999999999999789e-04
7.645000000000000000e+03 4.214999999999999997e-04
7.640000000000000000e+03 5.232999999999999804e-04
7.635000000000000000e+03 2.312000000000000090e-04
7.630000000000000000e+03 4.528999999999999498e-04
7.625000000000000000e+03 1.255000000000000148e-04
7.620000000000000000e+03 1.125999999999999858e-04
7.615000000000000000e+03 5.025000000000000170e-04
7.610000000000000000e+03 1.179000000000000062e-04
7.605000000000000000e+03 1.251000000000000050e-04
7.600000000000000000e+03 4.533999999999999619e-04
7.595000000000000000e+03 5.904999999999999876e-04
7.590000000000000000e+03 3.180000000000000318e-04
7.585000000000000000e+03 2.382000000000000165e-04
7.580000000000000000e+03 1.978999999999999856e-04
7.575000000000000000e+03 2.837000000000000112e-04
7.570000000000000000e+03 2.708999999999999711e-04
7.565000000000000000e+03 2.531999999999999746e-04
7.560000000000000000e+03 2.486999999999999736e-04
7.555000000000000000e+03 6.135999999999999528e-04
7.550000000000000000e+03 3.896999999999999856e-04
7.545000000000000000e+03 3.801999999999999716e-04
7.540000000000000000e+03 5.208999999999999221e-04
7.535000000000000000e+03 7.839999999999999747e-04
7.530000000000000000e+03 7.505000000000000820e-04
7.525000000000000000e+03 8.838000000000000153e-04
7.520000000000000000e+03 8.651999999999999968e-04
7.515000000000000000e+03 1.219599999999999938e-03
7.510000000000000000e+03 1.666799999999999966e-03
7.505000000000000000e+03 1.260199999999999949e-03
7.500000000000000000e+03 1.915900000000000112e-03
7.495000000000000000e+03 2.510800000000000098e-03
7.490000000000000000e+03 2.889300000000000028e-03
7.485000000000000000e+03 3.521199999999999938e-03
7.480000000000000000e+03 4.173800000000000079e-03
7.475000000000000000e+03 4.473900000000000272e-03
7.470000000000000000e+03 4.772000000000000200e-03
7.465000000000000000e+03 5.471399999999999528e-03
7.460000000000000000e+03 5.398599999999999927e-03
7.455000000000000000e+03 5.523499999999999764e-03
7.450000000000000000e+03 4.685800000000000382e-03
7.445000000000000000e+03 4.610799999999999968e-03
7.440000000000000000e+03 4.360900000000000019e-03
7.435000000000000000e+03 3.758600000000000396e-03
7.430000000000000000e+03 3.324899999999999991e-03
7.425000000000000000e+03 2.945600000000000041e-03
7.420000000000000000e+03 2.547900000000000078e-03
7.415000000000000000e+03 2.385299999999999920e-03
7.410000000000000000e+03 2.111899999999999888e-03
7.405000000000000000e+03 1.579200000000000005e-03
7.400000000000000000e+03 1.955600000000000047e-03
7.395000000000000000e+03 1.757100000000000155e-03
7.390000000000000000e+03 1.748699999999999951e-03
7.385000000000000000e+03 1.629800000000000042e-03
7.380000000000000000e+03 1.470200000000000066e-03
7.375000000000000000e+03 1.705499999999999985e-03
7.370000000000000000e+03 2.064400000000000089e-03
7.365000000000000000e+03 2.119300000000000177e-03
7.360000000000000000e+03 2.214999999999999955e-03
7.355000000000000000e+03 2.337799999999999687e-03
7.350000000000000000e+03 2.706700000000000252e-03
7.345000000000000000e+03 2.901900000000000226e-03
7.340000000000000000e+03 3.746999999999999897e-03
7.335000000000000000e+03 4.190099999999999554e-03
7.330000000000000000e+03 4.755800000000000131e-03
7.325000000000000000e+03 5.338699999999999175e-03
7.320000000000000000e+03 6.265800000000000189e-03
7.315000000000000000e+03 7.093899999999999338e-03
7.310000000000000000e+03 7.455899999999999681e-03
7.305000000000000000e+03 7.870500000000000759e-03
7.300000000000000000e+03 7.467800000000000132e-03
7.295000000000000000e+03 7.080100000000000629e-03
7.290000000000000000e+03 6.402399999999999931e-03
7.285000000000000000e+03 5.805799999999999850e-03
7.280000000000000000e+03 4.673000000000000070e-03
7.275000000000000000e+03 3.962999999999999509e-03
7.270000000000000000e+03 3.287900000000000284e-03
7.265000000000000000e+03 2.939300000000000159e-03
7.260000000000000000e+03 2.254299999999999880e-03
7.255000000000000000e+03 2.249600000000000037e-03
7.250000000000000000e+03 1.816300000000000076e-03
7.245000000000000000e+03 1.833400000000000004e-03
7.240000000000000000e+03 1.492700000000000233e-03
7.235000000000000000e+03 1.355499999999999934e-03
7.230000000000000000e+03 8.132999999999999821e-04
7.225000000000000000e+03 1.038000000000000077e-03
7.220000000000000000e+03 1.005800000000000053e-03
7.215000000000000000e+03 7.527999999999999753e-04
7.210000000000000000e+03 9.296999999999999926e-04
7.205000000000000000e+03 8.859999999999999603e-04
7.200000000000000000e+03 6.447999999999999522e-04
7.195000000000000000e+03 1.018299999999999978e-03
7.190000000000000000e+03 1.043300000000000043e-03
7.185000000000000000e+03 1.028700000000000014e-03
7.180000000000000000e+03 1.320400000000000003e-03
7.175000000000000000e+03 1.019399999999999950e-03
7.170000000000000000e+03 1.253499999999999840e-03
7.165000000000000000e+03 1.590600000000000173e-03
7.160000000000000000e+03 1.840000000000000056e-03
7.155000000000000000e+03 2.367600000000000086e-03
7.150000000000000000e+03 2.947400000000000193e-03
7.145000000000000000e+03 4.005899999999999739e-03
7.140000000000000000e+03 5.134600000000000448e-03
7.135000000000000000e+03 6.547199999999999548e-03
7.130000000000000000e+03 8.265800000000000231e-03
7.125000000000000000e+03 9.784000000000001029e-03
7.120000000000000000e+03 1.107769999999999935e-02
7.115000000000000000e+03 1.187709999999999981e-02
7.110000000000000000e+03 1.131809999999999934e-02
7.105000000000000000e+03 1.036799999999999874e-02
7.100000000000000000e+03 9.118000000000001104e-03
7.095000000000000000e+03 7.407500000000000022e-03
7.090000000000000000e+03 6.116100000000000182e-03
7.085000000000000000e+03 4.658699999999999994e-03
7.080000000000000000e+03 3.284099999999999867e-03
7.075000000000000000e+03 2.771899999999999885e-03
7.070000000000000000e+03 2.304000000000000058e-03
7.065000000000000000e+03 2.016500000000000063e-03
7.060000000000000000e+03 1.295499999999999994e-03
7.055000000000000000e+03 1.218799999999999918e-03
7.050000000000000000e+03 6.352999999999999923e-04
7.045000000000000000e+03 7.056999999999999688e-04
7.040000000000000000e+03 9.428000000000000399e-04
7.035000000000000000e+03 7.435000000000000202e-04
7.030000000000000000e+03 5.877999999999999762e-04
7.025000000000000000e+03 5.366999999999999809e-04
7.020000000000000000e+03 5.240000000000000517e-04
7.015000000000000000e+03 4.454000000000000385e-04
7.010000000000000000e+03 4.663000000000000044e-04
7.005000000000000000e+03 2.696999999999999962e-04
7.000000000000000000e+03 3.576000000000000185e-04
6.995000000000000000e+03 6.324000000000000845e-04
6.990000000000000000e+03 5.353000000000000553e-04
6.985000000000000000e+03 5.115999999999999671e-04
6.980000000000000000e+03 6.047000000000000075e-04
6.975000000000000000e+03 7.711999999999999888e-04
6.970000000000000000e+03 8.007000000000000011e-04
6.965000000000000000e+03 5.814999999999999857e-04
6.960000000000000000e+03 8.176000000000000325e-04
6.955000000000000000e+03 1.261399999999999978e-03
6.950000000000000000e+03 1.216099999999999907e-03
6.945000000000000000e+03 1.561299999999999841e-03
6.940000000000000000e+03 1.683900000000000110e-03
6.935000000000000000e+03 2.237400000000000066e-03
6.930000000000000000e+03 2.860800000000000148e-03
6.925000000000000000e+03 3.455399999999999965e-03
6.920000000000000000e+03 4.130400000000000217e-03
6.915000000000000000e+03 4.835100000000000162e-03
6.910000000000000000e+03 5.978200000000000354e-03
6.905000000000000000e+03 6.938999999999999856e-03
6.900000000000000000e+03 7.917600000000000332e-03
6.895000000000000000e+03 8.186600000000000474e-03
6.890000000000000000e+03 8.184699999999999614e-03
6.885000000000000000e+03 8.387099999999999764e-03
6.880000000000000000e+03 7.941500000000000642e-03
6.875000000000000000e+03 7.198500000000000038e-03
6.870000000000000000e+03 6.493500000000000140e-03
6.865000000000000000e+03 6.081500000000000100e-03
6.860000000000000000e+03 5.127800000000000066e-03
6.855000000000000000e+03 4.819600000000000273e-03
6.850000000000000000e+03 4.610699999999999694e-03
6.845000000000000000e+03 4.138300000000000138e-03
6.840000000000000000e+03 3.784000000000000037e-03
6.835000000000000000e+03 3.507999999999999834e-03
6.830000000000000000e+03 3.509999999999999665e-03
6.825000000000000000e+03 3.222299999999999991e-03
6.820000000000000000e+03 3.484400000000000344e-03
6.815000000000000000e+03 3.509700000000000146e-03
6.810000000000000000e+03 3.578399999999999810e-03
6.805000000000000000e+03 3.735099999999999879e-03
6.800000000000000000e+03 3.872800000000000027e-03
6.795000000000000000e+03 4.148500000000000278e-03
6.790000000000000000e+03 4.309900000000000189e-03
6.785000000000000000e+03 4.834500000000000255e-03
6.780000000000000000e+03 5.381599999999999405e-03
6.775000000000000000e+03 5.644900000000000438e-03
6.770000000000000000e+03 6.043899999999999620e-03
6.765000000000000000e+03 6.697999999999999093e-03
6.760000000000000000e+03 7.243199999999999986e-03
6.755000000000000000e+03 7.381299999999999494e-03
6.750000000000000000e+03 7.848700000000000121e-03
6.745000000000000000e+03 8.072599999999999221e-03
6.740000000000000000e+03 8.145700000000000510e-03
6.735000000000000000e+03 8.236699999999999577e-03
6.730000000000000000e+03 8.159500000000000086e-03
6.725000000000000000e+03 8.063400000000000081e-03
6.720000000000000000e+03 7.955200000000000812e-03
6.715000000000000000e+03 7.842800000000000465e-03
6.710000000000000000e+03 7.705599999999999949e-03
6.705000000000000000e+03 7.713999999999999503e-03
6.700000000000000000e+03 7.642200000000000035e-03
6.695000000000000000e+03 7.483000000000000068e-03
6.690000000000000000e+03 7.594800000000000509e-03
6.685000000000000000e+03 7.676600000000000437e-03
6.680000000000000000e+03 7.869799999999999712e-03
6.675000000000000000e+03 8.096799999999999484e-03
6.670000000000000000e+03 8.366800000000000626e-03
6.665000000000000000e+03 8.625999999999999987e-03
6.660000000000000000e+03 9.248199999999999824e-03
6.655000000000000000e+03 9.560499999999999554e-03
6.650000000000000000e+03 1.004110000000000072e-02
6.645000000000000000e+03 1.041830000000000013e-02
6.640000000000000000e+03 1.080019999999999938e-02
6.635000000000000000e+03 1.107960000000000021e-02
6.630000000000000000e+03 1.120829999999999917e-02
6.625000000000000000e+03 1.138729999999999951e-02
6.620000000000000000e+03 1.113019999999999982e-02
6.615000000000000000e+03 1.071159999999999821e-02
6.610000000000000000e+03 1.050999999999999851e-02
6.605000000000000000e+03 1.010989999999999979e-02
6.600000000000000000e+03 9.394500000000000073e-03
6.595000000000000000e+03 8.980200000000000682e-03
6.590000000000000000e+03 8.318199999999999553e-03
6.585000000000000000e+03 7.767699999999999778e-03
6.580000000000000000e+03 7.457399999999999446e-03
6.575000000000000000e+03 7.039999999999999383e-03
6.570000000000000000e+03 6.726100000000000481e-03
6.565000000000000000e+03 6.403400000000000064e-03
6.560000000000000000e+03 6.437899999999999873e-03
6.555000000000000000e+03 6.318800000000000285e-03
6.550000000000000000e+03 6.237399999999999715e-03
6.545000000000000000e+03 6.418000000000000094e-03
6.540000000000000000e+03 6.660000000000000121e-03
6.535000000000000000e+03 6.964299999999999657e-03
6.530000000000000000e+03 7.204899999999999326e-03
6.525000000000000000e+03 7.514100000000000119e-03
6.520000000000000000e+03 8.248499999999998888e-03
6.515000000000000000e+03 8.813700000000000701e-03
6.510000000000000000e+03 9.695200000000001039e-03
6.505000000000000000e+03 1.084539999999999983e-02
6.500000000000000000e+03 1.168480000000000039e-02
6.495000000000000000e+03 1.352100000000000003e-02
6.490000000000000000e+03 1.500690000000000010e-02
6.485000000000000000e+03 1.677499999999999825e-02
6.480000000000000000e+03 1.883680000000000077e-02
6.475000000000000000e+03 2.085209999999999841e-02
6.470000000000000000e+03 2.302939999999999848e-02
6.465000000000000000e+03 2.505359999999999879e-02
6.460000000000000000e+03 2.675609999999999794e-02
6.455000000000000000e+03 2.843620000000000175e-02
6.450000000000000000e+03 2.959739999999999940e-02
6.445000000000000000e+03 3.074949999999999906e-02
6.440000000000000000e+03 3.120899999999999716e-02
6.435000000000000000e+03 3.163499999999999646e-02
6.430000000000000000e+03 3.190980000000000205e-02
6.425000000000000000e+03 3.175870000000000082e-02
6.420000000000000000e+03 3.190099999999999880e-02
6.415000000000000000e+03 3.206629999999999897e-02
6.410000000000000000e+03 3.237419999999999881e-02
6.405000000000000000e+03 3.294020000000000281e-02
6.400000000000000000e+03 3.411940000000000112e-02
6.395000000000000000e+03 3.521310000000000412e-02
6.390000000000000000e+03 3.686550000000000243e-02
6.385000000000000000e+03 3.905299999999999744e-02
6.380000000000000000e+03 4.169810000000000183e-02
6.375000000000000000e+03 4.498330000000000384e-02
6.370000000000000000e+03 4.908520000000000244e-02
6.365000000000000000e+03 5.350830000000000169e-02
6.360000000000000000e+03 5.886029999999999734e-02
6.355000000000000000e+03 6.488030000000000186e-02
6.350000000000000000e+03 7.205509999999999693e-02
6.345000000000000000e+03 7.975839999999999319e-02
6.340000000000000000e+03 8.805899999999999839e-02
6.335000000000000000e+03 9.752290000000000958e-02
6.330000000000000000e+03 1.075160999999999895e-01
6.325000000000000000e+03 1.181424999999999975e-01
6.320000000000000000e+03 1.297534999999999938e-01
6.315000000000000000e+03 1.422912000000000066e-01
6.310000000000000000e+03 1.561599999999999933e-01
6.305000000000000000e+03 1.711919999999999831e-01
6.300000000000000000e+03 1.879956999999999878e-01
6.295000000000000000e+03 2.056887000000000021e-01
6.290000000000000000e+03 2.261902999999999830e-01
6.285000000000000000e+03 2.470073000000000130e-01
6.280000000000000000e+03 2.701014999999999944e-01
6.275000000000000000e+03 2.930933000000000010e-01
6.270000000000000000e+03 3.163788999999999629e-01
6.265000000000000000e+03 3.367222999999999744e-01
6.260000000000000000e+03 3.548039000000000054e-01
6.255000000000000000e+03 3.682158999999999849e-01
6.250000000000000000e+03 3.781044000000000072e-01
6.245000000000000000e+03 3.823713999999999724e-01
6.240000000000000000e+03 3.823828000000000227e-01
6.235000000000000000e+03 3.794811000000000156e-01
6.230000000000000000e+03 3.731714000000000420e-01
6.225000000000000000e+03 3.666467999999999949e-01
6.220000000000000000e+03 3.603605999999999754e-01
6.215000000000000000e+03 3.551650999999999558e-01
6.210000000000000000e+03 3.521560000000000246e-01
6.205000000000000000e+03 3.521254999999999802e-01
6.200000000000000000e+03 3.548879999999999812e-01
6.195000000000000000e+03 3.601308000000000287e-01
6.190000000000000000e+03 3.671472000000000069e-01
6.185000000000000000e+03 3.748644000000000420e-01
6.180000000000000000e+03 3.834743999999999930e-01
6.175000000000000000e+03 3.904067999999999983e-01
6.170000000000000000e+03 3.965558999999999612e-01
6.165000000000000000e+03 4.004030000000000089e-01
6.160000000000000000e+03 4.007213999999999499e-01
6.155000000000000000e+03 3.988051000000000235e-01
6.150000000000000000e+03 3.950229999999999575e-01
6.145000000000000000e+03 3.904106999999999994e-01
6.140000000000000000e+03 3.848458000000000157e-01
6.135000000000000000e+03 3.819193000000000171e-01
6.130000000000000000e+03 3.804014999999999480e-01
6.125000000000000000e+03 3.819794999999999718e-01
6.120000000000000000e+03 3.859982000000000135e-01
6.115000000000000000e+03 3.923931999999999976e-01
6.110000000000000000e+03 4.007756000000000096e-01
6.105000000000000000e+03 4.097030999999999867e-01
6.100000000000000000e+03 4.179688000000000292e-01
6.095000000000000000e+03 4.251138000000000416e-01
6.090000000000000000e+03 4.281584999999999974e-01
6.085000000000000000e+03 4.253088000000000424e-01
6.080000000000000000e+03 4.151052000000000075e-01
6.075000000000000000e+03 3.976315000000000266e-01
6.070000000000000000e+03 3.735163000000000233e-01
6.065000000000000000e+03 3.450738999999999890e-01
6.060000000000000000e+03 3.130533000000000343e-01
6.055000000000000000e+03 2.851771000000000167e-01
6.050000000000000000e+03 2.610190000000000010e-01
6.045000000000000000e+03 2.483334000000000097e-01
6.040000000000000000e+03 2.463444000000000189e-01
6.035000000000000000e+03 2.547583999999999960e-01
6.030000000000000000e+03 2.706226999999999938e-01
6.025000000000000000e+03 2.871409999999999796e-01
6.020000000000000000e+03 2.963886000000000021e-01
6.015000000000000000e+03 2.947354999999999836e-01
6.010000000000000000e+03 2.794726000000000155e-01
6.005000000000000000e+03 2.547307999999999795e-01
6.000000000000000000e+03 2.233367000000000269e-01
