2.000000000000000000e+03 0.000000000000000000e+00
2.030100334448160538e+03 0.000000000000000000e+00
2.060200668896321076e+03 0.000000000000000000e+00
2.090301003344481614e+03 0.000000000000000000e+00
2.120401337792642153e+03 2.465190328815661892e-32
2.150501672240802691e+03 0.000000000000000000e+00
2.180602006688963229e+03 0.000000000000000000e+00
2.210702341137123767e+03 0.000000000000000000e+00
2.240802675585284305e+03 6.310887241768094443e-30
2.270903010033444843e+03 0.000000000000000000e+00
2.301003344481605382e+03 0.000000000000000000e+00
2.331103678929765920e+03 2.019483917365790222e-28
2.361204013377926458e+03 0.000000000000000000e+00
2.391304347826086996e+03 0.000000000000000000e+00
2.421404682274247534e+03 0.000000000000000000e+00
2.451505016722408072e+03 0.000000000000000000e+00
2.481605351170568611e+03 2.067951531382569187e-25
2.511705685618729149e+03 8.271806125530276749e-25
2.541806020066889687e+03 0.000000000000000000e+00
2.571906354515050680e+03 0.000000000000000000e+00
2.602006688963210763e+03 0.000000000000000000e+00
2.632107023411371301e+03 0.000000000000000000e+00
2.662207357859531839e+03 0.000000000000000000e+00
2.692307692307692832e+03 0.000000000000000000e+00
2.722408026755852916e+03 1.629479466462950543e-04
2.752508361204013454e+03 7.560058103680634750e-04
2.782608695652173992e+03 1.816611892279131751e-03
2.812709030100334530e+03 3.381197220396753647e-03
2.842809364548495523e+03 5.487701643132301098e-03
2.872909698996655607e+03 8.175612930545521351e-03
2.903010033444816145e+03 1.148600653720660385e-02
2.933110367892977138e+03 1.546158603419852881e-02
2.963210702341137676e+03 2.014672421785033973e-02
2.993311036789297759e+03 2.558750490285041299e-02
3.023411371237458297e+03 3.183176540744470095e-02
3.053511705685618836e+03 3.892913973848505238e-02
3.083612040133779828e+03 4.693110248415055530e-02
3.113712374581939912e+03 5.589101342222276003e-02
3.143812709030100450e+03 6.586416285185758834e-02
3.173913043478261443e+03 7.690781765685135440e-02
3.204013377926421981e+03 8.908126810846174470e-02
3.234113712374582065e+03 1.024458754159053575e-01
3.264214046822742603e+03 1.170651200327083030e-01
3.294314381270903141e+03 1.330046507271517020e-01
3.324414715719064134e+03 1.503323344251148996e-01
3.354515050167224217e+03 1.691183068336735706e-01
3.384615384615384755e+03 1.894350238538838327e-01
3.414715719063545748e+03 2.113573137912297950e-01
3.444816053511705832e+03 2.349624303722832597e-01
3.474916387959866370e+03 2.603301065761942090e-01
3.505016722408026908e+03 2.841431206305681245e-01
3.535117056856187446e+03 2.918482810320564558e-01
3.565217391304348439e+03 2.997262702147747704e-01
3.595317725752508522e+03 3.077802511875769031e-01
3.625418060200669061e+03 3.160134337282908823e-01
3.655518394648830053e+03 3.244290749381140149e-01
3.685618729096990137e+03 3.330304798012079792e-01
3.715719063545151130e+03 3.418210017495286746e-01
3.745819397993311213e+03 3.508040432329254110e-01
3.775919732441471751e+03 3.599830562945534052e-01
3.806020066889632744e+03 3.693615431516338310e-01
3.836120401337793282e+03 3.789430567815992301e-01
3.866220735785953366e+03 3.887312015136665799e-01
3.896321070234114359e+03 3.987296336258727703e-01
3.926421404682274442e+03 4.089420619476123453e-01
3.956521739130435435e+03 4.193722484677222528e-01
3.986622073578595518e+03 4.300240089481411343e-01
4.016722408026756057e+03 4.405258495409208330e-01
4.046822742474917050e+03 4.512935876949968339e-01
4.076923076923076678e+03 4.629768816551842470e-01
4.107023411371237671e+03 4.750136716343719145e-01
4.137123745819398209e+03 4.879147201012521418e-01
4.167224080267558747e+03 5.011720462644104757e-01
4.197324414715719286e+03 5.150860361684099775e-01
4.227424749163879824e+03 5.295003270889421243e-01
4.257525083612040362e+03 5.444481865981212199e-01
4.287625418060201810e+03 5.595339669867422927e-01
4.317725752508361438e+03 5.749190033374831366e-01
4.347826086956521976e+03 5.905701325895290621e-01
4.377926421404682515e+03 6.062843067585632628e-01
4.408026755852843053e+03 6.220897006962666786e-01
4.438127090301003591e+03 6.378664251455524736e-01
4.468227424749164129e+03 6.536569724466809728e-01
4.498327759197324667e+03 6.693535981310267946e-01
4.528428093645485205e+03 6.839086674743446448e-01
4.558528428093645744e+03 6.983802430012781004e-01
4.588628762541806282e+03 7.124587168279284954e-01
4.618729096989966820e+03 7.263634281886404143e-01
4.648829431438127358e+03 7.397767260774756881e-01
4.678929765886287896e+03 7.530185202398607114e-01
4.709030100334448434e+03 7.658214651652750504e-01
4.739130434782608972e+03 7.783344943078851497e-01
4.769230769230769511e+03 7.905431505392119806e-01
4.799331103678930049e+03 8.020348843435454178e-01
4.829431438127090587e+03 8.124493445419630477e-01
4.859531772575251125e+03 8.216572475810088871e-01
4.889632107023411663e+03 8.299081398219984029e-01
4.919732441471572201e+03 8.371321489596752485e-01
4.949832775919732740e+03 8.435023340662723967e-01
4.979933110367893278e+03 8.488463586688803630e-01
5.010033444816052906e+03 8.534583177846771784e-01
5.040133779264214354e+03 8.573678682314412880e-01
5.070234113712374892e+03 8.606474386766495011e-01
5.100334448160535430e+03 8.634647735833088644e-01
5.130434782608695969e+03 8.656870655496126110e-01
5.160535117056857416e+03 8.675610441569980846e-01
5.190635451505017045e+03 8.691225012516938797e-01
5.220735785953177583e+03 8.702954582836450736e-01
5.250836120401339031e+03 8.712695206392573333e-01
5.280936454849498659e+03 8.720671970369836545e-01
5.311036789297659197e+03 8.727450215394038091e-01
5.341137123745820645e+03 8.732366337155970104e-01
5.371237458193980274e+03 8.737083868533650488e-01
5.401337792642139902e+03 8.741541652217857949e-01
5.431438127090302260e+03 8.744358962737112106e-01
5.461538461538461888e+03 8.748072817421537195e-01
5.491638795986621517e+03 8.751182849016845289e-01
5.521739130434782965e+03 8.755153853995166768e-01
5.551839464882943503e+03 8.758646157925439324e-01
5.581939799331104041e+03 8.762523925524831059e-01
5.612040133779264579e+03 8.766720441140263276e-01
5.642140468227426027e+03 8.770982229515291717e-01
5.672240802675585655e+03 8.775465327094982282e-01
5.702341137123746194e+03 8.780272956538490714e-01
5.732441471571907641e+03 8.785121933014076179e-01
5.762541806020067270e+03 8.790414687541270311e-01
5.792642140468227808e+03 8.794213689146248569e-01
5.822742474916389256e+03 8.798262969039394310e-01
5.852842809364548884e+03 8.801519513126828675e-01
5.882943143812708513e+03 8.804013561547721078e-01
5.913043478260869961e+03 8.805923181159883706e-01
5.943143812709030499e+03 8.808507577106711173e-01
5.973244147157191037e+03 8.810330297780761821e-01
6.003344481605351575e+03 8.812025850236653302e-01
6.033444816053513023e+03 8.813040784482575329e-01
6.063545150501672651e+03 8.814023850601839793e-01
6.093645484949833190e+03 8.814387845365266871e-01
6.123745819397994637e+03 8.814512154449617443e-01
6.153846153846154266e+03 8.814008450936552386e-01
6.183946488294314804e+03 8.812825170411323628e-01
6.214046822742476252e+03 8.811919097784338684e-01
6.244147157190635880e+03 8.811891989330693509e-01
6.274247491638795509e+03 8.811486524899638795e-01
6.304347826086957866e+03 8.810564501348643329e-01
6.334448160535117495e+03 8.809006855520576940e-01
6.364548494983277124e+03 8.806511320940956233e-01
6.394648829431438571e+03 8.803712255319733337e-01
6.424749163879599109e+03 8.800127729709807944e-01
6.454849498327759648e+03 8.796474142250551020e-01
6.484949832775920186e+03 8.792221665618319415e-01
6.515050167224081633e+03 8.786830545748214316e-01
6.545150501672241262e+03 8.781728907886247049e-01
6.575250836120401800e+03 8.776066317637566394e-01
6.605351170568563248e+03 8.769974975834504693e-01
6.635451505016722876e+03 8.763542730502922318e-01
6.665551839464883415e+03 8.756615412813344435e-01
6.695652173913044862e+03 8.749049222118168156e-01
6.725752508361204491e+03 8.741733999206693362e-01
6.755852842809364120e+03 8.733510526651465655e-01
6.785953177257526477e+03 8.725493358096642060e-01
6.816053511705686105e+03 8.717320484937303160e-01
6.846153846153846644e+03 8.708904444854839166e-01
6.876254180602007182e+03 8.699585928266954094e-01
6.906354515050168629e+03 8.690598632564128234e-01
6.936454849498328258e+03 8.682193566407545582e-01
6.966555183946488796e+03 8.672214864356889708e-01
6.996655518394650244e+03 8.662979383426836488e-01
7.026755852842809873e+03 8.653155296884782466e-01
7.056856187290969501e+03 8.642635737749371216e-01
7.086956521739131858e+03 8.631361170945281991e-01
7.117056856187291487e+03 8.620013463561407852e-01
7.147157190635451116e+03 8.609405801950008597e-01
7.177257525083613473e+03 8.598882017047130288e-01
7.207357859531773101e+03 8.588105457431585155e-01
7.237458193979932730e+03 8.576948706474791795e-01
7.267558528428095087e+03 8.567070771598572776e-01
7.297658862876254716e+03 8.556743570710788616e-01
7.327759197324415254e+03 8.547295298454462564e-01
7.357859531772576702e+03 8.535670969479971504e-01
7.387959866220737240e+03 8.524911747552326169e-01
7.418060200668896869e+03 8.515402010793622356e-01
7.448160535117056497e+03 8.504612866221654688e-01
7.478260869565218854e+03 8.493911506127723721e-01
7.508361204013378483e+03 8.485968207581482403e-01
7.538461538461538112e+03 8.476436127882288618e-01
7.568561872909700469e+03 8.465168763044799149e-01
7.598662207357860098e+03 8.454937762626790754e-01
7.628762541806019726e+03 8.446083991707686867e-01
7.658862876254182083e+03 8.437593371378033780e-01
7.688963210702341712e+03 8.427368117127793656e-01
7.719063545150502250e+03 8.416934050774687037e-01
7.749163879598663698e+03 8.405777588182670179e-01
7.779264214046823326e+03 8.400650392507020836e-01
7.809364548494983865e+03 8.390390309091241283e-01
7.839464882943143493e+03 8.381809192122905428e-01
7.869565217391305850e+03 8.371648894336083391e-01
7.899665551839465479e+03 8.364368194232799647e-01
7.929765886287625108e+03 8.354819573449199233e-01
7.959866220735787465e+03 8.344422108502782542e-01
7.989966555183947094e+03 8.337184552543948080e-01
8.020066889632106722e+03 8.330857964498001866e-01
8.050167224080269079e+03 8.326274363655569166e-01
8.080267558528428708e+03 8.322036602158476848e-01
8.110367892976588337e+03 8.318794522142773928e-01
8.140468227424750694e+03 8.313965576255391010e-01
8.170568561872910323e+03 8.309666091854615022e-01
8.200668896321070861e+03 8.305559910947462043e-01
8.230769230769232308e+03 8.301425401603410581e-01
8.260869565217391937e+03 8.296392879108276386e-01
8.290969899665551566e+03 8.291693700888635998e-01
8.321070234113713013e+03 8.286507455023686131e-01
8.351170568561874461e+03 8.280748285176031676e-01
8.381270903010034090e+03 8.275293093949076528e-01
8.411371237458193718e+03 8.270209128374605978e-01
8.441471571906355166e+03 8.262823300844144292e-01
8.471571906354516614e+03 8.257165540514778135e-01
8.501672240802676242e+03 8.250455395508602408e-01
8.531772575250837690e+03 8.233068466342571279e-01
8.561872909698997319e+03 8.216094670069633565e-01
8.591973244147156947e+03 8.197717178450356634e-01
8.622073578595320214e+03 8.181406487947970874e-01
8.652173913043479843e+03 8.161400931352232879e-01
8.682274247491639471e+03 8.142735459047708568e-01
8.712374581939800919e+03 8.123943025031058474e-01
8.742474916387960548e+03 8.107349122090914406e-01
8.772575250836120176e+03 8.086055109021695886e-01
8.802675585284281624e+03 8.064067932956173745e-01
8.832775919732443072e+03 8.044832448479661835e-01
8.862876254180602700e+03 8.025814209371542329e-01
8.892976588628762329e+03 8.003497183014608440e-01
8.923076923076923777e+03 7.982091303423760609e-01
8.953177257525085224e+03 7.961217358122292254e-01
8.983277591973244853e+03 7.938560865768575781e-01
9.013377926421406301e+03 7.916511753454621436e-01
9.043478260869565929e+03 7.894333815541397792e-01
9.073578595317725558e+03 7.871546804089368798e-01
9.103678929765888824e+03 7.847613508426820594e-01
9.133779264214048453e+03 7.824656367210445218e-01
9.163879598662208082e+03 7.800506312949990750e-01
9.193979933110367710e+03 7.775840542867666905e-01
9.224080267558529158e+03 7.751203035135660890e-01
9.254180602006688787e+03 7.726436733309884897e-01
9.284280936454850234e+03 7.701610381857011411e-01
9.314381270903011682e+03 7.676063017728251836e-01
9.344481605351171311e+03 7.650059909257890256e-01
9.374581939799330939e+03 7.624177768195653515e-01
9.404682274247494206e+03 7.597818813531502791e-01
9.434782608695653835e+03 7.571670251223132642e-01
9.464882943143813463e+03 7.544099654922853393e-01
9.494983277591974911e+03 7.517025672989140483e-01
9.525083612040134540e+03 7.490135459226613390e-01
9.555183946488294168e+03 7.462981804462960334e-01
9.585284280936457435e+03 7.436215029151856948e-01
9.615384615384617064e+03 7.409121317651006233e-01
9.645484949832776692e+03 7.382071453937451011e-01
9.675585284280936321e+03 7.355346531382308539e-01
9.705685618729097769e+03 7.328305281444374986e-01
9.735785953177259216e+03 7.301341969057819625e-01
9.765886287625418845e+03 7.274265540845674671e-01
9.795986622073580293e+03 7.247221050047745194e-01
9.826086956521739921e+03 7.220448877280188915e-01
9.856187290969899550e+03 7.193424860864373604e-01
9.886287625418062817e+03 7.166279805979040018e-01
9.916387959866222445e+03 7.139532775575795354e-01
9.946488294314382074e+03 7.112538494199917016e-01
9.976588628762543522e+03 7.086117587911323623e-01
1.000668896321070315e+04 7.059234533987804872e-01
1.003678929765886278e+04 7.032273811583851231e-01
1.006688963210702423e+04 7.005397163120441473e-01
1.009698996655518567e+04 6.978604375803542093e-01
1.012709030100334530e+04 6.951895237265520722e-01
1.015719063545150493e+04 6.925269535564495538e-01
1.018729096989966638e+04 6.898727059183672461e-01
1.021739130434782783e+04 6.872267597030738973e-01
1.024749163879598746e+04 6.845890938437206863e-01
1.027759197324414890e+04 6.819596873157750538e-01
1.030769230769230853e+04 6.793385191369604170e-01
1.033779264214046816e+04 6.767255683671890010e-01
1.036789297658863143e+04 6.741208141084993333e-01
1.039799331103679106e+04 6.715242355049941825e-01
1.042809364548495068e+04 6.689358117427716133e-01
1.045819397993311213e+04 6.663555220498684761e-01
1.048829431438127176e+04 6.637833456961889089e-01
1.051839464882943139e+04 6.612192619934476046e-01
1.054849498327759284e+04 6.586632502951025314e-01
1.057859531772575428e+04 6.561152899962916507e-01
1.060869565217391391e+04 6.535753605337716321e-01
1.063879598662207354e+04 6.510434413858524616e-01
1.066889632107023499e+04 6.485195120723341589e-01
1.069899665551839644e+04 6.460035521544466031e-01
1.072909698996655607e+04 6.434955412347811432e-01
1.075919732441471751e+04 6.409954589572327555e-01
1.078929765886287714e+04 6.385032850069347621e-01
1.081939799331103677e+04 6.360189991101953266e-01
1.084949832775920004e+04 6.335425810344350595e-01
1.087959866220735967e+04 6.310740105881257334e-01
1.090969899665551930e+04 6.286132676207253356e-01
1.093979933110367892e+04 6.261603320226163394e-01
1.096989966555184037e+04 6.237151837250431985e-01
1.100000000000000000e+04 6.212778027000505077e-01
