2.000000000000000000e+03 0.000000000000000000e+00
2.030100334448160538e+03 0.000000000000000000e+00
2.060200668896321076e+03 0.000000000000000000e+00
2.090301003344481614e+03 0.000000000000000000e+00
2.120401337792642153e+03 0.000000000000000000e+00
2.150501672240802691e+03 0.000000000000000000e+00
2.180602006688963229e+03 0.000000000000000000e+00
2.210702341137123767e+03 0.000000000000000000e+00
2.240802675585284305e+03 0.000000000000000000e+00
2.270903010033444843e+03 4.814824860968089633e-35
2.301003344481605382e+03 0.000000000000000000e+00
2.331103678929765920e+03 0.000000000000000000e+00
2.361204013377926458e+03 0.000000000000000000e+00
2.391304347826086996e+03 6.162975822039154730e-33
2.421404682274247534e+03 0.000000000000000000e+00
2.451505016722408072e+03 9.860761315262647568e-32
2.481605351170568611e+03 0.000000000000000000e+00
2.511705685618729149e+03 0.000000000000000000e+00
2.541806020066889687e+03 0.000000000000000000e+00
2.571906354515050680e+03 2.524354896707237777e-29
2.602006688963210763e+03 0.000000000000000000e+00
2.632107023411371301e+03 0.000000000000000000e+00
2.662207357859531839e+03 0.000000000000000000e+00
2.692307692307692832e+03 0.000000000000000000e+00
2.722408026755852916e+03 1.292469707114105742e-26
2.752508361204013454e+03 0.000000000000000000e+00
2.782608695652173992e+03 2.067951531382569187e-25
2.812709030100334530e+03 0.000000000000000000e+00
2.842809364548495523e+03 0.000000000000000000e+00
2.872909698996655607e+03 0.000000000000000000e+00
2.903010033444816145e+03 0.000000000000000000e+00
2.933110367892977138e+03 0.000000000000000000e+00
2.963210702341137676e+03 8.470329472543003391e-22
2.993311036789297759e+03 0.000000000000000000e+00
3.023411371237458297e+03 6.776263578034402713e-21
3.053511705685618836e+03 0.000000000000000000e+00
3.083612040133779828e+03 1.650461740768814547e-04
3.113712374581939912e+03 5.915026178257660680e-03
3.143812709030100450e+03 1.487795663678156965e-02
3.173913043478261443e+03 2.534859328721805055e-02
3.204013377926421981e+03 3.842353130331795791e-02
3.234113712374582065e+03 5.644258777156115070e-02
3.264214046822742603e+03 7.702594947837679284e-02
3.294314381270903141e+03 9.871805230694841171e-02
3.324414715719064134e+03 1.238237056038564016e-01
3.354515050167224217e+03 1.454449648573293286e-01
3.384615384615384755e+03 1.608769173764195703e-01
3.414715719063545748e+03 1.769929051041577717e-01
3.444816053511705832e+03 1.934379817496773568e-01
3.474916387959866370e+03 2.101792039286950464e-01
3.505016722408026908e+03 2.264611355934230963e-01
3.535117056856187446e+03 2.365994205763378988e-01
3.565217391304348439e+03 2.458418948033269658e-01
3.595317725752508522e+03 2.552805344898747553e-01
3.625418060200669061e+03 2.648844503725636956e-01
3.655518394648830053e+03 2.740907161157102867e-01
3.685618729096990137e+03 2.813687840821121333e-01
3.715719063545151130e+03 2.880201281713116179e-01
3.745819397993311213e+03 2.941436956721950047e-01
3.775919732441471751e+03 3.006369857757027475e-01
3.806020066889632744e+03 3.071302197439562676e-01
3.836120401337793282e+03 3.131840417012889399e-01
3.866220735785953366e+03 3.194203153668339068e-01
3.896321070234114359e+03 3.257825388520489973e-01
3.926421404682274442e+03 3.315143246263866361e-01
3.956521739130435435e+03 3.371825333836021010e-01
3.986622073578595518e+03 3.428144252701606498e-01
4.016722408026756057e+03 3.473588401171181506e-01
4.046822742474917050e+03 3.509755694218154032e-01
4.076923076923076678e+03 3.541859824647086152e-01
4.107023411371237671e+03 3.570198225439658035e-01
4.137123745819398209e+03 3.594283248538360787e-01
4.167224080267558747e+03 3.613475741463423319e-01
4.197324414715719286e+03 3.626503069462339024e-01
4.227424749163879824e+03 3.632886569564021118e-01
4.257525083612040362e+03 3.632653956261284178e-01
4.287625418060201810e+03 3.624979936207564091e-01
4.317725752508361438e+03 3.609126824329098038e-01
4.347826086956521976e+03 3.586134309896972239e-01
4.377926421404682515e+03 3.555687782874156211e-01
4.408026755852843053e+03 3.516830102079363529e-01
4.438127090301003591e+03 3.470908624981497437e-01
4.468227424749164129e+03 3.417368524837398058e-01
4.498327759197324667e+03 3.357993461694196990e-01
4.528428093645485205e+03 3.300131265773323386e-01
4.558528428093645744e+03 3.237676454868123055e-01
4.588628762541806282e+03 3.171190889621755549e-01
4.618729096989966820e+03 3.100816290374801554e-01
4.648829431438127358e+03 3.024488099625697868e-01
4.678929765886287896e+03 2.946447455478686250e-01
4.709030100334448434e+03 2.866144170249015355e-01
4.739130434782608972e+03 2.782299844236514330e-01
4.769230769230769511e+03 2.696341236258716911e-01
4.799331103678930049e+03 2.609519177712053550e-01
4.829431438127090587e+03 2.520935414867663815e-01
4.859531772575251125e+03 2.430479610518213041e-01
4.889632107023411663e+03 2.344032522683354991e-01
4.919732441471572201e+03 2.256728899938353350e-01
4.949832775919732740e+03 2.173398192420101793e-01
4.979933110367893278e+03 2.093130994945155698e-01
5.010033444816052906e+03 2.017933591179648933e-01
5.040133779264214354e+03 1.948845809944380059e-01
5.070234113712374892e+03 1.881140053718636240e-01
5.100334448160535430e+03 1.814336992790138992e-01
5.130434782608695969e+03 1.748545501560116178e-01
5.160535117056857416e+03 1.683795074900596156e-01
5.190635451505017045e+03 1.621019226654614731e-01
5.220735785953177583e+03 1.559708197937781371e-01
5.250836120401339031e+03 1.499663563783348308e-01
5.280936454849498659e+03 1.441396066399046050e-01
5.311036789297659197e+03 1.384588912718348330e-01
5.341137123745820645e+03 1.328956971832385148e-01
5.371237458193980274e+03 1.275420746999558763e-01
5.401337792642139902e+03 1.222929364778972960e-01
5.431438127090302260e+03 1.171905535408899190e-01
5.461538461538461888e+03 1.122591641785341682e-01
5.491638795986621517e+03 1.074696111115284874e-01
5.521739130434782965e+03 1.028882081465586490e-01
5.551839464882943503e+03 9.844195678669166727e-02
5.581939799331104041e+03 9.412941096499198579e-02
5.612040133779264579e+03 8.994853890570513044e-02
5.642140468227426027e+03 8.589728903819239536e-02
5.672240802675585655e+03 8.197359149006222534e-02
5.702341137123746194e+03 7.817535955421379967e-02
5.732441471571907641e+03 7.450049112992597478e-02
5.762541806020067270e+03 7.094687013812461807e-02
5.792642140468227808e+03 6.751104139708721807e-02
5.822742474916389256e+03 6.419190644081894381e-02
5.852842809364548884e+03 6.098776565287127027e-02
5.882943143812708513e+03 5.789587450832162085e-02
5.913043478260869961e+03 5.491452478609335636e-02
5.943143812709030499e+03 5.204172196318174182e-02
5.973244147157191037e+03 4.927527729652024513e-02
6.003344481605351575e+03 4.661299890321162626e-02
6.033444816053513023e+03 4.405269283871572628e-02
6.063545150501672651e+03 4.159216423142965413e-02
6.093645484949833190e+03 3.922921855313290379e-02
6.123745819397994637e+03 3.696166263734607799e-02
6.153846153846154266e+03 3.478754659021694035e-02
6.183946488294314804e+03 3.270447298915717116e-02
6.214046822742476252e+03 3.071019449195692280e-02
6.244147157190635880e+03 2.880324064090679717e-02
6.274247491638795509e+03 2.698081252094836763e-02
6.304347826086957866e+03 2.524057187171709418e-02
6.334448160535117495e+03 2.358037374459260108e-02
6.364548494983277124e+03 2.199808231314403367e-02
6.394648829431438571e+03 2.049157177973494337e-02
6.424749163879599109e+03 1.905872725968881312e-02
6.454849498327759648e+03 1.769744564318418908e-02
6.484949832775920186e+03 1.640563643505028521e-02
6.515050167224081633e+03 1.518122257263484001e-02
6.545150501672241262e+03 1.402214122191608112e-02
6.575250836120401800e+03 1.292634455203301933e-02
6.605351170568563248e+03 1.189210574809086013e-02
6.635451505016722876e+03 1.091710639262834757e-02
6.665551839464883415e+03 9.999291179906059229e-03
6.695652173913044862e+03 9.136752647113593334e-03
6.725752508361204491e+03 8.327464278288187333e-03
6.755852842809364120e+03 7.569476303297536721e-03
6.785953177257526477e+03 6.860871391769501546e-03
6.816053511705686105e+03 6.199752376365355762e-03
6.846153846153846644e+03 5.584242823598569230e-03
6.876254180602007182e+03 5.012487606505459936e-03
6.906354515050168629e+03 4.482653476009801526e-03
6.936454849498328258e+03 3.992929578513494150e-03
6.966555183946488796e+03 3.541482616039681383e-03
6.996655518394650244e+03 3.126598702421047940e-03
7.026755852842809873e+03 2.746542506274787538e-03
7.056856187290969501e+03 2.399534158859766529e-03
7.086956521739131858e+03 2.083952818815956471e-03
7.117056856187291487e+03 1.798136962883923728e-03
7.147157190635451116e+03 1.540442312160845723e-03
7.177257525083613473e+03 1.309251000590397731e-03
7.207357859531773101e+03 1.102971735664061903e-03
7.237458193979932730e+03 9.200402413072231254e-04
7.267558528428095087e+03 7.589194740729314536e-04
7.297658862876254716e+03 6.181000613899661437e-04
7.327759197324415254e+03 4.961005544011616673e-04
7.357859531772576702e+03 3.914677006926785730e-04
7.387959866220737240e+03 3.027767045973254068e-04
7.418060200668896869e+03 2.286314711411773144e-04
7.448160535117056497e+03 1.676648338038285390e-04
7.478260869565218854e+03 1.185387662560229973e-04
7.508361204013378483e+03 7.994457831254502033e-05
7.538461538461538112e+03 5.060309628057838217e-05
7.568561872909700469e+03 2.926482788925374354e-05
7.598662207357860098e+03 1.471011140534876048e-05
7.628762541806019726e+03 5.749252897702105479e-06
7.658862876254182083e+03 1.222642318846067475e-06
7.688963210702341712e+03 0.000000000000000000e+00
7.719063545150502250e+03 1.654361225106055350e-24
7.749163879598663698e+03 1.137373342260413053e-24
7.779264214046823326e+03 0.000000000000000000e+00
7.809364548494983865e+03 0.000000000000000000e+00
7.839464882943143493e+03 6.462348535570528710e-27
7.869565217391305850e+03 0.000000000000000000e+00
7.899665551839465479e+03 1.009741958682895111e-28
7.929765886287625108e+03 0.000000000000000000e+00
7.959866220735787465e+03 0.000000000000000000e+00
7.989966555183947094e+03 0.000000000000000000e+00
8.020066889632106722e+03 8.677469957431129860e-30
8.050167224080269079e+03 1.774937036747276562e-30
8.080267558528428708e+03 9.860761315262647568e-31
8.110367892976588337e+03 1.725633230170963324e-31
8.140468227424750694e+03 2.157041537713704155e-32
8.170568561872910323e+03 5.392603844284260389e-33
8.200668896321070861e+03 2.503708927703406609e-33
8.230769230769232308e+03 1.444447458290426890e-33
8.260869565217391937e+03 1.203706215242022408e-34
8.290969899665551566e+03 0.000000000000000000e+00
8.321070234113713013e+03 0.000000000000000000e+00
8.351170568561874461e+03 0.000000000000000000e+00
8.381270903010034090e+03 4.701977403289150032e-37
8.411371237458193718e+03 0.000000000000000000e+00
8.441471571906355166e+03 4.114230227878006278e-38
8.471571906354516614e+03 5.877471754111437540e-39
8.501672240802676242e+03 2.938735877055718770e-39
8.531772575250837690e+03 1.744874427001833020e-39
8.561872909698997319e+03 1.056108205816898933e-39
8.591973244147156947e+03 0.000000000000000000e+00
8.622073578595320214e+03 0.000000000000000000e+00
8.652173913043479843e+03 0.000000000000000000e+00
8.682274247491639471e+03 1.973028237769342436e-42
8.712374581939800919e+03 4.484155085839414627e-44
8.742474916387960548e+03 2.578389174357663410e-43
8.772575250836120176e+03 1.961817850054743899e-44
8.802675585284281624e+03 4.203895392974451213e-45
8.832775919732443072e+03 3.853570776893246945e-45
8.862876254180602700e+03 1.050973848243612803e-45
8.892976588628762329e+03 1.094764425253763337e-47
8.923076923076923777e+03 0.000000000000000000e+00
8.953177257525085224e+03 0.000000000000000000e+00
8.983277591973244853e+03 1.710569414459005214e-48
9.013377926421406301e+03 2.480325650965557560e-48
9.043478260869565929e+03 2.565854121688507820e-49
9.073578595317725558e+03 0.000000000000000000e+00
9.103678929765888824e+03 4.009147065138293469e-51
9.133779264214048453e+03 0.000000000000000000e+00
9.163879598662208082e+03 5.846672803326677976e-52
9.193979933110367710e+03 0.000000000000000000e+00
9.224080267558529158e+03 0.000000000000000000e+00
9.254180602006688787e+03 0.000000000000000000e+00
9.284280936454850234e+03 0.000000000000000000e+00
9.314381270903011682e+03 2.283856563799483584e-54
9.344481605351171311e+03 7.340967526498340093e-55
9.374581939799330939e+03 0.000000000000000000e+00
9.404682274247494206e+03 7.646841173435770930e-57
9.434782608695653835e+03 4.460657351170866376e-57
9.464882943143813463e+03 2.708256248925168871e-57
9.494983277591974911e+03 0.000000000000000000e+00
9.525083612040134540e+03 1.393955422240895742e-58
9.555183946488294168e+03 2.489206111144456683e-59
9.585284280936457435e+03 0.000000000000000000e+00
9.615384615384617064e+03 6.223015277861141707e-61
9.645484949832776692e+03 2.800356875037513768e-60
9.675585284280936321e+03 4.278323003529534924e-61
9.705685618729097769e+03 1.458519205748705088e-62
9.735785953177259216e+03 0.000000000000000000e+00
9.765886287625418845e+03 1.215432671457254240e-63
9.795986622073580293e+03 4.557872517964703399e-64
9.826086956521739921e+03 3.418404388473527549e-64
9.856187290969899550e+03 0.000000000000000000e+00
9.886287625418062817e+03 1.661724355507964781e-65
9.916387959866222445e+03 4.154310888769911952e-66
9.946488294314382074e+03 1.632050706302465410e-66
9.976588628762543522e+03 6.305650456168616356e-67
1.000668896321070315e+04 3.338285535618679247e-67
1.003678929765886278e+04 1.390952306507783020e-68
1.006688963210702423e+04 8.693451915673643873e-69
1.009698996655518567e+04 1.738690383134728775e-69
1.012709030100334530e+04 1.448908652612273979e-70
1.015719063545150493e+04 0.000000000000000000e+00
1.018729096989966638e+04 0.000000000000000000e+00
1.021739130434782783e+04 0.000000000000000000e+00
1.024749163879598746e+04 1.131959884853339046e-72
1.027759197324414890e+04 1.414949856066673807e-72
1.030769230769230853e+04 2.653030980125013389e-73
1.033779264214046816e+04 1.768687320083342259e-74
1.036789297658863143e+04 0.000000000000000000e+00
1.039799331103679106e+04 0.000000000000000000e+00
1.042809364548495068e+04 2.763573937630222280e-76
1.045819397993311213e+04 2.418127195426444495e-76
1.048829431438127176e+04 1.381786968815111140e-76
1.051839464882943139e+04 0.000000000000000000e+00
1.054849498327759284e+04 7.016886951014236258e-78
1.057859531772575428e+04 0.000000000000000000e+00
1.060869565217391391e+04 5.060255012750651148e-79
1.063879598662207354e+04 0.000000000000000000e+00
1.066889632107023499e+04 0.000000000000000000e+00
1.069899665551839644e+04 0.000000000000000000e+00
1.072909698996655607e+04 0.000000000000000000e+00
1.075919732441471751e+04 0.000000000000000000e+00
1.078929765886287714e+04 0.000000000000000000e+00
1.081939799331103677e+04 3.294436857259538508e-83
1.084949832775920004e+04 1.956071883997850989e-83
1.087959866220735967e+04 3.603290312627620243e-84
1.090969899665551930e+04 2.831156674207415905e-84
1.093979933110367892e+04 0.000000000000000000e+00
1.096989966555184037e+04 0.000000000000000000e+00
1.100000000000000000e+04 0.000000000000000000e+00
