3.772050646585546019e+03 2.128808991999999853e-06
3.777050646585546019e+03 1.916459731999999818e-06
3.782050646585546019e+03 9.779999999999999960e-07
3.787050646585546019e+03 2.427889704000000002e-06
3.792050646585546019e+03 2.877521620000000054e-06
3.797050646585546019e+03 2.934994990999999998e-06
3.802050646585546019e+03 2.198777802000000179e-06
3.807050646585546019e+03 1.864997321000000060e-06
3.812050646585546019e+03 2.158175193000000052e-06
3.817050646585546019e+03 9.369999999999999862e-07
3.822050646585546019e+03 3.813451912999999943e-06
3.827050646585546019e+03 9.789999999999998593e-07
3.832050646585546019e+03 -1.499999999999999932e-07
3.837050646585546019e+03 1.959999999999999816e-07
3.842050646585546019e+03 2.994363312999999875e-06
3.847050646585546019e+03 1.900000000000000073e-07
3.852050646585546019e+03 1.575105707000000018e-06
3.857050646585546019e+03 2.032739138999999818e-06
3.862050646585546019e+03 -1.600000000000000033e-07
3.867050646585546019e+03 1.264113671000000037e-06
3.872050646585546019e+03 2.349603600999999744e-06
3.877050646585546019e+03 3.808082547000000336e-06
3.882050646585546019e+03 1.643745927000000086e-06
3.887050646585546019e+03 1.322392199999999905e-06
3.892050646585546019e+03 3.535227152000000289e-06
3.897050646585546019e+03 1.612510968999999893e-06
3.902050646585546019e+03 3.208574198999999764e-06
3.907050646585546019e+03 4.360000000000000396e-07
3.912050646585546019e+03 1.973612380000000059e-06
3.917050646585546019e+03 2.630250818999999620e-06
3.922050646585546019e+03 2.981600409999999969e-06
3.927050646585546019e+03 1.712504599999999867e-06
3.932050646585546019e+03 2.185459161000000063e-06
3.937050646585546019e+03 3.028178180000000123e-06
3.942050646585546019e+03 2.476722002000000339e-06
3.947050646585546019e+03 2.585221954999999956e-06
3.952050646585546019e+03 -1.230000000000000029e-07
3.957050646585546019e+03 3.411936050000000009e-06
3.962050646585546019e+03 1.402060733999999959e-06
3.967050646585546019e+03 2.499999999999999887e-07
3.972050646585546019e+03 2.910085313000000290e-06
3.977050646585546019e+03 1.879743940999999813e-06
3.982050646585546019e+03 -2.979999999999999950e-07
3.987050646585546019e+03 3.514481941000000008e-06
3.992050646585546019e+03 8.220000000000000284e-07
3.997050646585546019e+03 2.697087183999999651e-06
4.002050646585546019e+03 1.864522636999999953e-06
4.007050646585546019e+03 9.330000000000000827e-08
4.012050646585546019e+03 1.088514618000000126e-06
4.017050646585546019e+03 3.551048575999999994e-06
4.022050646585546019e+03 1.150723400999999920e-06
4.027050646585546019e+03 5.050000000000000354e-07
4.032050646585546019e+03 -2.860000000000000133e-08
4.037050646585546019e+03 1.062853043999999943e-06
4.042050646585546019e+03 1.628310128999999939e-06
4.047050646585546019e+03 3.027652565000000023e-06
4.052050646585546019e+03 -2.949999999999999814e-07
4.057050646585546019e+03 -1.720000000000000049e-07
4.062050646585546019e+03 1.633700449000000171e-06
4.067050646585546019e+03 1.670449419000000148e-06
4.072050646585546019e+03 1.998931401999999811e-06
4.077050646585546019e+03 2.297852042999999840e-06
4.082050646585546019e+03 2.183022588999999779e-06
4.087050646585546019e+03 2.945958694999999604e-06
4.092050646585546019e+03 1.680391723999999876e-06
4.097050646585546019e+03 8.969999999999999456e-07
4.102050646585546019e+03 1.775482377999999799e-06
4.107050646585546019e+03 1.105992850999999879e-06
4.112050646585546019e+03 1.073369057999999953e-06
4.117050646585546019e+03 -3.219999999999999452e-07
4.122050646585546019e+03 2.097967517000000296e-06
4.127050646585546019e+03 6.360000000000000305e-07
4.132050646585546019e+03 1.484189414999999947e-06
4.137050646585546019e+03 3.310320025999999894e-06
4.142050646585546019e+03 3.190000000000000374e-07
4.147050646585546019e+03 7.040000000000000571e-07
4.152050646585546019e+03 3.566089726999999730e-06
4.157050646585546019e+03 1.148668816000000074e-06
4.162050646585546019e+03 2.826765120999999771e-06
4.167050646585546019e+03 -2.759999999999999833e-07
4.172050646585546019e+03 1.118629007000000056e-06
4.177050646585546019e+03 2.255735162000000133e-06
4.182050646585546019e+03 1.787462097000000082e-06
4.187050646585546019e+03 9.179999999999999352e-07
4.192050646585546019e+03 2.267380041000000008e-06
4.197050646585546019e+03 1.593966152999999834e-06
4.202050646585546019e+03 -8.650000000000000032e-08
4.207050646585546019e+03 5.280000000000000693e-07
4.212050646585546019e+03 1.184868232999999938e-06
4.217050646585546019e+03 2.468398889000000047e-06
4.222050646585546019e+03 1.909997808999999917e-06
4.227050646585546019e+03 -2.110000000000000233e-07
4.232050646585546019e+03 7.260000000000000159e-07
4.237050646585546019e+03 1.897684269000000064e-06
4.242050646585546019e+03 3.611464053000000005e-06
4.247050646585546019e+03 2.466309233999999829e-06
4.252050646585546019e+03 1.004904116000000007e-06
4.257050646585546019e+03 1.018033435999999988e-06
4.262050646585546019e+03 7.459999999999999302e-07
4.267050646585546019e+03 4.809999999999999264e-07
4.272050646585546019e+03 2.419183875000000121e-06
4.277050646585546019e+03 1.993035548000000008e-06
4.282050646585546019e+03 2.209822269000000208e-06
4.287050646585546019e+03 -1.543366524999999923e-06
4.292050646585546019e+03 4.560028609999999772e-06
4.297050646585546019e+03 2.795492181999999975e-06
4.302050646585546019e+03 2.028492016999999880e-06
4.307050646585546019e+03 4.119999999999999835e-07
4.312050646585546019e+03 3.760127875000000220e-06
4.317050646585546019e+03 7.629999999999999369e-07
4.322050646585546019e+03 2.215526620000000220e-06
4.327050646585546019e+03 1.705493778000000107e-06
4.332050646585546019e+03 2.047594753000000016e-06
4.337050646585546019e+03 3.618602058999999916e-06
4.342050646585546019e+03 2.056840167000000063e-06
4.347050646585546019e+03 1.237810792999999903e-06
4.352050646585546019e+03 9.029999999999999729e-07
4.357050646585546019e+03 1.214188014000000097e-06
4.362050646585546019e+03 7.749999999999999914e-07
4.367050646585546019e+03 2.032930787999999927e-06
4.372050646585546019e+03 -1.700419088999999953e-06
4.377050646585546019e+03 3.404850721999999971e-06
4.382050646585546019e+03 1.938843487999999751e-06
4.387050646585546019e+03 2.218687149999999797e-06
4.392050646585546019e+03 3.351382328999999538e-06
4.397050646585546019e+03 2.859999999999999934e-07
4.402050646585546019e+03 1.199856997000000117e-06
4.407050646585546019e+03 1.949999999999999859e-07
4.412050646585546019e+03 2.298237669000000032e-06
4.417050646585546019e+03 1.827420055999999979e-06
4.422050646585546019e+03 3.240533114999999673e-06
4.427050646585546019e+03 2.651833346999999697e-06
4.432050646585546019e+03 2.510290360000000102e-06
4.437050646585546019e+03 1.872327411999999967e-06
4.442050646585546019e+03 -1.179999999999999978e-08
4.447050646585546019e+03 3.286242135999999937e-06
4.452050646585546019e+03 1.622259588000000063e-06
4.457050646585546019e+03 2.112431101999999839e-06
4.462050646585546019e+03 2.095324307000000269e-06
4.467050646585546019e+03 3.312933259000000129e-06
4.472050646585546019e+03 2.536430839000000140e-06
4.477050646585546019e+03 -1.790000000000000014e-07
4.482050646585546019e+03 2.640000000000000346e-07
4.487050646585546019e+03 2.486768062000000037e-06
4.492050646585546019e+03 1.621224218999999907e-06
4.497050646585546019e+03 1.806028158000000021e-06
4.502050646585546019e+03 2.942653372999999956e-06
4.507050646585546019e+03 5.858947407000000478e-06
4.512050646585546019e+03 3.709021256999999903e-06
4.517050646585546019e+03 4.132824833999999720e-06
4.522050646585546019e+03 1.488142152000000008e-06
4.527050646585546019e+03 2.329491690000000026e-06
4.532050646585546019e+03 2.343310334000000084e-06
4.537050646585546019e+03 1.386378425999999853e-06
4.542050646585546019e+03 2.328102418999999771e-06
4.547050646585546019e+03 1.590000000000000076e-07
4.552050646585546019e+03 2.193519758000000145e-06
4.557050646585546019e+03 2.821901871000000153e-06
4.562050646585546019e+03 2.272303390999999951e-06
4.567050646585546019e+03 1.968079305000000051e-06
4.572050646585546019e+03 3.409845521999999695e-06
4.577050646585546019e+03 1.566670689000000050e-06
4.582050646585546019e+03 7.430000000000000225e-07
4.587050646585546019e+03 2.702594211000000038e-06
4.592050646585546019e+03 8.470000000000000008e-07
4.597050646585546019e+03 -5.319999999999999992e-08
4.602050646585546019e+03 1.993492623999999982e-06
4.607050646585546019e+03 3.050000000000000180e-08
4.612050646585546019e+03 -2.879999999999999848e-07
4.617050646585546019e+03 -7.730000000000001058e-08
4.622050646585546019e+03 1.877800095999999971e-06
4.627050646585546019e+03 5.330000000000000214e-07
4.632050646585546019e+03 1.021955103999999896e-06
4.637050646585546019e+03 7.729999999999999470e-07
4.642050646585546019e+03 1.184926950000000010e-06
4.647050646585546019e+03 1.566196878999999937e-06
4.652050646585546019e+03 1.474447199000000028e-06
4.657050646585546019e+03 2.431246684999999955e-06
4.662050646585546019e+03 -7.169999999999999750e-07
4.667050646585546019e+03 2.572795784000000121e-06
4.672050646585546019e+03 1.517025812000000080e-06
4.677050646585546019e+03 1.245433377000000023e-06
4.682050646585546019e+03 4.166467988000000178e-06
4.687050646585546019e+03 -1.509999999999999889e-07
4.692050646585546019e+03 8.959999999999999764e-07
4.697050646585546019e+03 3.023400785999999815e-06
4.702050646585546019e+03 1.730000000000000006e-07
4.707050646585546019e+03 -3.169999999999999931e-07
4.712050646585546019e+03 -2.075364173000000020e-06
4.717050646585546019e+03 8.749999999999999869e-07
4.722050646585546019e+03 1.938681670999999861e-06
4.727050646585546019e+03 7.540000000000000019e-07
4.732050646585546019e+03 2.611516102000000076e-06
4.737050646585546019e+03 2.879999999999999848e-07
4.742050646585546019e+03 5.850000000000000106e-07
4.747050646585546019e+03 2.490990737000000126e-06
4.752050646585546019e+03 2.295279700999999812e-06
4.757050646585546019e+03 -1.150100869999999988e-06
4.762050646585546019e+03 3.444638860000000377e-06
4.767050646585546019e+03 1.330578234000000046e-06
4.772050646585546019e+03 -6.009999999999999421e-07
4.777050646585546019e+03 3.096577419999999964e-06
4.782050646585546019e+03 2.338945923999999895e-06
4.787050646585546019e+03 5.199999999999999976e-07
4.792050646585546019e+03 -5.149999999999999396e-07
4.797050646585546019e+03 2.209167577999999872e-06
4.802050646585546019e+03 2.468332241000000110e-06
4.807050646585546019e+03 2.123758168000000190e-06
4.812050646585546019e+03 1.378183661000000121e-06
4.817050646585546019e+03 1.631828926999999994e-06
4.822050646585546019e+03 1.583752891999999986e-06
4.827050646585546019e+03 -9.770000000000001326e-07
4.832050646585546019e+03 3.126063965999999962e-06
4.837050646585546019e+03 2.853531041000000133e-06
4.842050646585546019e+03 2.494714281000000471e-06
4.847050646585546019e+03 7.230000000000000022e-07
4.852050646585546019e+03 -8.339999999999999771e-07
4.857050646585546019e+03 -1.170000000000000021e-07
4.862050646585546019e+03 -1.449999999999999881e-07
4.867050646585546019e+03 3.145660447999999897e-06
4.872050646585546019e+03 2.738430338999999950e-06
4.877050646585546019e+03 1.265653117999999989e-06
4.882050646585546019e+03 -4.119999999999999835e-07
4.887050646585546019e+03 1.953124155999999944e-06
4.892050646585546019e+03 2.430722379000000262e-06
4.897050646585546019e+03 3.830000000000000282e-07
4.902050646585546019e+03 4.152605543000000157e-06
4.907050646585546019e+03 2.801402879000000364e-06
4.912050646585546019e+03 2.155299880999999816e-06
4.917050646585546019e+03 2.783897216000000211e-06
4.922050646585546019e+03 2.293881116000000287e-06
4.927050646585546019e+03 2.221983304000000069e-06
4.932050646585546019e+03 -5.509999999999999973e-07
4.937050646585546019e+03 3.101219480999999890e-06
4.942050646585546019e+03 1.080560178000000046e-06
4.947050646585546019e+03 -2.840000000000000020e-07
4.952050646585546019e+03 -1.850000000000000022e-07
4.957050646585546019e+03 6.740000000000000267e-07
4.962050646585546019e+03 2.680000000000000175e-07
4.967050646585546019e+03 1.994292251999999963e-06
4.972050646585546019e+03 2.997598785000000041e-06
4.977050646585546019e+03 1.098675202000000001e-06
4.982050646585546019e+03 1.823258790000000199e-06
4.987050646585546019e+03 5.798190832000000439e-06
4.992050646585546019e+03 5.696750013000000074e-06
4.997050646585546019e+03 3.415149404000000199e-06
5.002050646585546019e+03 3.376445093000000394e-06
5.007050646585546019e+03 2.850817981999999674e-06
5.012050646585546019e+03 3.027318744000000029e-06
5.017050646585546019e+03 9.190000000000000103e-07
5.022050646585546019e+03 2.240795583999999864e-06
5.027050646585546019e+03 2.397007338000000238e-06
5.032050646585546019e+03 2.127362967999999661e-06
5.037050646585546019e+03 2.348520210999999775e-06
5.042050646585546019e+03 7.799999999999999435e-07
5.047050646585546019e+03 4.411344998999999877e-06
5.052050646585546019e+03 1.781055034000000133e-06
5.057050646585546019e+03 2.466189325999999815e-06
5.062050646585546019e+03 3.703312832000000148e-06
5.067050646585546019e+03 6.244487595000000098e-06
5.072050646585546019e+03 3.685456759000000070e-06
5.077050646585546019e+03 6.062238825999999341e-06
5.082050646585546019e+03 3.418794367000000201e-06
5.087050646585546019e+03 2.202309114999999786e-06
5.092050646585546019e+03 3.007143096000000027e-06
5.097050646585546019e+03 2.150076615999999841e-06
5.102050646585546019e+03 -5.400000000000000179e-07
5.107050646585546019e+03 2.130271459000000081e-06
5.112050646585546019e+03 1.454253652000000213e-06
5.117050646585546019e+03 7.100000000000000843e-07
5.122050646585546019e+03 -2.160000000000000019e-07
5.127050646585546019e+03 3.236426272999999957e-06
5.132050646585546019e+03 1.600768736999999978e-06
5.137050646585546019e+03 2.270892728000000024e-06
5.142050646585546019e+03 1.590000000000000076e-07
5.147050646585546019e+03 1.521381199999999941e-06
5.152050646585546019e+03 1.492233713999999988e-06
5.157050646585546019e+03 2.720387420000000352e-06
5.162050646585546019e+03 2.813217288000000050e-06
5.167050646585546019e+03 7.100000000000000843e-07
5.172050646585546019e+03 4.110043518999999612e-06
5.177050646585546019e+03 3.610000000000000165e-07
5.182050646585546019e+03 -4.029999999999999955e-07
5.187050646585546019e+03 2.354050375000000129e-06
5.192050646585546019e+03 3.449999999999999791e-07
5.197050646585546019e+03 2.612490498000000446e-06
5.202050646585546019e+03 2.217516157999999901e-06
5.207050646585546019e+03 1.487756671999999921e-06
5.212050646585546019e+03 2.776175970000000067e-06
5.217050646585546019e+03 5.029999999999999910e-07
5.222050646585546019e+03 3.070152014999999950e-06
5.227050646585546019e+03 6.139999999999999659e-07
5.232050646585546019e+03 2.152241940999999902e-06
5.237050646585546019e+03 1.172639459000000099e-06
5.242050646585546019e+03 3.218738711000000124e-06
5.247050646585546019e+03 9.199999999999999795e-07
5.252050646585546019e+03 2.601945888999999939e-06
5.257050646585546019e+03 9.069999999999999558e-07
5.262050646585546019e+03 -6.820000000000000189e-08
5.267050646585546019e+03 5.950000000000000207e-07
5.272050646585546019e+03 1.983031106999999770e-06
5.277050646585546019e+03 2.313379373000000194e-06
5.282050646585546019e+03 2.029486204000000150e-06
5.287050646585546019e+03 3.853091911999999889e-06
5.292050646585546019e+03 1.276043330999999890e-06
5.297050646585546019e+03 3.086815414000000043e-06
5.302050646585546019e+03 2.043375570999999787e-06
5.307050646585546019e+03 1.633525972000000096e-06
5.312050646585546019e+03 3.085014759999999864e-06
5.317050646585546019e+03 3.233505703999999982e-06
5.322050646585546019e+03 2.717341121999999681e-06
5.327050646585546019e+03 2.834126061999999990e-06
5.332050646585546019e+03 6.230000000000000067e-07
5.337050646585546019e+03 -1.197280507999999975e-06
5.342050646585546019e+03 3.713356272999999980e-06
5.347050646585546019e+03 7.740000000000000221e-07
5.352050646585546019e+03 3.177350735999999870e-06
5.357050646585546019e+03 2.751009014999999777e-06
5.362050646585546019e+03 5.289999999999999327e-07
5.367050646585546019e+03 7.530000000000000326e-07
5.372050646585546019e+03 1.179999999999999978e-08
5.377050646585546019e+03 4.084272950000000355e-06
5.382050646585546019e+03 1.768954679999999845e-06
5.387050646585546019e+03 2.320000000000000128e-07
5.392050646585546019e+03 1.390585675999999998e-06
5.397050646585546019e+03 1.744363834999999972e-06
5.402050646585546019e+03 2.487845776999999643e-06
5.407050646585546019e+03 2.875436039000000003e-06
5.412050646585546019e+03 5.880000000000000242e-07
5.417050646585546019e+03 1.356589490999999953e-06
5.422050646585546019e+03 4.848044772999999678e-06
5.427050646585546019e+03 1.734821853000000070e-06
5.432050646585546019e+03 2.037177473999999977e-06
5.437050646585546019e+03 2.498860122000000307e-06
5.442050646585546019e+03 2.769396523999999788e-06
5.447050646585546019e+03 3.244158870000000302e-06
5.452050646585546019e+03 2.530000000000000023e-07
5.457050646585546019e+03 1.361096656000000130e-06
5.462050646585546019e+03 1.822395861000000034e-06
5.467050646585546019e+03 1.893933512999999898e-06
5.472050646585546019e+03 2.195467531999999946e-06
5.477050646585546019e+03 1.680693530999999994e-06
5.482050646585546019e+03 1.057054105000000073e-06
5.487050646585546019e+03 9.330000000000000033e-07
5.492050646585546019e+03 3.289548913000000311e-06
5.497050646585546019e+03 2.392819005999999897e-06
5.502050646585546019e+03 2.767358965000000083e-06
5.507050646585546019e+03 2.829538425000000127e-06
5.512050646585546019e+03 1.076857734000000008e-06
5.517050646585546019e+03 4.771142848999999839e-06
5.522050646585546019e+03 1.531200396000000007e-06
5.527050646585546019e+03 2.681426995000000055e-06
5.532050646585546019e+03 3.767513263000000287e-06
5.537050646585546019e+03 3.188930858999999895e-06
5.542050646585546019e+03 6.153311114999999790e-06
5.547050646585546019e+03 4.694053205000000061e-06
5.552050646585546019e+03 2.778874768000000145e-06
5.557050646585546019e+03 3.745940338999999897e-06
5.562050646585546019e+03 2.286550151999999860e-06
5.567050646585546019e+03 1.721678708999999918e-06
5.572050646585546019e+03 3.419645363000000172e-06
5.577050646585546019e+03 8.360000000000000215e-07
5.582050646585546019e+03 2.104813756999999982e-06
5.587050646585546019e+03 2.615133417000000158e-06
5.592050646585546019e+03 8.050000000000000218e-07
5.597050646585546019e+03 2.377166966000000109e-06
5.602050646585546019e+03 9.600000000000001260e-07
5.607050646585546019e+03 6.519999999999999620e-07
5.612050646585546019e+03 1.949999999999999859e-07
5.617050646585546019e+03 1.369999999999999959e-07
5.622050646585546019e+03 3.632179286999999647e-06
5.627050646585546019e+03 4.466163809000000017e-06
5.632050646585546019e+03 1.758847648000000048e-06
5.637050646585546019e+03 1.165087741999999868e-06
5.642050646585546019e+03 3.990000000000000126e-07
5.647050646585546019e+03 1.390000000000000138e-07
5.652050646585546019e+03 2.645843196999999613e-06
5.657050646585546019e+03 1.900243077999999811e-06
5.662050646585546019e+03 2.287576353000000006e-06
5.667050646585546019e+03 2.635478158000000186e-06
5.672050646585546019e+03 2.821268571999999912e-06
5.677050646585546019e+03 4.231908823999999911e-06
5.682050646585546019e+03 2.467956509999999918e-06
5.687050646585546019e+03 1.929633144999999975e-06
5.692050646585546019e+03 1.344938209999999937e-06
5.697050646585546019e+03 3.904829500000000151e-06
5.702050646585546019e+03 1.529437141000000074e-06
5.707050646585546019e+03 8.309999999999999635e-07
5.712050646585546019e+03 2.127678744999999846e-06
5.717050646585546019e+03 3.103316994000000026e-06
5.722050646585546019e+03 2.430410823000000037e-06
5.727050646585546019e+03 2.798088534999999964e-06
5.732050646585546019e+03 2.847692812999999938e-06
5.737050646585546019e+03 5.899999999999999627e-07
5.742050646585546019e+03 9.670000000000000166e-07
5.747050646585546019e+03 1.905626850000000007e-06
5.752050646585546019e+03 7.409999999999999781e-07
5.757050646585546019e+03 1.328301295999999886e-06
5.762050646585546019e+03 3.195429454000000263e-06
5.767050646585546019e+03 2.334110613000000087e-06
5.772050646585546019e+03 2.168374775999999835e-06
5.777050646585546019e+03 4.125384148000000018e-06
5.782050646585546019e+03 1.262788137000000065e-06
5.787050646585546019e+03 2.542882284999999835e-06
5.792050646585546019e+03 3.849773784000000586e-06
5.797050646585546019e+03 2.330545394000000094e-06
5.802050646585546019e+03 5.712498677999999591e-06
5.807050646585546019e+03 2.854477206999999955e-06
5.812050646585546019e+03 1.674325030999999854e-06
5.817050646585546019e+03 2.308778057000000157e-06
5.822050646585546019e+03 2.719048935000000304e-06
5.827050646585546019e+03 2.828005818000000000e-06
5.832050646585546019e+03 4.176103685000000264e-06
5.837050646585546019e+03 2.056422817999999886e-06
5.842050646585546019e+03 2.395630872000000164e-06
5.847050646585546019e+03 3.373229702000000121e-06
5.852050646585546019e+03 2.385555999000000238e-06
5.857050646585546019e+03 2.523993898999999887e-06
5.862050646585546019e+03 1.800294120999999897e-06
5.867050646585546019e+03 3.133367862999999930e-06
5.872050646585546019e+03 4.416863376000000143e-06
5.877050646585546019e+03 1.136530482000000081e-06
5.882050646585546019e+03 4.349451919999999686e-06
5.887050646585546019e+03 4.760092124000000191e-06
5.892050646585546019e+03 2.349316637000000211e-06
5.897050646585546019e+03 3.104514325999999755e-06
5.902050646585546019e+03 7.749999999999999914e-07
5.907050646585546019e+03 7.930000000000000732e-07
5.912050646585546019e+03 2.594577671999999585e-06
5.917050646585546019e+03 2.581125300000000029e-06
5.922050646585546019e+03 1.645475713000000054e-06
5.927050646585546019e+03 2.135104733000000229e-06
5.932050646585546019e+03 3.726670984000000027e-06
5.937050646585546019e+03 1.755244739000000130e-06
5.942050646585546019e+03 1.481323997999999924e-06
5.947050646585546019e+03 6.700000000000000438e-07
5.952050646585546019e+03 3.096219733999999903e-06
5.957050646585546019e+03 2.062069543000000289e-06
5.962050646585546019e+03 1.639125256999999935e-06
5.967050646585546019e+03 4.213658103000000159e-06
5.972050646585546019e+03 9.549999999999999621e-07
5.977050646585546019e+03 2.950367633999999856e-06
5.982050646585546019e+03 3.582033386999999847e-06
5.987050646585546019e+03 6.020000000000000172e-07
5.992050646585546019e+03 1.507956184999999990e-06
5.997050646585546019e+03 3.274434421000000181e-06
6.002050646585546019e+03 -1.099999999999999924e-07
6.007050646585546019e+03 1.736067352000000142e-06
6.012050646585546019e+03 2.695451840000000070e-06
6.017050646585546019e+03 9.640000000000000030e-07
6.022050646585546019e+03 4.371716350000000233e-06
6.027050646585546019e+03 2.875216887000000394e-06
6.032050646585546019e+03 9.399999999999998939e-07
6.037050646585546019e+03 2.300088526999999790e-06
6.042050646585546019e+03 1.691869693000000126e-06
6.047050646585546019e+03 2.191409585000000248e-06
6.052050646585546019e+03 1.447645627000000147e-06
6.057050646585546019e+03 2.012860641000000088e-06
6.062050646585546019e+03 3.847323533000000127e-06
6.067050646585546019e+03 2.086938766000000101e-06
6.072050646585546019e+03 1.569580636000000034e-06
6.077050646585546019e+03 2.226371579999999799e-06
6.082050646585546019e+03 1.928280398999999971e-06
6.087050646585546019e+03 1.359134329999999847e-06
6.092050646585546019e+03 3.051577951000000309e-06
6.097050646585546019e+03 2.523758448999999815e-06
6.102050646585546019e+03 2.558355044999999807e-06
6.107050646585546019e+03 1.232935900999999982e-06
6.112050646585546019e+03 2.874340571000000055e-06
6.117050646585546019e+03 3.112295235000000016e-06
6.122050646585546019e+03 2.340000000000000042e-07
6.127050646585546019e+03 2.591180672999999946e-06
6.132050646585546019e+03 1.007306855000000065e-06
6.137050646585546019e+03 7.059999999999999956e-07
6.142050646585546019e+03 2.273652207999999785e-06
6.147050646585546019e+03 3.109576645999999615e-06
6.152050646585546019e+03 1.549604640000000055e-06
6.157050646585546019e+03 3.886812483000000280e-06
6.162050646585546019e+03 2.591201919000000147e-06
6.167050646585546019e+03 2.580000000000000074e-07
6.172050646585546019e+03 1.723530148999999881e-06
6.177050646585546019e+03 2.969999999999999794e-08
6.182050646585546019e+03 1.986187272000000136e-06
6.187050646585546019e+03 -1.449999999999999881e-07
6.192050646585546019e+03 1.321605086999999900e-06
6.197050646585546019e+03 1.026054961000000003e-06
6.202050646585546019e+03 3.737485385000000033e-06
6.207050646585546019e+03 9.270000000000000819e-07
6.212050646585546019e+03 1.668371551000000018e-06
6.217050646585546019e+03 2.279108884999999851e-06
6.222050646585546019e+03 1.860000000000000244e-07
6.227050646585546019e+03 7.090000000000000092e-07
6.232050646585546019e+03 1.239608828000000216e-06
6.237050646585546019e+03 1.119287481000000033e-06
6.242050646585546019e+03 1.933851744999999999e-06
6.247050646585546019e+03 8.500000000000000145e-07
6.252050646585546019e+03 1.095449114999999892e-06
6.257050646585546019e+03 2.518385007999999720e-06
6.262050646585546019e+03 5.060000000000000046e-07
6.267050646585546019e+03 1.579920353999999830e-06
6.272050646585546019e+03 2.698914031000000294e-06
6.277050646585546019e+03 1.035514505999999973e-06
6.282050646585546019e+03 2.117740222999999971e-06
6.287050646585546019e+03 -2.270000000000000077e-07
6.292050646585546019e+03 5.239999999999999805e-07
6.297050646585546019e+03 3.939061135000000268e-06
6.302050646585546019e+03 1.521782396999999972e-06
6.307050646585546019e+03 2.231030085000000084e-06
6.312050646585546019e+03 6.940000000000000469e-07
6.317050646585546019e+03 2.544427406999999727e-06
6.322050646585546019e+03 1.909948186999999697e-06
6.327050646585546019e+03 1.850459812000000021e-06
6.332050646585546019e+03 3.417877888000000177e-06
6.337050646585546019e+03 1.641031703999999853e-06
6.342050646585546019e+03 1.549528823999999896e-06
6.347050646585546019e+03 1.283312012999999912e-06
6.352050646585546019e+03 1.728217467000000182e-06
6.357050646585546019e+03 8.420000000000000487e-07
6.362050646585546019e+03 1.589388556999999868e-06
6.367050646585546019e+03 2.128911729000000154e-06
6.372050646585546019e+03 2.906516893000000226e-06
6.377050646585546019e+03 3.114955324999999865e-06
6.382050646585546019e+03 -6.399999999999999075e-08
6.387050646585546019e+03 1.104364055000000122e-06
6.392050646585546019e+03 2.063130231999999755e-06
6.397050646585546019e+03 1.457257166999999955e-06
6.402050646585546019e+03 2.076471718999999947e-06
6.407050646585546019e+03 1.741742889999999926e-06
6.412050646585546019e+03 9.050000000000000173e-07
6.417050646585546019e+03 1.203450011000000033e-06
6.422050646585546019e+03 1.103065078000000029e-06
6.427050646585546019e+03 2.279860345999999913e-06
6.432050646585546019e+03 1.892658620000000138e-06
6.437050646585546019e+03 1.475626776999999941e-06
6.442050646585546019e+03 2.004994893999999763e-06
6.447050646585546019e+03 9.190000000000000103e-07
6.452050646585546019e+03 2.772585722000000020e-06
6.457050646585546019e+03 1.556451607000000156e-06
6.462050646585546019e+03 1.019716801000000018e-06
6.467050646585546019e+03 -1.012064312999999841e-06
6.472050646585546019e+03 3.242283128000000064e-06
6.477050646585546019e+03 -2.010000000000000131e-07
6.482050646585546019e+03 1.877274044000000086e-06
6.487050646585546019e+03 1.778477598999999947e-06
6.492050646585546019e+03 1.314059336000000135e-06
6.497050646585546019e+03 2.174369000999999984e-06
6.502050646585546019e+03 -9.989999999999998796e-08
6.507050646585546019e+03 1.677728433000000168e-06
6.512050646585546019e+03 1.404662907999999993e-06
6.517050646585546019e+03 2.385417464999999786e-06
6.522050646585546019e+03 2.341031213000000158e-06
6.527050646585546019e+03 5.850000000000000106e-07
6.532050646585546019e+03 4.438284667999999366e-06
6.537050646585546019e+03 7.600000000000000291e-07
6.542050646585546019e+03 3.621644864000000303e-06
6.547050646585546019e+03 3.335859509999999984e-06
6.552050646585546019e+03 4.775986890000000186e-06
6.557050646585546019e+03 6.260000000000000204e-07
6.562050646585546019e+03 3.469439106999999854e-06
6.567050646585546019e+03 2.210449310999999880e-06
6.572050646585546019e+03 2.483699645000000339e-06
6.577050646585546019e+03 1.483182423000000131e-06
6.582050646585546019e+03 2.268431853999999887e-06
6.587050646585546019e+03 3.497488796999999884e-06
6.592050646585546019e+03 2.391949965000000218e-06
6.597050646585546019e+03 1.150057868999999962e-06
6.602050646585546019e+03 3.979933681000000314e-06
6.607050646585546019e+03 3.496331046000000057e-06
6.612050646585546019e+03 2.640083840000000179e-06
6.617050646585546019e+03 -4.330000000000000259e-07
6.622050646585546019e+03 3.765390137999999994e-06
6.627050646585546019e+03 3.125321527000000228e-06
6.632050646585546019e+03 1.739455619999999980e-06
6.637050646585546019e+03 1.770000000000000100e-07
6.642050646585546019e+03 1.235859963000000028e-06
6.647050646585546019e+03 2.826228155999999792e-06
6.652050646585546019e+03 1.363617192999999960e-06
6.657050646585546019e+03 3.009354404999999605e-06
6.662050646585546019e+03 2.127825864999999892e-06
6.667050646585546019e+03 1.714408862999999909e-06
6.672050646585546019e+03 2.244201605000000255e-06
6.677050646585546019e+03 2.463972195999999979e-06
6.682050646585546019e+03 3.469999999999999970e-08
6.687050646585546019e+03 3.949999999999999768e-07
6.692050646585546019e+03 1.002060671000000066e-06
6.697050646585546019e+03 2.996004478000000138e-06
6.702050646585546019e+03 3.708160075000000040e-06
6.707050646585546019e+03 2.450576575999999614e-06
6.712050646585546019e+03 3.218417404999999894e-06
6.717050646585546019e+03 2.341407962000000019e-06
6.722050646585546019e+03 1.148298542999999988e-06
6.727050646585546019e+03 4.176306829000000249e-06
6.732050646585546019e+03 2.879112725999999887e-06
6.737050646585546019e+03 2.611246018000000365e-06
6.742050646585546019e+03 2.365588007000000072e-06
6.747050646585546019e+03 2.845817362000000014e-06
6.752050646585546019e+03 1.268794876999999978e-06
6.757050646585546019e+03 1.986021524999999754e-06
6.762050646585546019e+03 2.843652619000000159e-06
6.767050646585546019e+03 1.271626970000000032e-06
6.772050646585546019e+03 4.056350444000000052e-06
6.777050646585546019e+03 1.022857541000000015e-06
6.782050646585546019e+03 1.852843124999999914e-06
6.787050646585546019e+03 3.691805758999999778e-06
6.792050646585546019e+03 1.086193732999999897e-06
6.797050646585546019e+03 3.893347748000000472e-06
6.802050646585546019e+03 3.921416064000000093e-06
6.807050646585546019e+03 4.537354397999999921e-06
6.812050646585546019e+03 2.030352770999999959e-06
6.817050646585546019e+03 1.707345946000000169e-06
6.822050646585546019e+03 2.380817896000000263e-06
6.827050646585546019e+03 1.652310456999999967e-06
6.832050646585546019e+03 2.575383696000000090e-06
6.837050646585546019e+03 2.463186101999999753e-06
6.842050646585546019e+03 1.789594825999999850e-06
6.847050646585546019e+03 3.011012158999999799e-06
6.852050646585546019e+03 1.979503431000000121e-06
6.857050646585546019e+03 4.210000000000000244e-07
6.862050646585546019e+03 1.740000000000000030e-08
6.867050646585546019e+03 3.246304404000000039e-06
6.872050646585546019e+03 1.277890697000000110e-06
6.877050646585546019e+03 1.526117121000000048e-06
6.882050646585546019e+03 8.190000000000000148e-07
6.887050646585546019e+03 9.360000000000000169e-07
6.892050646585546019e+03 1.481152431000000029e-06
6.897050646585546019e+03 2.106791943999999886e-06
6.902050646585546019e+03 1.091136364000000008e-06
6.907050646585546019e+03 7.360000000000000260e-07
6.912050646585546019e+03 3.622410877000000213e-06
6.917050646585546019e+03 3.129214746999999856e-06
6.922050646585546019e+03 1.714966056000000209e-06
6.927050646585546019e+03 3.029981453000000166e-06
6.932050646585546019e+03 1.987969008000000087e-06
6.937050646585546019e+03 2.391810994999999878e-06
6.942050646585546019e+03 2.105645107999999948e-06
6.947050646585546019e+03 4.764686746000000297e-06
6.952050646585546019e+03 3.011759253999999905e-06
6.957050646585546019e+03 1.510930741999999930e-06
6.962050646585546019e+03 2.665013016999999998e-06
6.967050646585546019e+03 1.524828258000000010e-06
6.972050646585546019e+03 2.012956246999999826e-06
6.977050646585546019e+03 3.659326176000000354e-06
6.982050646585546019e+03 1.210888950000000068e-06
6.987050646585546019e+03 3.274403279999999979e-06
6.992050646585546019e+03 3.067766665000000185e-06
6.997050646585546019e+03 2.650300739000000095e-06
7.002050646585546019e+03 2.164949982999999958e-06
7.007050646585546019e+03 1.251223293000000090e-06
7.012050646585546019e+03 1.768091606000000107e-06
7.017050646585546019e+03 1.991939206999999964e-06
7.022050646585546019e+03 2.311278222000000202e-06
7.027050646585546019e+03 1.170555261000000088e-06
7.032050646585546019e+03 3.233101452000000198e-06
7.037050646585546019e+03 2.573071397000000301e-06
7.042050646585546019e+03 1.713133824999999940e-06
7.047050646585546019e+03 3.743659762999999670e-06
7.052050646585546019e+03 2.357405318999999998e-06
7.057050646585546019e+03 1.817471783999999889e-06
7.062050646585546019e+03 2.494562649999999625e-06
7.067050646585546019e+03 2.029101596999999948e-06
7.072050646585546019e+03 1.801844773999999841e-06
7.077050646585546019e+03 1.022053547999999976e-06
7.082050646585546019e+03 3.565261140000000050e-06
7.087050646585546019e+03 2.579285065000000372e-06
7.092050646585546019e+03 2.742384676999999995e-06
7.097050646585546019e+03 4.186063597000000439e-06
7.102050646585546019e+03 3.002300800000000398e-06
7.107050646585546019e+03 3.551474656000000185e-06
7.112050646585546019e+03 3.368863836000000156e-06
7.117050646585546019e+03 2.910285838999999884e-06
7.122050646585546019e+03 3.791306516999999839e-06
7.127050646585546019e+03 3.073650586999999904e-06
7.132050646585546019e+03 2.075897355000000146e-06
7.137050646585546019e+03 5.316593451000000121e-06
7.142050646585546019e+03 4.125967680000000465e-06
7.147050646585546019e+03 4.074391618000000202e-06
7.152050646585546019e+03 4.639219259999999546e-06
7.157050646585546019e+03 3.115485305999999920e-06
7.162050646585546019e+03 4.417620949000000353e-06
7.167050646585546019e+03 1.902276998999999872e-06
7.172050646585546019e+03 3.528445668000000029e-06
7.177050646585546019e+03 3.502111940000000007e-06
7.182050646585546019e+03 3.608159313000000139e-06
7.187050646585546019e+03 3.197552286999999920e-06
7.192050646585546019e+03 3.525194479000000130e-06
7.197050646585546019e+03 2.604573383000000131e-06
7.202050646585546019e+03 1.226755120999999991e-06
7.207050646585546019e+03 3.243892860999999809e-06
7.212050646585546019e+03 1.512863963999999883e-06
7.217050646585546019e+03 3.176537283999999718e-06
7.222050646585546019e+03 3.596133029000000031e-06
7.227050646585546019e+03 3.997914027000000463e-06
7.232050646585546019e+03 3.091144317000000073e-06
7.237050646585546019e+03 4.116247000999999368e-06
7.242050646585546019e+03 3.486919450000000061e-06
7.247050646585546019e+03 3.249410364999999979e-06
7.252050646585546019e+03 4.407895030000000577e-06
7.257050646585546019e+03 3.720042586999999965e-06
7.262050646585546019e+03 4.966607083999999880e-06
7.267050646585546019e+03 3.715726489000000116e-06
7.272050646585546019e+03 4.623821587000000160e-06
7.277050646585546019e+03 6.585515802999999715e-06
7.282050646585546019e+03 6.218623021000000451e-06
7.287050646585546019e+03 5.483527784000000936e-06
7.292050646585546019e+03 7.324056932999999415e-06
7.297050646585546019e+03 6.029750219999999691e-06
7.302050646585546019e+03 6.731412722999999292e-06
7.307050646585546019e+03 8.179194992000000017e-06
7.312050646585546019e+03 7.042712532000000494e-06
7.317050646585546019e+03 8.368489798000000056e-06
7.322050646585546019e+03 9.690629668000000490e-06
7.327050646585546019e+03 8.538682595999999212e-06
7.332050646585546019e+03 9.332148474999999745e-06
7.337050646585546019e+03 9.244564570999999883e-06
7.342050646585546019e+03 1.090009813000000152e-05
7.347050646585546019e+03 1.046610297999999985e-05
7.352050646585546019e+03 1.131364144000000080e-05
7.357050646585546019e+03 1.143726404000000059e-05
7.362050646585546019e+03 1.168115762999999905e-05
7.367050646585546019e+03 1.277763628999999957e-05
7.372050646585546019e+03 1.390530960999999958e-05
7.377050646585546019e+03 1.365044735999999963e-05
7.382050646585546019e+03 1.507519860999999993e-05
7.387050646585546019e+03 1.843324163999999940e-05
7.392050646585546019e+03 1.821285695999999945e-05
7.397050646585546019e+03 2.035124226999999946e-05
7.402050646585546019e+03 2.170737599999999923e-05
7.407050646585546019e+03 2.516688312999999913e-05
7.412050646585546019e+03 2.901619066999999952e-05
7.417050646585546019e+03 2.829817588999999911e-05
7.422050646585546019e+03 3.511675167999999645e-05
7.427050646585546019e+03 3.759271465000000049e-05
7.432050646585546019e+03 4.163533448999999883e-05
7.437050646585546019e+03 4.718523473000000055e-05
7.442050646585546019e+03 5.151264834999999391e-05
7.447050646585546019e+03 5.845473613999999725e-05
7.452050646585546019e+03 6.625346374000000459e-05
7.457050646585546019e+03 7.827761583000000085e-05
7.462050646585546019e+03 8.546189404999999508e-05
7.467050646585546019e+03 9.575235656999999464e-05
7.472050646585546019e+03 1.102402526999999921e-04
7.477050646585546019e+03 1.220597791999999921e-04
7.482050646585546019e+03 1.386682875000000111e-04
7.487050646585546019e+03 1.520944666000000089e-04
7.492050646585546019e+03 1.715678162999999994e-04
7.497050646585546019e+03 1.908123306999999925e-04
7.502050646585546019e+03 2.105225436000000166e-04
7.507050646585546019e+03 2.332017943000000058e-04
7.512050646585546019e+03 2.562522516000000018e-04
7.517050646585546019e+03 2.860169298999999860e-04
7.522050646585546019e+03 3.173841535999999972e-04
7.527050646585546019e+03 3.512144834000000167e-04
7.532050646585546019e+03 3.898322582000000132e-04
7.537050646585546019e+03 4.326884449000000074e-04
7.542050646585546019e+03 4.876711591999999848e-04
7.547050646585546019e+03 5.446968228000000122e-04
7.552050646585546019e+03 6.140656024000000100e-04
7.557050646585546019e+03 6.933375447999999596e-04
7.562050646585546019e+03 7.903657108999999044e-04
7.567050646585546019e+03 9.011410922000000732e-04
7.572050646585546019e+03 1.042085439000000084e-03
7.577050646585546019e+03 1.191667393000000151e-03
7.582050646585546019e+03 1.388949752000000031e-03
7.587050646585546019e+03 1.619270891000000037e-03
7.592050646585546019e+03 1.889640689000000005e-03
7.597050646585546019e+03 2.230946272999999921e-03
7.602050646585546019e+03 2.638902961999999887e-03
7.607050646585546019e+03 3.127862811000000146e-03
7.612050646585546019e+03 3.728998600999999628e-03
7.617050646585546019e+03 4.452472626999999517e-03
7.622050646585546019e+03 5.340871215000000082e-03
7.627050646585546019e+03 6.411358118000000210e-03
7.632050646585546019e+03 7.723396420000000484e-03
7.637050646585546019e+03 9.288825989000000505e-03
7.642050646585546019e+03 1.116865395999999851e-02
7.647050646585546019e+03 1.349876164999999975e-02
7.652050646585546019e+03 1.620687485000000053e-02
7.657050646585546019e+03 1.949859976999999966e-02
7.662050646585546019e+03 2.352427721000000319e-02
7.667050646585546019e+03 2.821267128000000055e-02
7.672050646585546019e+03 3.390259266000000132e-02
7.677050646585546019e+03 4.070514202000000137e-02
7.682050646585546019e+03 4.886464595999999438e-02
7.687050646585546019e+03 5.869603634000000042e-02
7.692050646585546019e+03 7.049094677000000697e-02
7.697050646585546019e+03 8.489377974999999521e-02
7.702050646585546019e+03 1.021105099000000072e-01
7.707050646585546019e+03 1.228763390000000011e-01
7.712050646585546019e+03 1.487746238999999859e-01
7.717050646585546019e+03 1.791116333000000171e-01
7.722050646585546019e+03 2.155294799999999955e-01
7.727050646585546019e+03 2.594771384999999819e-01
7.732050646585546019e+03 3.100305556999999879e-01
7.737050646585546019e+03 3.684201049999999977e-01
7.742050646585546019e+03 4.330518723000000292e-01
7.747050646585546019e+03 5.034749603000000517e-01
7.752050646585546019e+03 5.767966461000000322e-01
7.757050646585546019e+03 6.496893310999999338e-01
7.762050646585546019e+03 7.204711914000000439e-01
7.767050646585546019e+03 7.834713745000000396e-01
7.772050646585546019e+03 8.383968352999999762e-01
7.777050646585546019e+03 8.845336150999999481e-01
7.782050646585546019e+03 9.197659301999999704e-01
7.787050646585546019e+03 9.460363006999998881e-01
7.792050646585546019e+03 9.642997742000000150e-01
7.797050646585546019e+03 9.764854431000000723e-01
7.802050646585546019e+03 9.841261291999999772e-01
7.807050646585546019e+03 9.886061096000000603e-01
7.812050646585546019e+03 9.911595154000000241e-01
7.817050646585546019e+03 9.922656250000000400e-01
7.822050646585546019e+03 9.931450653000000184e-01
7.827050646585546019e+03 9.934780883999999590e-01
7.832050646585546019e+03 9.939695740000000779e-01
7.837050646585546019e+03 9.942230225000000532e-01
7.842050646585546019e+03 9.945740508999999507e-01
7.847050646585546019e+03 9.949143218999999538e-01
7.852050646585546019e+03 9.953748322000000037e-01
7.857050646585546019e+03 9.956298827999999768e-01
7.862050646585546019e+03 9.956856537000000618e-01
7.867050646585546019e+03 9.957769774999999379e-01
7.872050646585546019e+03 9.958654022000000827e-01
7.877050646585546019e+03 9.957518005000000061e-01
7.882050646585546019e+03 9.955816650000000045e-01
7.887050646585546019e+03 9.952598571999999866e-01
7.892050646585546019e+03 9.949968719000000794e-01
7.897050646585546019e+03 9.948091125000000368e-01
7.902050646585546019e+03 9.945191192999999208e-01
7.907050646585546019e+03 9.942914580999999696e-01
7.912050646585546019e+03 9.941043854000000124e-01
7.917050646585546019e+03 9.938406372000000433e-01
7.922050646585546019e+03 9.936231994999999984e-01
7.927050646585546019e+03 9.936046600000000284e-01
7.932050646585546019e+03 9.933064269999999363e-01
7.937050646585546019e+03 9.932011414000000427e-01
7.942050646585546019e+03 9.930341339000000600e-01
7.947050646585546019e+03 9.929409027000000165e-01
7.952050646585546019e+03 9.930557251000000640e-01
7.957050646585546019e+03 9.930294037000000351e-01
7.962050646585546019e+03 9.932674407999999566e-01
7.967050646585546019e+03 9.934626007000000314e-01
7.972050646585546019e+03 9.936090088000000264e-01
7.977050646585546019e+03 9.937113189999999818e-01
7.982050646585546019e+03 9.940865325999999058e-01
7.987050646585546019e+03 9.943556976000000880e-01
7.992050646585546019e+03 9.944997406000000151e-01
7.997050646585546019e+03 9.946339416999999683e-01
8.002050646585546019e+03 9.949758147999999691e-01
8.007050646585546019e+03 9.950598144999999173e-01
8.012050646585546019e+03 9.951789856000000656e-01
8.017050646585546019e+03 9.952511596999999988e-01
8.022050646585546019e+03 9.952996063000000282e-01
8.027050646585546019e+03 9.949928284000000289e-01
8.032050646585546019e+03 9.949244690000000890e-01
8.037050646585546019e+03 9.948539734000000356e-01
8.042050646585546019e+03 9.947312927000000471e-01
8.047050646585546019e+03 9.946999359000000540e-01
8.052050646585546019e+03 9.945317841000000936e-01
8.057050646585546019e+03 9.941524506000000150e-01
8.062050646585546019e+03 9.941565703999999393e-01
8.067050646585546019e+03 9.941296387000000401e-01
8.072050646585546019e+03 9.939266205000000243e-01
8.077050646585546019e+03 9.939075470000000578e-01
8.082050646585546019e+03 9.940441894999999528e-01
8.087050646585546019e+03 9.938579559000000341e-01
8.092050646585546019e+03 9.941973114000000056e-01
8.097050646585546019e+03 9.943643187999999800e-01
8.102050646585546019e+03 9.946086884000000516e-01
8.107050646585546019e+03 9.946900940000000801e-01
8.112050646585546019e+03 9.949568938999999723e-01
8.117050646585546019e+03 9.950698852999999566e-01
8.122050646585546019e+03 9.952888489000000227e-01
8.127050646585546019e+03 9.957531738000000576e-01
8.132050646585546019e+03 9.958135986000000717e-01
8.137050646585546019e+03 9.956947327000000847e-01
8.142050646585546019e+03 9.956189728000000017e-01
8.147050646585546019e+03 9.955699920999999675e-01
8.152050646585546019e+03 9.956672668000000614e-01
8.157050646585546019e+03 9.954492188000000352e-01
8.162050646585546019e+03 9.955078124999999778e-01
8.167050646585546019e+03 9.953092956999999297e-01
8.172050646585546019e+03 9.952746582000000508e-01
8.177050646585546019e+03 9.948497009000000224e-01
8.182050646585546019e+03 9.947132111000001053e-01
8.187050646585546019e+03 9.947112273999999532e-01
8.192050646585546929e+03 9.943042755000000010e-01
8.197050646585546929e+03 9.943560028000000273e-01
8.202050646585546929e+03 9.943721008000000472e-01
8.207050646585546929e+03 9.941906738000000354e-01
8.212050646585546929e+03 9.942165375000000527e-01
8.217050646585546929e+03 9.942013549999999533e-01
8.222050646585546929e+03 9.942414856000000301e-01
8.227050646585546929e+03 9.943186187999999426e-01
8.232050646585546929e+03 9.942977141999999047e-01
8.237050646585546929e+03 9.945587921000000886e-01
8.242050646585546929e+03 9.944947815000000357e-01
8.247050646585546929e+03 9.945741271999999356e-01
8.252050646585546929e+03 9.947174072000000145e-01
8.257050646585546929e+03 9.948650360000000914e-01
8.262050646585546929e+03 9.946739196999999644e-01
8.267050646585546929e+03 9.948516845999999525e-01
8.272050646585546929e+03 9.949082946999999733e-01
8.277050646585546929e+03 9.948331450999999825e-01
8.282050646585546929e+03 9.948580169999999834e-01
8.287050646585546929e+03 9.948508452999998974e-01
8.292050646585546929e+03 9.948425292999999447e-01
8.297050646585546929e+03 9.947570038000000947e-01
8.302050646585546929e+03 9.947801208000000006e-01
8.307050646585546929e+03 9.947129058999999440e-01
8.312050646585546929e+03 9.943584441999999690e-01
8.317050646585546929e+03 9.943150330000000148e-01
8.322050646585546929e+03 9.946167755000000499e-01
8.327050646585546929e+03 9.944300079000000236e-01
8.332050646585546929e+03 9.943315887000000464e-01
8.337050646585546929e+03 9.944772338999999794e-01
8.342050646585546929e+03 9.944031524999999982e-01
8.347050646585546929e+03 9.944511414000000160e-01
8.352050646585546929e+03 9.943782805999999974e-01
8.357050646585546929e+03 9.942271422999999775e-01
8.362050646585546929e+03 9.942483520999999547e-01
8.367050646585546929e+03 9.938940429999999493e-01
8.372050646585546929e+03 9.941210938000000219e-01
8.377050646585546929e+03 9.939360045999999782e-01
8.382050646585546929e+03 9.937877655000000310e-01
8.387050646585546929e+03 9.938580322000000189e-01
8.392050646585546929e+03 9.937960814999999837e-01
8.397050646585546929e+03 9.936448669000000899e-01
8.402050646585546929e+03 9.936124419999999846e-01
8.407050646585546929e+03 9.935159301999999526e-01
8.412050646585546929e+03 9.935780334000000602e-01
8.417050646585546929e+03 9.936286925999999742e-01
8.422050646585546929e+03 9.939776611000000761e-01
8.427050646585546929e+03 9.937448120000000884e-01
8.432050646585546929e+03 9.936707305999999962e-01
8.437050646585546929e+03 9.937789153999999625e-01
8.442050646585546929e+03 9.939582061999999718e-01
8.447050646585546929e+03 9.943072510000000586e-01
8.452050646585546929e+03 9.944689178000000185e-01
8.457050646585546929e+03 9.944313811999999642e-01
8.462050646585546929e+03 9.948126983999999728e-01
8.467050646585546929e+03 9.951595306000000640e-01
8.472050646585546929e+03 9.954638672000000188e-01
8.477050646585546929e+03 9.952499390000000279e-01
8.482050646585546929e+03 9.958245850000000399e-01
8.487050646585546929e+03 9.958173369999999691e-01
8.492050646585546929e+03 9.960962677000000376e-01
8.497050646585546929e+03 9.962625121999999500e-01
8.502050646585546929e+03 9.958535766999999650e-01
8.507050646585546929e+03 9.959075164999999785e-01
8.512050646585546929e+03 9.962409209999999460e-01
8.517050646585546929e+03 9.959663390999999866e-01
8.522050646585546929e+03 9.956600951999999838e-01
8.527050646585546929e+03 9.958055878000000583e-01
8.532050646585546929e+03 9.954866027999998979e-01
8.537050646585546929e+03 9.953473662999999805e-01
8.542050646585546929e+03 9.950282287999999697e-01
8.547050646585546929e+03 9.946264648000000541e-01
8.552050646585546929e+03 9.944741057999999523e-01
8.557050646585546929e+03 9.942565917999999225e-01
8.562050646585546929e+03 9.939537048000000041e-01
8.567050646585546929e+03 9.939756774999999323e-01
8.572050646585546929e+03 9.939714813000000149e-01
8.577050646585546929e+03 9.937861633000000250e-01
8.582050646585546929e+03 9.935887909000000739e-01
8.587050646585546929e+03 9.936788939999999792e-01
8.592050646585546929e+03 9.936466980000000504e-01
8.597050646585546929e+03 9.940150452000000580e-01
8.602050646585546929e+03 9.942047119000000377e-01
8.607050646585546929e+03 9.944002532999999255e-01
8.612050646585546929e+03 9.944132996000000224e-01
8.617050646585546929e+03 9.947269439999999463e-01
8.622050646585546929e+03 9.949353790000000641e-01
8.627050646585546929e+03 9.954105377000000976e-01
8.632050646585546929e+03 9.954659271000000365e-01
8.637050646585546929e+03 9.958507538000000991e-01
8.642050646585546929e+03 9.957293701000000663e-01
8.647050646585546929e+03 9.960094452000000098e-01
8.652050646585546929e+03 9.960416411999999386e-01
8.657050646585546929e+03 9.961531067000000128e-01
8.662050646585546929e+03 9.961396027000000153e-01
8.667050646585546929e+03 9.960378264999999454e-01
8.672050646585546929e+03 9.958530425999999602e-01
8.677050646585546929e+03 9.958560944000000026e-01
8.682050646585546929e+03 9.955396270999998798e-01
8.687050646585546929e+03 9.953330993999999210e-01
8.692050646585546929e+03 9.950283813000000421e-01
8.697050646585546929e+03 9.948236846999999328e-01
8.702050646585546929e+03 9.946524048000000562e-01
8.707050646585546929e+03 9.941497040000000229e-01
8.712050646585546929e+03 9.940861510999999817e-01
8.717050646585546929e+03 9.937287139999999575e-01
8.722050646585546929e+03 9.934402466000000764e-01
8.727050646585546929e+03 9.931090545999999852e-01
8.732050646585546929e+03 9.931105804000001092e-01
8.737050646585546929e+03 9.929946135999999646e-01
8.742050646585546929e+03 9.929573059000000868e-01
8.747050646585546929e+03 9.927450561999999756e-01
8.752050646585546929e+03 9.927520751999999726e-01
8.757050646585546929e+03 9.927029418999999688e-01
8.762050646585546929e+03 9.931680298000000739e-01
8.767050646585546929e+03 9.931546783000000378e-01
8.772050646585546929e+03 9.934193419999999275e-01
8.777050646585546929e+03 9.932203673999999705e-01
8.782050646585546929e+03 9.932984924000000104e-01
8.787050646585546929e+03 9.938973998999999226e-01
8.792050646585546929e+03 9.939924621999999266e-01
8.797050646585546929e+03 9.941996765000000735e-01
8.802050646585546929e+03 9.941291046000000353e-01
8.807050646585546929e+03 9.943007660000000580e-01
8.812050646585546929e+03 9.946143340999999971e-01
8.817050646585546929e+03 9.947015380999999490e-01
8.822050646585546929e+03 9.942649840999999711e-01
8.827050646585546929e+03 9.948171997000000433e-01
8.832050646585546929e+03 9.946127318999999911e-01
8.837050646585546929e+03 9.947532653999999752e-01
8.842050646585546929e+03 9.944265746999999545e-01
8.847050646585546929e+03 9.945407104000000276e-01
8.852050646585546929e+03 9.942747497999999684e-01
8.857050646585546929e+03 9.946582793999999561e-01
8.862050646585546929e+03 9.944313048999999793e-01
8.867050646585546929e+03 9.940550994999999279e-01
8.872050646585546929e+03 9.939530945000000228e-01
8.877050646585546929e+03 9.937478638000000197e-01
8.882050646585546929e+03 9.935987854000000175e-01
8.887050646585546929e+03 9.934976958999999219e-01
8.892050646585546929e+03 9.936003875999999124e-01
8.897050646585546929e+03 9.935585021999999711e-01
8.902050646585546929e+03 9.937632750999999542e-01
8.907050646585546929e+03 9.933398438000000663e-01
8.912050646585546929e+03 9.931806183000000399e-01
8.917050646585546929e+03 9.933563232000000021e-01
8.922050646585546929e+03 9.934365081999999569e-01
8.927050646585546929e+03 9.932443999999999162e-01
8.932050646585546929e+03 9.934844207999999899e-01
8.937050646585546929e+03 9.936091613999999961e-01
8.942050646585546929e+03 9.938091278000000806e-01
8.947050646585546929e+03 9.936257935000000208e-01
8.952050646585546929e+03 9.937658690999999767e-01
8.957050646585546929e+03 9.937686157000000797e-01
8.962050646585546929e+03 9.936505126999999327e-01
8.967050646585546929e+03 9.936050414999999525e-01
8.972050646585546929e+03 9.937664032000000924e-01
8.977050646585546929e+03 9.937709044999999408e-01
8.982050646585546929e+03 9.937602234000000312e-01
8.987050646585546929e+03 9.937405395999999724e-01
8.992050646585546929e+03 9.941124725000000106e-01
8.997050646585546929e+03 9.940416718000000262e-01
9.002050646585546929e+03 9.939876556000000196e-01
9.007050646585546929e+03 9.943157958999999657e-01
9.012050646585546929e+03 9.946743773999999760e-01
9.017050646585546929e+03 9.945963286999999209e-01
9.022050646585546929e+03 9.945260620000000440e-01
9.027050646585546929e+03 9.951554871000000135e-01
9.032050646585546929e+03 9.951735686999999553e-01
9.037050646585546929e+03 9.950816344999999785e-01
9.042050646585546929e+03 9.956534576000000136e-01
9.047050646585546929e+03 9.957166290000000197e-01
9.052050646585546929e+03 9.958109283000000644e-01
9.057050646585546929e+03 9.958719634999999570e-01
9.062050646585546929e+03 9.957360840000000213e-01
9.067050646585546929e+03 9.957063293000000259e-01
9.072050646585546929e+03 9.955471039000000077e-01
9.077050646585546929e+03 9.946827698000000328e-01
9.082050646585546929e+03 9.943536376999999593e-01
9.087050646585546929e+03 9.942379760999999760e-01
9.092050646585546929e+03 9.933978270999999083e-01
9.097050646585546929e+03 9.930358887000000356e-01
9.102050646585546929e+03 9.921825409000000207e-01
9.107050646585546929e+03 9.917921447999999973e-01
9.112050646585546929e+03 9.915889740000000119e-01
9.117050646585546929e+03 9.916548920000000100e-01
9.122050646585546929e+03 9.916521453999999069e-01
9.127050646585546929e+03 9.917640685999999928e-01
9.132050646585546929e+03 9.920948029000000723e-01
9.137050646585546929e+03 9.924635314999999958e-01
9.142050646585546929e+03 9.924942016999999117e-01
9.147050646585546929e+03 9.912133789000000528e-01
9.152050646585546929e+03 9.888623047000000277e-01
9.157050646585546929e+03 9.842081450999999870e-01
9.162050646585546929e+03 9.765485381999999825e-01
9.167050646585546929e+03 9.645036315999999665e-01
9.172050646585546929e+03 9.459501647999999374e-01
9.177050646585546929e+03 9.208383942000000211e-01
9.182050646585546929e+03 8.870565032999999655e-01
9.187050646585546929e+03 8.443735503999999503e-01
9.192050646585546929e+03 7.921353148999998872e-01
9.197050646585546929e+03 7.321781158000000289e-01
9.202050646585546929e+03 6.664477539000001061e-01
9.207050646585546929e+03 5.946235656999999675e-01
9.212050646585546929e+03 5.237633513999999657e-01
9.217050646585546929e+03 4.546575928000000100e-01
9.222050646585546929e+03 3.877547454999999976e-01
9.227050646585546929e+03 3.284459686000000267e-01
9.232050646585546929e+03 2.750351334000000203e-01
9.237050646585546929e+03 2.287530518000000235e-01
9.242050646585546929e+03 1.893834305000000051e-01
9.247050646585546929e+03 1.564097403999999969e-01
9.252050646585546929e+03 1.292212295999999871e-01
9.257050646585546929e+03 1.062746143000000004e-01
9.262050646585546929e+03 8.797044753999999633e-02
9.267050646585546929e+03 7.293647765999999866e-02
9.272050646585546929e+03 6.027645588000000304e-02
9.277050646585546929e+03 5.022095203000000174e-02
9.282050646585546929e+03 4.197246074999999577e-02
9.287050646585546929e+03 3.513911009000000168e-02
9.292050646585546929e+03 2.960658789000000096e-02
9.297050646585546929e+03 2.492473840999999760e-02
9.302050646585546929e+03 2.113950013999999974e-02
9.307050646585546929e+03 1.795873046000000250e-02
9.312050646585546929e+03 1.532353996999999933e-02
9.317050646585546929e+03 1.313550352999999851e-02
9.322050646585546929e+03 1.123107075999999968e-02
9.327050646585546929e+03 9.680312276000000576e-03
9.332050646585546929e+03 8.397135139000000761e-03
9.337050646585546929e+03 7.215669154999999890e-03
9.342050646585546929e+03 6.285658479000000645e-03
9.347050646585546929e+03 5.469921231000000363e-03
9.352050646585546929e+03 4.785870313999999841e-03
9.357050646585546929e+03 4.200313090999999860e-03
9.362050646585546929e+03 3.665404617999999844e-03
9.367050646585546929e+03 3.229092955999999896e-03
9.372050646585546929e+03 2.860992252999999992e-03
9.377050646585546929e+03 2.512391805999999918e-03
9.382050646585546929e+03 2.239374965000000186e-03
9.387050646585546929e+03 1.979537308000000034e-03
9.392050646585546929e+03 1.769576371000000170e-03
9.397050646585546929e+03 1.561198830999999902e-03
9.402050646585546929e+03 1.404301374999999963e-03
9.407050646585546929e+03 1.269483416999999921e-03
9.412050646585546929e+03 1.114411429000000068e-03
9.417050646585546929e+03 1.004611253999999941e-03
9.422050646585546929e+03 8.937183021999999932e-04
9.427050646585546929e+03 8.066878467999999630e-04
9.432050646585546929e+03 7.241437584000000359e-04
9.437050646585546929e+03 6.508992612000000276e-04
9.442050646585546929e+03 6.029016152000000800e-04
9.447050646585546929e+03 5.373354629000000196e-04
9.452050646585546929e+03 4.882101342000000604e-04
9.457050646585546929e+03 4.322440550000000280e-04
9.462050646585546929e+03 3.896505386000000061e-04
9.467050646585546929e+03 3.515164182000000341e-04
9.472050646585546929e+03 3.201482445000000242e-04
9.477050646585546929e+03 2.889054082000000055e-04
9.482050646585546929e+03 2.629105002000000062e-04
9.487050646585546929e+03 2.411895618000000187e-04
9.492050646585546929e+03 2.272295578999999769e-04
9.497050646585546929e+03 1.958882435999999999e-04
9.502050646585546929e+03 1.766801067000000139e-04
9.507050646585546929e+03 1.639869622999999912e-04
9.512050646585546929e+03 1.469683740000000027e-04
9.517050646585546929e+03 1.393061969000000048e-04
9.522050646585546929e+03 1.278996932999999867e-04
9.527050646585546929e+03 1.247015037000000150e-04
9.532050646585546929e+03 1.082717534000000002e-04
9.537050646585546929e+03 9.549167938999999833e-05
9.542050646585546929e+03 8.375926875000000579e-05
9.547050646585546929e+03 8.589957840999998923e-05
9.552050646585546929e+03 7.178016007000000034e-05
9.557050646585546929e+03 6.695706396999999497e-05
9.562050646585546929e+03 6.504179910000000011e-05
9.567050646585546929e+03 6.050489842999999437e-05
9.572050646585546929e+03 4.947084467999999597e-05
9.577050646585546929e+03 4.625030793000000653e-05
9.582050646585546929e+03 4.754154011999999944e-05
9.587050646585546929e+03 4.984681960000000015e-05
9.592050646585546929e+03 3.666721283999999851e-05
9.597050646585546929e+03 3.365775802999999605e-05
9.602050646585546929e+03 3.652644343999999983e-05
9.607050646585546929e+03 3.316173329999999635e-05
9.612050646585546929e+03 3.553663845999999719e-05
9.617050646585546929e+03 3.311436390999999562e-05
9.622050646585546929e+03 2.981377299999999852e-05
9.627050646585546929e+03 2.110048197000000028e-05
9.632050646585546929e+03 1.824918436000000141e-05
9.637050646585546929e+03 1.993683400000000164e-05
9.642050646585546929e+03 1.576003153000000054e-05
9.647050646585546929e+03 2.380903345000000108e-05
9.652050646585546929e+03 2.133962232999999926e-05
9.657050646585546929e+03 2.067738677999999780e-05
9.662050646585546929e+03 1.219409169000000084e-05
9.667050646585546929e+03 1.717726233999999918e-05
9.672050646585546929e+03 1.389195095000000031e-05
9.677050646585546929e+03 2.282771282000000033e-05
9.682050646585546929e+03 2.034304430999999650e-05
9.687050646585546929e+03 1.226637978000000076e-05
9.692050646585546929e+03 4.446193924999999764e-06
9.697050646585546929e+03 1.816006261000000137e-05
9.702050646585546929e+03 1.017754896999999994e-05
9.707050646585546929e+03 2.139125251999999936e-05
9.712050646585546929e+03 1.158554804999999989e-05
9.717050646585546929e+03 1.884373836000000161e-05
9.722050646585546929e+03 2.045011614000000061e-05
9.727050646585546929e+03 2.149557695000000264e-05
9.732050646585546929e+03 1.325371092999999946e-05
9.737050646585546929e+03 2.316576428999999750e-05
9.742050646585546929e+03 1.377919805000000048e-05
9.747050646585546929e+03 3.104455244999999844e-06
9.752050646585546929e+03 1.397467568000000051e-06
9.757050646585546929e+03 2.328572096000000116e-05
9.762050646585546929e+03 1.240678945999999983e-05
9.767050646585546929e+03 1.186741282999999940e-05
9.772050646585546929e+03 -3.229719878000000078e-06
9.777050646585546929e+03 4.018162143999999813e-06
9.782050646585546929e+03 1.780904713000000143e-05
9.787050646585546929e+03 8.916381630000000367e-06
9.792050646585546929e+03 5.825391271999999843e-06
9.797050646585546929e+03 -2.851515892000000192e-06
9.802050646585546929e+03 7.662461720999999432e-06
9.807050646585546929e+03 3.390575293000000254e-06
9.812050646585546929e+03 8.620088920000000315e-06
9.817050646585546929e+03 4.724163446000000190e-06
9.822050646585546929e+03 3.953384294000000119e-06
9.827050646585546929e+03 2.547607873999999945e-06
9.832050646585546929e+03 -4.344010085000000307e-06
9.837050646585546929e+03 2.068630711000000106e-06
9.842050646585546929e+03 2.000254607999999809e-06
9.847050646585546929e+03 1.342986942999999938e-05
9.852050646585546929e+03 1.636487664999999959e-05
9.857050646585546929e+03 9.932763641999999194e-06
9.862050646585546929e+03 -1.509999999999999889e-07
9.867050646585546929e+03 1.277110860000000028e-06
9.872050646585546929e+03 1.771647802999999983e-06
9.877050646585546929e+03 5.319740740000000052e-06
9.882050646585546929e+03 5.097327521000000508e-06
9.887050646585546929e+03 1.402306720000000092e-05
9.892050646585546929e+03 7.239899131999999735e-06
9.897050646585546929e+03 8.678157465000000374e-06
9.902050646585546929e+03 2.459854003999999960e-06
9.907050646585546929e+03 5.394042818999999941e-06
9.912050646585546929e+03 8.040038520000000920e-06
9.917050646585546929e+03 6.857276893999999801e-06
9.922050646585546929e+03 1.423180655999999907e-06
9.927050646585546929e+03 7.310388609999999474e-06
9.932050646585546929e+03 1.264736201999999969e-06
9.937050646585546929e+03 1.553713111000000027e-05
9.942050646585546929e+03 5.588704952999999183e-06
9.947050646585546929e+03 2.850657329000000195e-06
9.952050646585546929e+03 9.905047481999998421e-06
9.957050646585546929e+03 3.800748964000000044e-06
9.962050646585546929e+03 1.020038151000000068e-05
9.967050646585546929e+03 1.691130746999999828e-06
9.972050646585546929e+03 8.877179352999999432e-06
9.977050646585546929e+03 8.649095543999999841e-06
9.982050646585546929e+03 -1.277557602999999894e-06
9.987050646585546929e+03 1.419550390000000173e-06
9.992050646585546929e+03 9.678997449000000376e-06
9.997050646585546929e+03 9.418689878999999523e-06
1.000205064658554693e+04 5.715168080999999659e-06
1.000705064658554693e+04 8.496980881000000551e-06
1.001205064658554693e+04 6.326535949000000185e-06
1.001705064658554693e+04 1.018549082999999928e-05
1.002205064658554693e+04 5.169999999999999840e-07
1.002705064658554693e+04 5.005596903999999763e-06
1.003205064658554693e+04 4.804269701999999467e-06
1.003705064658554693e+04 5.579999999999999938e-07
1.004205064658554693e+04 1.012783730000000088e-05
1.004705064658554693e+04 5.427323048999999761e-06
1.005205064658554693e+04 7.173994089999999788e-06
1.005705064658554693e+04 9.871517540999999419e-06
1.006205064658554693e+04 -1.647086347999999895e-05
1.006705064658554693e+04 3.500748717000000220e-06
1.007205064658554693e+04 1.412864541999999972e-05
1.007705064658554693e+04 -4.499658534999999496e-06
1.008205064658554693e+04 2.630000000000000125e-07
1.008705064658554693e+04 1.227750559000000077e-05
1.009205064658554693e+04 2.615897392000000087e-06
1.009705064658554693e+04 -4.945300751999999239e-06
1.010205064658554693e+04 6.857470725999999888e-06
1.010705064658554693e+04 8.118441909999999837e-06
1.011205064658554693e+04 8.296503220000000348e-06
1.011705064658554693e+04 4.442044883000000280e-06
1.012205064658554693e+04 -3.150847915000000246e-06
1.012705064658554693e+04 3.198743506999999925e-06
1.013205064658554693e+04 3.464937909000000253e-06
1.013705064658554693e+04 -2.515650121000000125e-06
1.014205064658554693e+04 -3.219999999999999452e-07
1.014705064658554693e+04 7.498622289999999838e-06
1.015205064658554693e+04 3.510333480999999883e-06
1.015705064658554693e+04 1.741063664999999955e-05
1.016205064658554693e+04 1.298057846999999905e-05
1.016705064658554693e+04 -1.583263802000000137e-06
1.017205064658554693e+04 1.009600469999999840e-05
1.017705064658554693e+04 3.715326602000000389e-06
1.018205064658554693e+04 -3.984403155999999507e-06
1.018705064658554693e+04 -3.769715839999999954e-06
1.019205064658554693e+04 -9.459999999999999212e-07
1.019705064658554693e+04 9.252644959000000288e-06
1.020205064658554693e+04 1.595784852000000143e-06
1.020705064658554693e+04 1.391044934000000051e-06
1.021205064658554693e+04 7.172594195999999432e-06
1.021705064658554693e+04 1.304927397999999978e-05
1.022205064658554693e+04 1.937224005999999899e-06
1.022705064658554693e+04 1.010008506000000137e-05
1.023205064658554693e+04 1.180000000000000111e-07
1.023705064658554693e+04 6.251783343000000257e-06
1.024205064658554693e+04 -7.778731523999999321e-06
1.024705064658554693e+04 4.283211600999999968e-06
1.025205064658554693e+04 -2.899272076000000272e-06
1.025705064658554693e+04 4.027026006999999732e-06
1.026205064658554693e+04 1.256632618999999979e-05
1.026705064658554693e+04 2.157323527999999963e-05
1.027205064658554693e+04 5.497094825999999929e-06
1.027705064658554693e+04 7.945242105000001190e-06
1.028205064658554693e+04 7.534744217999999297e-06
1.028705064658554693e+04 1.742194145000000066e-06
1.029205064658554693e+04 -1.856099261000000076e-06
1.029705064658554693e+04 -2.197188150999999801e-06
1.030205064658554693e+04 4.166798898999999992e-06
1.030705064658554693e+04 3.059999999999999607e-07
1.031205064658554693e+04 -7.493266021000000201e-06
1.031705064658554693e+04 -1.972503087000000042e-06
1.032205064658554693e+04 -5.419331137000000547e-06
1.032705064658554693e+04 7.220000000000000330e-07
1.033205064658554693e+04 -5.247502122000000019e-06
1.033705064658554693e+04 3.402847214999999699e-06
1.034205064658554693e+04 -6.189175765000000887e-06
1.034705064658554693e+04 -3.756641236000000249e-06
1.035205064658554693e+04 8.451556786999998890e-06
1.035705064658554693e+04 -4.711357760000000414e-06
1.036205064658554693e+04 3.236402407999999890e-06
1.036705064658554693e+04 -1.422542728999999989e-05
1.037205064658554693e+04 1.828991662000000015e-06
1.037705064658554693e+04 -2.659999999999999996e-08
1.038205064658554693e+04 -3.826970350999999655e-06
1.038705064658554693e+04 6.951221730999999778e-06
1.039205064658554693e+04 8.908836170999999331e-06
1.039705064658554693e+04 -3.797746613000000078e-06
1.040205064658554693e+04 9.980000000000000162e-07
1.040705064658554693e+04 1.342939212999999974e-05
1.041205064658554693e+04 -1.572439563000000020e-05
1.041705064658554693e+04 5.913028143999999570e-06
1.042205064658554693e+04 -3.839240816999999747e-06
1.042705064658554693e+04 5.050000000000000354e-07
1.043205064658554693e+04 -5.480913678000000182e-06
1.043705064658554693e+04 5.940000000000000515e-07
1.044205064658554693e+04 3.483251785000000082e-06
1.044705064658554693e+04 3.339545510000000087e-06
1.045205064658554693e+04 7.531506707999999996e-06
1.045705064658554693e+04 -4.883294458999999811e-06
1.046205064658554693e+04 -8.089854382000000155e-06
1.046705064658554693e+04 7.662096177000000724e-06
1.047205064658554693e+04 6.499999999999999176e-07
1.047705064658554693e+04 6.334327627000000018e-06
1.048205064658554693e+04 6.899552535999999748e-06
1.048705064658554693e+04 -4.429712717000000412e-06
1.049205064658554693e+04 -6.107535445999999589e-06
1.049705064658554693e+04 1.003866345999999929e-06
1.050205064658554693e+04 9.652694571000000666e-06
1.050705064658554693e+04 -8.000000000000000697e-07
1.051205064658554693e+04 4.868228570999999810e-06
1.051705064658554693e+04 -6.540000000000000064e-07
1.052205064658554693e+04 -6.776854278999999287e-06
1.052705064658554693e+04 -4.088271817000000040e-06
1.053205064658554693e+04 -4.473301815000000351e-06
1.053705064658554693e+04 7.936409675000000416e-06
1.054205064658554693e+04 1.876481692000000155e-05
1.054705064658554693e+04 7.771349627999998792e-06
1.055205064658554693e+04 1.461309381000000095e-05
1.055705064658554693e+04 3.087896329999999720e-06
1.056205064658554693e+04 -5.459999999999999922e-08
1.056705064658554693e+04 2.905170258999999947e-06
1.057205064658554693e+04 7.351136301000000089e-06
1.057705064658554693e+04 9.116655565000000803e-06
1.058205064658554693e+04 8.081321721000000365e-06
1.058705064658554693e+04 9.200627683000001052e-06
1.059205064658554693e+04 2.566453186000000131e-06
1.059705064658554693e+04 7.756350677999999992e-06
1.060205064658554693e+04 7.537077180999999505e-06
1.060705064658554693e+04 -2.511358762000000336e-06
1.061205064658554693e+04 4.201902483999999646e-06
1.061705064658554693e+04 1.142491003999999966e-05
1.062205064658554693e+04 7.565144915000000191e-06
1.062705064658554693e+04 7.373117259999999268e-06
1.063205064658554693e+04 1.205625944000000034e-05
1.063705064658554693e+04 9.727392462000000216e-06
1.064205064658554693e+04 6.646331167000000300e-06
1.064705064658554693e+04 1.046293763999999955e-05
1.065205064658554693e+04 1.274252281000000034e-06
1.065705064658554693e+04 1.890653074999999884e-06
1.066205064658554693e+04 1.943767566000000218e-06
1.066705064658554693e+04 1.902765071000000051e-06
1.067205064658554693e+04 -1.505058899000000088e-06
1.067705064658554693e+04 4.198542155999999728e-06
1.068205064658554693e+04 7.336325942999999308e-06
1.068705064658554693e+04 1.093978761000000043e-05
1.069205064658554693e+04 7.500447100000000398e-06
1.069705064658554693e+04 -8.234694251000000546e-06
1.070205064658554693e+04 7.333033135999999847e-06
1.070705064658554693e+04 5.239121382999999695e-06
1.071205064658554693e+04 7.230000000000000022e-07
1.071705064658554693e+04 5.214767298000000200e-06
1.072205064658554693e+04 1.591239007999999821e-05
1.072705064658554693e+04 -5.220713209999999264e-06
1.073205064658554693e+04 -9.729999999999998321e-07
1.073705064658554693e+04 -1.099064975000000096e-06
1.074205064658554693e+04 7.059999999999999956e-07
1.074705064658554693e+04 3.102025947999999798e-06
1.075205064658554693e+04 2.058313111999999972e-06
1.075705064658554693e+04 1.912082777999999866e-05
1.076205064658554693e+04 6.344083231000000644e-06
1.076705064658554693e+04 -5.896171206000000347e-06
1.077205064658554693e+04 4.876533639999999869e-06
1.077705064658554693e+04 6.457206327000000383e-06
1.078205064658554693e+04 2.511036872999999580e-06
1.078705064658554693e+04 1.131260185999999861e-05
1.079205064658554693e+04 6.809467450000000069e-06
1.079705064658554693e+04 -8.467604056999998981e-06
1.080205064658554693e+04 5.511778871999999911e-06
1.080705064658554693e+04 3.419844724999999778e-06
1.081205064658554693e+04 4.984010592999999834e-06
1.081705064658554693e+04 8.572237566000000809e-06
1.082205064658554693e+04 6.999260512999999434e-06
1.082705064658554693e+04 2.921698905999999966e-06
1.083205064658554693e+04 4.688393383000000112e-06
1.083705064658554693e+04 9.069290244999999800e-06
1.084205064658554693e+04 3.095594874999999785e-06
1.084705064658554693e+04 6.463702301999999718e-06
1.085205064658554693e+04 4.248813202000000121e-06
1.085705064658554693e+04 2.303090440999999970e-06
1.086205064658554693e+04 6.067602661999999852e-06
1.086705064658554693e+04 8.441056707000000987e-06
1.087205064658554693e+04 5.784090025999999420e-06
1.087705064658554693e+04 8.621143060999999746e-06
1.088205064658554693e+04 -2.165150799999999867e-06
1.088705064658554693e+04 -4.699999999999999470e-07
1.089205064658554693e+04 8.891209144999999287e-06
1.089705064658554693e+04 -3.660163202000000260e-06
1.090205064658554693e+04 1.213688985000000088e-05
1.090705064658554693e+04 7.819716119999999039e-06
1.091205064658554693e+04 4.243049771000000096e-06
1.091705064658554693e+04 6.362097919999999694e-06
1.092205064658554693e+04 -2.772580483000000391e-06
1.092705064658554693e+04 1.802999323000000123e-06
1.093205064658554693e+04 7.417158339999999973e-06
1.093705064658554693e+04 -3.933146363000000238e-06
1.094205064658554693e+04 4.071763251000000338e-06
1.094705064658554693e+04 -2.780000000000000277e-07
1.095205064658554693e+04 7.181420806000000694e-06
1.095705064658554693e+04 4.990830202999999271e-06
1.096205064658554693e+04 1.297656213999999902e-05
1.096705064658554693e+04 9.800054830999999721e-06
1.097205064658554693e+04 7.965815021000000206e-06
1.097705064658554693e+04 -2.971851209000000229e-06
1.098205064658554693e+04 3.505939966999999999e-06
1.098705064658554693e+04 1.249430700999999892e-05
1.099205064658554693e+04 -8.564640883999999780e-06
1.099705064658554693e+04 -5.334747257000000573e-06
1.100205064658554693e+04 2.224349591000000034e-06
1.100705064658554693e+04 1.221693003999999957e-05
1.101205064658554693e+04 -1.056759937999999928e-06
1.101705064658554693e+04 9.658759226999999334e-06
1.102205064658554693e+04 -8.251424296999999831e-06
1.102705064658554693e+04 6.063164909999999796e-06
1.103205064658554693e+04 6.385216839000000072e-06
1.103705064658554693e+04 1.145808856000000047e-06
1.104205064658554693e+04 7.337561110000000441e-06
1.104705064658554693e+04 1.034501111000000118e-06
1.105205064658554693e+04 1.573815475999999888e-05
1.105705064658554693e+04 -2.685927610999999874e-06
1.106205064658554693e+04 6.590594421000000039e-06
1.106705064658554693e+04 2.075125375999999982e-06
1.107205064658554693e+04 6.237015476999999879e-06
1.107705064658554693e+04 1.683150767000000063e-05
1.108205064658554693e+04 9.440000000000000886e-07
1.108705064658554693e+04 -1.913472079000000018e-06
1.109205064658554693e+04 -1.013457439999999896e-06
1.109705064658554693e+04 1.670249505000000022e-05
1.110205064658554693e+04 6.129999999999999966e-07
1.110705064658554693e+04 8.594666724000000053e-06
1.111205064658554693e+04 1.248541636999999980e-05
1.111705064658554693e+04 4.508411220999999839e-06
1.112205064658554693e+04 -8.571423823000000341e-06
1.112705064658554693e+04 1.021543052000000023e-05
1.113205064658554693e+04 2.651952963999999820e-06
1.113705064658554693e+04 9.773463243999999759e-06
1.114205064658554693e+04 8.832060265999999333e-06
1.114705064658554693e+04 1.612840802000000117e-05
1.115205064658554693e+04 -2.909507602000000101e-06
1.115705064658554693e+04 1.247648614999999984e-06
1.116205064658554693e+04 2.006906288000000156e-06
1.116705064658554693e+04 1.188348745999999879e-05
1.117205064658554693e+04 4.270731878999999743e-06
1.117705064658554693e+04 9.794830112000000612e-06
1.118205064658554693e+04 1.552647329000000234e-05
1.118705064658554693e+04 1.242935104999999963e-06
1.119205064658554693e+04 1.146914903000000021e-05
1.119705064658554693e+04 9.918556315999999716e-06
1.120205064658554693e+04 1.714886748000000087e-06
1.120705064658554693e+04 7.897095056000000019e-06
1.121205064658554693e+04 1.068143639999999897e-05
1.121705064658554693e+04 5.558335687999999652e-06
1.122205064658554693e+04 2.071336494000000005e-06
1.122705064658554693e+04 8.592093944999999817e-06
1.123205064658554693e+04 9.226627299000000765e-06
1.123705064658554693e+04 1.037335605000000010e-05
1.124205064658554693e+04 6.321459077000000054e-06
1.124705064658554693e+04 -1.614433858999999848e-06
1.125205064658554693e+04 7.212800555999999688e-06
1.125705064658554693e+04 1.107268850000000009e-05
1.126205064658554693e+04 1.804247615000000057e-05
1.126705064658554693e+04 1.415322184999999972e-05
1.127205064658554693e+04 -4.920000000000000116e-07
1.127705064658554693e+04 -2.476787776999999757e-06
1.128205064658554693e+04 -5.047141457999999753e-06
1.128705064658554693e+04 3.169825650000000211e-06
1.129205064658554693e+04 2.982049482000000131e-06
1.129705064658554693e+04 4.784622870000000060e-06
1.130205064658554693e+04 -8.519999999999999530e-07
1.130705064658554693e+04 8.558400441000000309e-06
1.131205064658554693e+04 -1.779999999999999792e-07
1.131705064658554693e+04 -4.258250991999999632e-06
1.132205064658554693e+04 4.258201806999999620e-06
1.132705064658554693e+04 1.065511722000000006e-05
1.133205064658554693e+04 1.648131058999999804e-05
1.133705064658554693e+04 -1.642829593000000060e-06
1.134205064658554693e+04 5.776632461000000641e-06
1.134705064658554693e+04 -1.102626046999999975e-06
1.135205064658554693e+04 -3.140135377000000124e-06
1.135705064658554693e+04 4.530596780000000050e-06
1.136205064658554693e+04 4.276197286999999823e-06
1.136705064658554693e+04 1.169875730000000108e-05
1.137205064658554693e+04 -4.500000000000000326e-07
1.137705064658554693e+04 1.367727527000000061e-05
1.138205064658554693e+04 2.349999999999999735e-07
1.138705064658554693e+04 -7.559999999999999404e-07
1.139205064658554693e+04 -1.154617202999999964e-06
1.139705064658554693e+04 2.468601450999999827e-06
1.140205064658554693e+04 -3.705057898000000275e-06
1.140705064658554693e+04 1.854197180000000114e-06
1.141205064658554693e+04 5.058388924000000617e-06
1.141705064658554693e+04 5.212050164000000524e-06
1.142205064658554693e+04 1.693473314000000019e-05
1.142705064658554693e+04 1.140462932999999950e-05
1.143205064658554693e+04 4.528691934000000116e-06
1.143705064658554693e+04 2.238650341000000018e-06
1.144205064658554693e+04 1.231570146000000115e-05
1.144705064658554693e+04 -3.819847771000000010e-06
1.145205064658554693e+04 1.205642591000000133e-05
1.145705064658554693e+04 3.639999999999999772e-07
1.146205064658554693e+04 -2.576350525000000010e-06
1.146705064658554693e+04 5.090977646999999958e-06
1.147205064658554693e+04 -3.430350625000000158e-06
1.147705064658554693e+04 2.614081312999999964e-06
1.148205064658554693e+04 3.066582430999999899e-06
1.148705064658554693e+04 4.202997369999999812e-06
1.149205064658554693e+04 -1.351937972000000023e-06
1.149705064658554693e+04 3.327854501999999851e-06
1.150205064658554693e+04 8.884033304999999989e-06
1.150705064658554693e+04 -5.110000000000000626e-07
1.151205064658554693e+04 -1.703014567999999948e-06
1.151705064658554693e+04 2.058905228999999692e-06
1.152205064658554693e+04 3.983318455999999657e-06
1.152705064658554693e+04 9.140441543000000219e-06
1.153205064658554693e+04 -4.720000000000000443e-07
1.153705064658554693e+04 6.910269149000000358e-06
1.154205064658554693e+04 2.731056011000000193e-06
1.154705064658554693e+04 -5.351873114999999520e-06
1.155205064658554693e+04 3.678998036999999816e-06
1.155705064658554693e+04 1.959687360999999844e-06
1.156205064658554693e+04 8.444295380999999851e-06
1.156705064658554693e+04 2.242235058999999698e-06
1.157205064658554693e+04 1.440124934999999994e-05
1.157705064658554693e+04 8.118484402000000240e-06
1.158205064658554693e+04 -4.329999999999999730e-08
1.158705064658554693e+04 1.988691510999999925e-06
1.159205064658554693e+04 8.245844509999999782e-06
1.159705064658554693e+04 3.522775659999999765e-06
1.160205064658554693e+04 -2.732703869999999962e-06
1.160705064658554693e+04 -2.966216706999999802e-06
1.161205064658554693e+04 -4.160000000000000193e-07
1.161705064658554693e+04 1.002074218999999872e-05
1.162205064658554693e+04 -4.511912121000000190e-06
1.162705064658554693e+04 5.275338190000000807e-06
1.163205064658554693e+04 3.413950617000000168e-06
1.163705064658554693e+04 1.112146070000000032e-05
1.164205064658554693e+04 5.821127560999999550e-06
1.164705064658554693e+04 6.869999999999999975e-08
1.165205064658554693e+04 -8.231342071999999589e-06
1.165705064658554693e+04 5.695163271999999876e-06
1.166205064658554693e+04 -7.070222054999999729e-06
1.166705064658554693e+04 3.839999999999999974e-08
1.167205064658554693e+04 -4.446408129000000482e-06
1.167705064658554693e+04 5.286643863999999369e-06
1.168205064658554693e+04 -1.452303404000000120e-06
1.168705064658554693e+04 9.198144543999999876e-06
1.169205064658554693e+04 4.184725112000000392e-06
1.169705064658554693e+04 1.043445664000000005e-05
1.170205064658554693e+04 -5.201225867000000196e-06
1.170705064658554693e+04 9.125538635999999248e-06
1.171205064658554693e+04 7.304058526999999248e-06
1.171705064658554693e+04 8.367005503000000691e-06
1.172205064658554693e+04 -8.207727805999999641e-06
1.172705064658554693e+04 1.404209614999999873e-06
1.173205064658554693e+04 -9.289999999999999146e-07
1.173705064658554693e+04 8.511439082000000469e-06
1.174205064658554693e+04 2.567208720999999937e-06
1.174705064658554693e+04 -4.496657348000000365e-06
1.175205064658554693e+04 1.027673831999999946e-05
1.175705064658554693e+04 -2.633490076000000281e-06
1.176205064658554693e+04 1.171284239000000057e-05
1.176705064658554693e+04 3.753263735999999874e-06
1.177205064658554693e+04 -1.166929432999999936e-06
