8.000000000000000000e+03 1.318637000000000004e-01
7.995000000000000000e+03 1.336968000000000045e-01
7.990000000000000000e+03 1.324540999999999913e-01
7.985000000000000000e+03 1.313852000000000075e-01
7.980000000000000000e+03 1.302070999999999923e-01
7.975000000000000000e+03 1.281754999999999978e-01
7.970000000000000000e+03 1.254850000000000132e-01
7.965000000000000000e+03 1.227236000000000021e-01
7.960000000000000000e+03 1.190630999999999912e-01
7.955000000000000000e+03 1.153428999999999982e-01
7.950000000000000000e+03 1.111203000000000052e-01
7.945000000000000000e+03 1.075919000000000042e-01
7.940000000000000000e+03 1.024314000000000058e-01
7.935000000000000000e+03 9.846190000000000497e-02
7.930000000000000000e+03 9.326079999999999093e-02
7.925000000000000000e+03 8.854670000000000596e-02
7.920000000000000000e+03 8.329449999999999354e-02
7.915000000000000000e+03 7.858199999999999907e-02
7.910000000000000000e+03 7.299940000000000595e-02
7.905000000000000000e+03 6.796130000000000226e-02
7.900000000000000000e+03 6.301930000000000032e-02
7.895000000000000000e+03 5.866949999999999943e-02
7.890000000000000000e+03 5.404329999999999551e-02
7.885000000000000000e+03 4.944889999999999702e-02
7.880000000000000000e+03 4.551820000000000171e-02
7.875000000000000000e+03 4.158140000000000447e-02
7.870000000000000000e+03 3.821000000000000091e-02
7.865000000000000000e+03 3.573789999999999606e-02
7.860000000000000000e+03 3.267810000000000159e-02
7.855000000000000000e+03 2.980970000000000147e-02
7.850000000000000000e+03 2.825369999999999965e-02
7.845000000000000000e+03 2.569529999999999731e-02
7.840000000000000000e+03 2.476850000000000232e-02
7.835000000000000000e+03 2.400110000000000091e-02
7.830000000000000000e+03 2.333489999999999870e-02
7.825000000000000000e+03 2.337989999999999860e-02
7.820000000000000000e+03 2.347000000000000128e-02
7.815000000000000000e+03 2.370140000000000094e-02
7.810000000000000000e+03 2.466050000000000186e-02
7.805000000000000000e+03 2.533700000000000188e-02
7.800000000000000000e+03 2.603060000000000096e-02
7.795000000000000000e+03 2.769709999999999880e-02
7.790000000000000000e+03 2.911579999999999724e-02
7.785000000000000000e+03 2.990419999999999884e-02
7.780000000000000000e+03 3.138739999999999586e-02
7.775000000000000000e+03 3.330509999999999721e-02
7.770000000000000000e+03 3.496069999999999733e-02
7.765000000000000000e+03 3.658229999999999815e-02
7.760000000000000000e+03 3.869720000000000104e-02
7.755000000000000000e+03 3.991950000000000359e-02
7.750000000000000000e+03 4.170149999999999552e-02
7.745000000000000000e+03 4.295919999999999600e-02
7.740000000000000000e+03 4.449279999999999902e-02
7.735000000000000000e+03 4.532730000000000092e-02
7.730000000000000000e+03 4.666340000000000071e-02
7.725000000000000000e+03 4.717310000000000253e-02
7.720000000000000000e+03 4.842139999999999639e-02
7.715000000000000000e+03 4.923399999999999999e-02
7.710000000000000000e+03 4.897809999999999664e-02
7.705000000000000000e+03 4.945999999999999702e-02
7.700000000000000000e+03 5.022949999999999637e-02
7.695000000000000000e+03 4.981589999999999629e-02
7.690000000000000000e+03 5.042200000000000154e-02
7.685000000000000000e+03 4.994089999999999641e-02
7.680000000000000000e+03 5.005439999999999889e-02
7.675000000000000000e+03 4.951740000000000308e-02
7.670000000000000000e+03 4.918449999999999905e-02
7.665000000000000000e+03 4.838569999999999677e-02
7.660000000000000000e+03 4.831000000000000572e-02
7.655000000000000000e+03 4.770979999999999666e-02
7.650000000000000000e+03 4.687709999999999794e-02
7.645000000000000000e+03 4.655090000000000616e-02
7.640000000000000000e+03 4.575580000000000619e-02
7.635000000000000000e+03 4.462430000000000563e-02
7.630000000000000000e+03 4.423030000000000017e-02
7.625000000000000000e+03 4.341520000000000101e-02
7.620000000000000000e+03 4.239410000000000400e-02
7.615000000000000000e+03 4.129510000000000125e-02
7.610000000000000000e+03 4.085569999999999480e-02
7.605000000000000000e+03 3.981110000000000204e-02
7.600000000000000000e+03 3.933870000000000422e-02
7.595000000000000000e+03 3.834130000000000177e-02
7.590000000000000000e+03 3.742360000000000131e-02
7.585000000000000000e+03 3.680610000000000132e-02
7.580000000000000000e+03 3.598160000000000247e-02
7.575000000000000000e+03 3.514579999999999788e-02
7.570000000000000000e+03 3.411589999999999762e-02
7.565000000000000000e+03 3.334870000000000195e-02
7.560000000000000000e+03 3.224810000000000176e-02
7.555000000000000000e+03 3.131470000000000087e-02
7.550000000000000000e+03 3.029830000000000023e-02
7.545000000000000000e+03 2.946270000000000139e-02
7.540000000000000000e+03 2.867899999999999963e-02
7.535000000000000000e+03 2.796639999999999890e-02
7.530000000000000000e+03 2.695320000000000008e-02
7.525000000000000000e+03 2.606750000000000039e-02
7.520000000000000000e+03 2.516030000000000350e-02
7.515000000000000000e+03 2.405770000000000131e-02
7.510000000000000000e+03 2.345279999999999934e-02
7.505000000000000000e+03 2.273439999999999836e-02
7.500000000000000000e+03 2.162809999999999733e-02
7.495000000000000000e+03 2.083919999999999870e-02
7.490000000000000000e+03 1.978830000000000172e-02
7.485000000000000000e+03 1.986759999999999915e-02
7.480000000000000000e+03 1.830619999999999817e-02
7.475000000000000000e+03 1.767509999999999915e-02
7.470000000000000000e+03 1.686889999999999917e-02
7.465000000000000000e+03 1.603970000000000048e-02
7.460000000000000000e+03 1.549700000000000036e-02
7.455000000000000000e+03 1.455140000000000079e-02
7.450000000000000000e+03 1.398319999999999945e-02
7.445000000000000000e+03 1.362689999999999908e-02
7.440000000000000000e+03 1.278010000000000083e-02
7.435000000000000000e+03 1.214290000000000161e-02
7.430000000000000000e+03 1.180170000000000004e-02
7.425000000000000000e+03 1.106710000000000159e-02
7.420000000000000000e+03 1.098499999999999997e-02
7.415000000000000000e+03 1.054340000000000138e-02
7.410000000000000000e+03 1.020040000000000009e-02
7.405000000000000000e+03 9.966400000000000259e-03
7.400000000000000000e+03 9.530699999999999589e-03
7.395000000000000000e+03 9.805799999999999933e-03
7.390000000000000000e+03 9.618500000000000313e-03
7.385000000000000000e+03 9.291199999999999459e-03
7.380000000000000000e+03 9.436699999999999255e-03
7.375000000000000000e+03 9.069899999999998796e-03
7.370000000000000000e+03 9.369999999999999857e-03
7.365000000000000000e+03 9.497600000000000139e-03
7.360000000000000000e+03 9.406799999999999884e-03
7.355000000000000000e+03 9.301399999999999599e-03
7.350000000000000000e+03 9.375400000000000747e-03
7.345000000000000000e+03 9.594700000000001144e-03
7.340000000000000000e+03 9.349899999999999531e-03
7.335000000000000000e+03 9.620200000000000626e-03
7.330000000000000000e+03 9.712699999999999459e-03
7.325000000000000000e+03 9.729700000000000848e-03
7.320000000000000000e+03 9.614400000000000376e-03
7.315000000000000000e+03 9.768499999999999406e-03
7.310000000000000000e+03 9.705300000000000038e-03
7.305000000000000000e+03 9.753799999999999970e-03
7.300000000000000000e+03 9.660200000000000731e-03
7.295000000000000000e+03 9.903600000000000250e-03
7.290000000000000000e+03 9.554500000000000492e-03
7.285000000000000000e+03 9.819200000000000150e-03
7.280000000000000000e+03 9.753799999999999970e-03
7.275000000000000000e+03 9.661100000000000590e-03
7.270000000000000000e+03 9.525999999999999746e-03
7.265000000000000000e+03 9.669799999999999229e-03
7.260000000000000000e+03 1.001900000000000013e-02
7.255000000000000000e+03 1.006040000000000059e-02
7.250000000000000000e+03 9.985700000000000132e-03
7.245000000000000000e+03 1.031259999999999989e-02
7.240000000000000000e+03 1.026289999999999841e-02
7.235000000000000000e+03 1.005239999999999953e-02
7.230000000000000000e+03 1.070630000000000019e-02
7.225000000000000000e+03 1.039990000000000012e-02
7.220000000000000000e+03 1.083269999999999893e-02
7.215000000000000000e+03 1.091849999999999939e-02
7.210000000000000000e+03 1.118360000000000014e-02
7.205000000000000000e+03 1.150060000000000145e-02
7.200000000000000000e+03 1.152150000000000049e-02
7.195000000000000000e+03 1.179619999999999974e-02
7.190000000000000000e+03 1.177419999999999856e-02
7.185000000000000000e+03 1.217400000000000079e-02
7.180000000000000000e+03 1.248840000000000020e-02
7.175000000000000000e+03 1.250979999999999974e-02
7.170000000000000000e+03 1.290899999999999860e-02
7.165000000000000000e+03 1.295979999999999875e-02
7.160000000000000000e+03 1.322419999999999846e-02
7.155000000000000000e+03 1.316759999999999979e-02
7.150000000000000000e+03 1.350810000000000032e-02
7.145000000000000000e+03 1.320870000000000030e-02
7.140000000000000000e+03 1.360989999999999943e-02
7.135000000000000000e+03 1.330839999999999974e-02
7.130000000000000000e+03 1.374679999999999826e-02
7.125000000000000000e+03 1.385150000000000096e-02
7.120000000000000000e+03 1.386789999999999898e-02
7.115000000000000000e+03 1.391389999999999988e-02
7.110000000000000000e+03 1.360489999999999963e-02
7.105000000000000000e+03 1.355629999999999856e-02
7.100000000000000000e+03 1.376849999999999949e-02
7.095000000000000000e+03 1.362239999999999979e-02
7.090000000000000000e+03 1.358780000000000057e-02
7.085000000000000000e+03 1.322189999999999997e-02
7.080000000000000000e+03 1.353429999999999911e-02
7.075000000000000000e+03 1.342680000000000089e-02
7.070000000000000000e+03 1.343520000000000131e-02
7.065000000000000000e+03 1.323069999999999975e-02
7.060000000000000000e+03 1.314789999999999882e-02
7.055000000000000000e+03 1.316799999999999915e-02
7.050000000000000000e+03 1.398190000000000023e-02
7.045000000000000000e+03 1.344719999999999943e-02
7.040000000000000000e+03 1.359350000000000142e-02
7.035000000000000000e+03 1.381690000000000002e-02
7.030000000000000000e+03 1.371830000000000098e-02
7.025000000000000000e+03 1.435089999999999977e-02
7.020000000000000000e+03 1.442889999999999971e-02
7.015000000000000000e+03 1.458259999999999938e-02
7.010000000000000000e+03 1.479899999999999965e-02
7.005000000000000000e+03 1.497030000000000062e-02
7.000000000000000000e+03 1.525949999999999876e-02
6.995000000000000000e+03 1.548629999999999972e-02
6.990000000000000000e+03 1.558269999999999968e-02
6.985000000000000000e+03 1.582889999999999991e-02
6.980000000000000000e+03 1.567640000000000006e-02
6.975000000000000000e+03 1.605490000000000042e-02
6.970000000000000000e+03 1.605229999999999851e-02
6.965000000000000000e+03 1.603399999999999964e-02
6.960000000000000000e+03 1.586399999999999963e-02
6.955000000000000000e+03 1.560940000000000071e-02
6.950000000000000000e+03 1.550170000000000020e-02
6.945000000000000000e+03 1.533910000000000134e-02
6.940000000000000000e+03 1.510599999999999964e-02
6.935000000000000000e+03 1.482450000000000087e-02
6.930000000000000000e+03 1.448150000000000132e-02
6.925000000000000000e+03 1.415680000000000063e-02
6.920000000000000000e+03 1.391669999999999886e-02
6.915000000000000000e+03 1.327229999999999903e-02
6.910000000000000000e+03 1.290929999999999855e-02
6.905000000000000000e+03 1.256110000000000039e-02
6.900000000000000000e+03 1.219130000000000040e-02
6.895000000000000000e+03 1.177280000000000167e-02
6.890000000000000000e+03 1.137140000000000026e-02
6.885000000000000000e+03 1.099660000000000047e-02
6.880000000000000000e+03 1.052179999999999956e-02
6.875000000000000000e+03 1.034890000000000115e-02
6.870000000000000000e+03 1.035400000000000036e-02
6.865000000000000000e+03 9.880899999999999753e-03
6.860000000000000000e+03 9.792300000000000310e-03
6.855000000000000000e+03 9.917799999999999186e-03
6.850000000000000000e+03 9.742499999999999424e-03
6.845000000000000000e+03 9.739400000000000487e-03
6.840000000000000000e+03 1.024539999999999999e-02
6.835000000000000000e+03 1.035990000000000001e-02
6.830000000000000000e+03 1.113210000000000068e-02
6.825000000000000000e+03 1.129389999999999908e-02
6.820000000000000000e+03 1.163939999999999940e-02
6.815000000000000000e+03 1.223899999999999988e-02
6.810000000000000000e+03 1.271139999999999944e-02
6.805000000000000000e+03 1.319390000000000146e-02
6.800000000000000000e+03 1.368670000000000130e-02
6.795000000000000000e+03 1.434410000000000025e-02
6.790000000000000000e+03 1.460820000000000000e-02
6.785000000000000000e+03 1.520019999999999878e-02
6.780000000000000000e+03 1.578979999999999967e-02
6.775000000000000000e+03 1.586349999999999913e-02
6.770000000000000000e+03 1.636810000000000001e-02
6.765000000000000000e+03 1.664739999999999970e-02
6.760000000000000000e+03 1.683580000000000146e-02
6.755000000000000000e+03 1.689380000000000048e-02
6.750000000000000000e+03 1.709480000000000027e-02
6.745000000000000000e+03 1.699240000000000125e-02
6.740000000000000000e+03 1.701089999999999894e-02
6.735000000000000000e+03 1.665900000000000020e-02
6.730000000000000000e+03 1.639900000000000038e-02
6.725000000000000000e+03 1.624029999999999918e-02
6.720000000000000000e+03 1.592390000000000125e-02
6.715000000000000000e+03 1.568220000000000031e-02
6.710000000000000000e+03 1.511719999999999904e-02
6.705000000000000000e+03 1.450989999999999919e-02
6.700000000000000000e+03 1.414630000000000054e-02
6.695000000000000000e+03 1.360530000000000073e-02
6.690000000000000000e+03 1.345800000000000121e-02
6.685000000000000000e+03 1.288040000000000018e-02
6.680000000000000000e+03 1.229579999999999909e-02
6.675000000000000000e+03 1.213870000000000053e-02
6.670000000000000000e+03 1.163419999999999906e-02
6.665000000000000000e+03 1.142390000000000072e-02
6.660000000000000000e+03 1.139119999999999890e-02
6.655000000000000000e+03 1.121650000000000078e-02
6.650000000000000000e+03 1.127449999999999980e-02
6.645000000000000000e+03 1.131769999999999998e-02
6.640000000000000000e+03 1.128719999999999897e-02
6.635000000000000000e+03 1.117779999999999989e-02
6.630000000000000000e+03 1.148390000000000001e-02
6.625000000000000000e+03 1.137620000000000124e-02
6.620000000000000000e+03 1.184960000000000006e-02
6.615000000000000000e+03 1.207970000000000051e-02
6.610000000000000000e+03 1.216439999999999882e-02
6.605000000000000000e+03 1.245670000000000111e-02
6.600000000000000000e+03 1.248930000000000179e-02
6.595000000000000000e+03 1.261250000000000045e-02
6.590000000000000000e+03 1.267260000000000088e-02
6.585000000000000000e+03 1.279439999999999918e-02
6.580000000000000000e+03 1.275730000000000093e-02
6.575000000000000000e+03 1.289579999999999893e-02
6.570000000000000000e+03 1.281670000000000031e-02
6.565000000000000000e+03 1.266380000000000110e-02
6.560000000000000000e+03 1.264040000000000129e-02
6.555000000000000000e+03 1.236010000000000060e-02
6.550000000000000000e+03 1.210209999999999932e-02
6.545000000000000000e+03 1.193119999999999944e-02
6.540000000000000000e+03 1.167890000000000074e-02
6.535000000000000000e+03 1.120610000000000182e-02
6.530000000000000000e+03 1.115969999999999983e-02
6.525000000000000000e+03 1.054000000000000076e-02
6.520000000000000000e+03 1.044840000000000005e-02
6.515000000000000000e+03 1.022860000000000089e-02
6.510000000000000000e+03 9.954899999999999166e-03
6.505000000000000000e+03 9.780799999999999217e-03
6.500000000000000000e+03 9.728399999999999895e-03
6.495000000000000000e+03 9.758199999999999860e-03
6.490000000000000000e+03 9.901300000000000032e-03
6.485000000000000000e+03 9.952600000000000682e-03
6.480000000000000000e+03 1.011970000000000057e-02
6.475000000000000000e+03 1.016639999999999905e-02
6.470000000000000000e+03 1.043919999999999917e-02
6.465000000000000000e+03 1.074070000000000059e-02
6.460000000000000000e+03 1.107220000000000079e-02
6.455000000000000000e+03 1.148039999999999998e-02
6.450000000000000000e+03 1.192420000000000112e-02
6.445000000000000000e+03 1.205100000000000095e-02
6.440000000000000000e+03 1.234569999999999938e-02
6.435000000000000000e+03 1.258309999999999984e-02
6.430000000000000000e+03 1.301090000000000059e-02
6.425000000000000000e+03 1.320389999999999932e-02
6.420000000000000000e+03 1.356239999999999876e-02
6.415000000000000000e+03 1.363029999999999971e-02
6.410000000000000000e+03 1.347180000000000079e-02
6.405000000000000000e+03 1.370700000000000043e-02
6.400000000000000000e+03 1.353630000000000111e-02
6.395000000000000000e+03 1.338940000000000095e-02
6.390000000000000000e+03 1.334240000000000079e-02
6.385000000000000000e+03 1.304240000000000087e-02
6.380000000000000000e+03 1.300289999999999953e-02
6.375000000000000000e+03 1.269810000000000036e-02
6.370000000000000000e+03 1.259150000000000026e-02
6.365000000000000000e+03 1.229759999999999881e-02
6.360000000000000000e+03 1.224220000000000169e-02
6.355000000000000000e+03 1.231070000000000081e-02
6.350000000000000000e+03 1.202029999999999939e-02
6.345000000000000000e+03 1.188320000000000001e-02
6.340000000000000000e+03 1.189729999999999954e-02
6.335000000000000000e+03 1.196129999999999936e-02
6.330000000000000000e+03 1.232909999999999909e-02
6.325000000000000000e+03 1.253860000000000044e-02
6.320000000000000000e+03 1.285859999999999954e-02
6.315000000000000000e+03 1.322510000000000005e-02
6.310000000000000000e+03 1.356340000000000150e-02
6.305000000000000000e+03 1.380729999999999978e-02
6.300000000000000000e+03 1.399470000000000054e-02
6.295000000000000000e+03 1.439439999999999990e-02
6.290000000000000000e+03 1.481999999999999984e-02
6.285000000000000000e+03 1.507300000000000133e-02
6.280000000000000000e+03 1.531930000000000097e-02
6.275000000000000000e+03 1.533090000000000147e-02
6.270000000000000000e+03 1.523549999999999904e-02
6.265000000000000000e+03 1.528890000000000110e-02
6.260000000000000000e+03 1.495550000000000004e-02
6.255000000000000000e+03 1.469619999999999954e-02
6.250000000000000000e+03 1.468499999999999840e-02
6.245000000000000000e+03 1.392930000000000036e-02
6.240000000000000000e+03 1.345529999999999816e-02
6.235000000000000000e+03 1.292149999999999896e-02
6.230000000000000000e+03 1.204380000000000034e-02
6.225000000000000000e+03 1.157610000000000063e-02
6.220000000000000000e+03 1.093919999999999962e-02
6.215000000000000000e+03 1.031280000000000044e-02
6.210000000000000000e+03 9.713100000000000553e-03
6.205000000000000000e+03 9.051099999999999424e-03
6.200000000000000000e+03 8.800399999999999889e-03
6.195000000000000000e+03 8.588900000000000007e-03
6.190000000000000000e+03 8.360199999999999923e-03
6.185000000000000000e+03 8.330499999999999364e-03
6.180000000000000000e+03 8.372000000000000969e-03
6.175000000000000000e+03 8.746199999999999114e-03
6.170000000000000000e+03 8.821900000000000575e-03
6.165000000000000000e+03 9.683600000000000541e-03
6.160000000000000000e+03 1.013719999999999899e-02
6.155000000000000000e+03 1.061770000000000075e-02
6.150000000000000000e+03 1.146119999999999951e-02
6.145000000000000000e+03 1.207789999999999905e-02
6.140000000000000000e+03 1.291460000000000004e-02
6.135000000000000000e+03 1.348470000000000051e-02
6.130000000000000000e+03 1.401140000000000024e-02
6.125000000000000000e+03 1.475079999999999968e-02
6.120000000000000000e+03 1.482340000000000046e-02
6.115000000000000000e+03 1.536399999999999919e-02
6.110000000000000000e+03 1.550230000000000011e-02
6.105000000000000000e+03 1.555430000000000007e-02
6.100000000000000000e+03 1.524599999999999914e-02
6.095000000000000000e+03 1.498699999999999859e-02
6.090000000000000000e+03 1.444800000000000077e-02
6.085000000000000000e+03 1.391790000000000041e-02
6.080000000000000000e+03 1.314710000000000011e-02
6.075000000000000000e+03 1.250979999999999974e-02
6.070000000000000000e+03 1.168340000000000004e-02
6.065000000000000000e+03 1.095409999999999960e-02
6.060000000000000000e+03 1.012369999999999937e-02
6.055000000000000000e+03 9.459999999999999659e-03
6.050000000000000000e+03 8.898599999999999566e-03
6.045000000000000000e+03 8.343299999999999675e-03
6.040000000000000000e+03 7.873700000000000837e-03
6.035000000000000000e+03 7.575399999999999495e-03
6.030000000000000000e+03 7.484900000000000060e-03
6.025000000000000000e+03 7.447700000000000674e-03
6.020000000000000000e+03 7.686899999999999983e-03
6.015000000000000000e+03 7.982900000000001106e-03
6.010000000000000000e+03 7.994400000000000464e-03
6.005000000000000000e+03 8.602300000000000224e-03
6.000000000000000000e+03 9.002500000000000085e-03
5.995000000000000000e+03 9.427100000000000757e-03
5.990000000000000000e+03 9.623599999999999516e-03
5.985000000000000000e+03 1.021760000000000029e-02
5.980000000000000000e+03 1.044689999999999855e-02
5.975000000000000000e+03 1.074199999999999981e-02
5.970000000000000000e+03 1.066789999999999926e-02
5.965000000000000000e+03 1.070639999999999960e-02
5.960000000000000000e+03 1.052079999999999856e-02
5.955000000000000000e+03 1.026849999999999985e-02
5.950000000000000000e+03 1.003189999999999985e-02
5.945000000000000000e+03 9.651299999999999810e-03
5.940000000000000000e+03 9.528699999999999323e-03
5.935000000000000000e+03 9.216499999999998999e-03
5.930000000000000000e+03 8.996699999999999836e-03
5.925000000000000000e+03 8.788799999999999391e-03
5.920000000000000000e+03 8.750700000000000145e-03
5.915000000000000000e+03 8.833699999999999886e-03
5.910000000000000000e+03 9.213599999999998874e-03
5.905000000000000000e+03 9.711499999999999647e-03
5.900000000000000000e+03 1.038200000000000060e-02
5.895000000000000000e+03 1.116020000000000033e-02
5.890000000000000000e+03 1.203090000000000062e-02
5.885000000000000000e+03 1.317029999999999937e-02
5.880000000000000000e+03 1.428579999999999954e-02
5.875000000000000000e+03 1.551979999999999853e-02
5.870000000000000000e+03 1.658230000000000121e-02
5.865000000000000000e+03 1.753319999999999879e-02
5.860000000000000000e+03 1.827449999999999908e-02
5.855000000000000000e+03 1.897959999999999925e-02
5.850000000000000000e+03 1.943820000000000270e-02
5.845000000000000000e+03 1.966139999999999902e-02
5.840000000000000000e+03 1.966970000000000177e-02
5.835000000000000000e+03 1.930820000000000106e-02
5.830000000000000000e+03 1.848050000000000040e-02
5.825000000000000000e+03 1.773279999999999995e-02
5.820000000000000000e+03 1.661089999999999789e-02
5.815000000000000000e+03 1.543800000000000033e-02
5.810000000000000000e+03 1.404509999999999960e-02
5.805000000000000000e+03 1.275349999999999921e-02
5.800000000000000000e+03 1.146800000000000076e-02
5.795000000000000000e+03 1.031720000000000033e-02
5.790000000000000000e+03 9.534199999999999620e-03
5.785000000000000000e+03 8.855699999999999336e-03
5.780000000000000000e+03 8.628999999999999518e-03
5.775000000000000000e+03 8.593399999999999303e-03
5.770000000000000000e+03 8.998700000000000102e-03
5.765000000000000000e+03 9.775999999999999968e-03
5.760000000000000000e+03 1.064090000000000001e-02
5.755000000000000000e+03 1.182760000000000061e-02
5.750000000000000000e+03 1.308609999999999982e-02
5.745000000000000000e+03 1.452159999999999909e-02
5.740000000000000000e+03 1.601539999999999908e-02
5.735000000000000000e+03 1.717870000000000161e-02
5.730000000000000000e+03 1.841560000000000072e-02
5.725000000000000000e+03 1.898889999999999953e-02
5.720000000000000000e+03 1.942649999999999932e-02
5.715000000000000000e+03 1.969370000000000148e-02
5.710000000000000000e+03 1.959319999999999812e-02
5.705000000000000000e+03 1.893799999999999997e-02
5.700000000000000000e+03 1.813609999999999875e-02
5.695000000000000000e+03 1.702520000000000075e-02
5.690000000000000000e+03 1.582209999999999867e-02
5.685000000000000000e+03 1.489379999999999871e-02
5.680000000000000000e+03 1.378679999999999836e-02
5.675000000000000000e+03 1.316950000000000065e-02
5.670000000000000000e+03 1.321190000000000038e-02
5.665000000000000000e+03 1.378409999999999878e-02
5.660000000000000000e+03 1.492909999999999897e-02
5.655000000000000000e+03 1.682669999999999999e-02
5.650000000000000000e+03 1.969289999999999929e-02
5.645000000000000000e+03 2.315570000000000128e-02
5.640000000000000000e+03 2.765229999999999771e-02
5.635000000000000000e+03 3.195710000000000217e-02
5.630000000000000000e+03 3.701240000000000085e-02
5.625000000000000000e+03 4.176339999999999913e-02
5.620000000000000000e+03 4.617450000000000027e-02
5.615000000000000000e+03 4.984720000000000123e-02
5.610000000000000000e+03 5.289740000000000414e-02
5.605000000000000000e+03 5.441159999999999747e-02
5.600000000000000000e+03 5.494489999999999791e-02
5.595000000000000000e+03 5.433439999999999798e-02
5.590000000000000000e+03 5.301949999999999719e-02
5.585000000000000000e+03 5.121330000000000326e-02
5.580000000000000000e+03 5.029779999999999668e-02
5.575000000000000000e+03 5.147770000000000123e-02
5.570000000000000000e+03 5.604770000000000585e-02
5.565000000000000000e+03 6.490669999999999773e-02
5.560000000000000000e+03 7.982059999999999156e-02
5.555000000000000000e+03 1.003054000000000029e-01
5.550000000000000000e+03 1.272765000000000146e-01
5.545000000000000000e+03 1.579829000000000094e-01
5.540000000000000000e+03 1.928961999999999899e-01
5.535000000000000000e+03 2.290070000000000161e-01
5.530000000000000000e+03 2.657560999999999951e-01
5.525000000000000000e+03 2.986919000000000102e-01
5.520000000000000000e+03 3.304285999999999612e-01
5.515000000000000000e+03 3.575586000000000042e-01
5.510000000000000000e+03 3.806472999999999662e-01
5.505000000000000000e+03 3.992184000000000288e-01
5.500000000000000000e+03 4.156605999999999912e-01
5.495000000000000000e+03 4.264661000000000146e-01
5.490000000000000000e+03 4.357766000000000139e-01
5.485000000000000000e+03 4.432789999999999786e-01
5.480000000000000000e+03 4.504460000000000131e-01
5.475000000000000000e+03 4.570116000000000178e-01
5.470000000000000000e+03 4.677084000000000241e-01
5.465000000000000000e+03 4.807023000000000268e-01
5.460000000000000000e+03 5.010506999999999600e-01
5.455000000000000000e+03 5.269627000000000061e-01
5.450000000000000000e+03 5.601623000000000019e-01
5.445000000000000000e+03 5.981085999999999903e-01
5.440000000000000000e+03 6.410078000000000165e-01
5.435000000000000000e+03 6.854921000000000486e-01
5.430000000000000000e+03 7.309888999999999415e-01
5.425000000000000000e+03 7.712518000000000429e-01
5.420000000000000000e+03 8.099939999999999918e-01
5.415000000000000000e+03 8.424715999999999871e-01
5.410000000000000000e+03 8.700930999999999527e-01
5.405000000000000000e+03 8.927924000000000415e-01
5.400000000000000000e+03 9.116319000000000505e-01
5.395000000000000000e+03 9.257665000000000477e-01
5.390000000000000000e+03 9.375745000000000884e-01
5.385000000000000000e+03 9.456282000000000298e-01
5.380000000000000000e+03 9.527039999999999953e-01
5.375000000000000000e+03 9.591342000000000478e-01
5.370000000000000000e+03 9.631534000000000484e-01
5.365000000000000000e+03 9.674133000000000315e-01
5.360000000000000000e+03 9.704949000000000492e-01
5.355000000000000000e+03 9.727003000000000732e-01
5.350000000000000000e+03 9.745120999999999922e-01
5.345000000000000000e+03 9.760084999999999456e-01
5.340000000000000000e+03 9.772136999999999629e-01
5.335000000000000000e+03 9.772172000000000081e-01
5.330000000000000000e+03 9.767989000000000255e-01
5.325000000000000000e+03 9.773215000000000652e-01
5.320000000000000000e+03 9.763157000000000085e-01
5.315000000000000000e+03 9.766818000000000444e-01
5.310000000000000000e+03 9.759597999999999329e-01
5.305000000000000000e+03 9.753373999999999100e-01
5.300000000000000000e+03 9.743210000000001036e-01
5.295000000000000000e+03 9.740296999999999983e-01
5.290000000000000000e+03 9.743622999999999035e-01
5.285000000000000000e+03 9.729411000000000032e-01
5.280000000000000000e+03 9.748564000000000673e-01
5.275000000000000000e+03 9.756422000000000150e-01
5.270000000000000000e+03 9.774901999999999758e-01
5.265000000000000000e+03 9.802688999999999986e-01
5.260000000000000000e+03 9.822292000000000245e-01
5.255000000000000000e+03 9.847784000000000537e-01
5.250000000000000000e+03 9.857574000000000058e-01
5.245000000000000000e+03 9.868441000000000018e-01
5.240000000000000000e+03 9.895633999999999819e-01
5.235000000000000000e+03 9.902639999999999221e-01
5.230000000000000000e+03 9.915103999999999029e-01
5.225000000000000000e+03 9.915312000000000570e-01
5.220000000000000000e+03 9.925346000000000446e-01
5.215000000000000000e+03 9.928662999999999794e-01
5.210000000000000000e+03 9.930262000000000810e-01
5.205000000000000000e+03 9.933719999999999217e-01
5.200000000000000000e+03 9.938464000000000187e-01
5.195000000000000000e+03 9.937430999999999903e-01
5.190000000000000000e+03 9.940113999999999894e-01
5.185000000000000000e+03 9.947074000000000193e-01
5.180000000000000000e+03 9.945332000000000061e-01
5.175000000000000000e+03 9.944878999999999802e-01
5.170000000000000000e+03 9.953174000000000188e-01
5.165000000000000000e+03 9.948798999999999282e-01
5.160000000000000000e+03 9.953584999999999239e-01
5.155000000000000000e+03 9.951129000000000779e-01
5.150000000000000000e+03 9.950033999999999823e-01
5.145000000000000000e+03 9.946937999999999613e-01
5.140000000000000000e+03 9.952353999999999923e-01
5.135000000000000000e+03 9.946214000000000999e-01
5.130000000000000000e+03 9.940379000000000298e-01
5.125000000000000000e+03 9.940508000000000122e-01
5.120000000000000000e+03 9.946204000000000711e-01
5.115000000000000000e+03 9.943767999999999496e-01
5.110000000000000000e+03 9.944435000000000358e-01
5.105000000000000000e+03 9.941147999999999652e-01
5.100000000000000000e+03 9.943400000000000016e-01
5.095000000000000000e+03 9.938555000000000028e-01
5.090000000000000000e+03 9.940622999999999543e-01
5.085000000000000000e+03 9.941238000000000019e-01
5.080000000000000000e+03 9.948972000000000371e-01
5.075000000000000000e+03 9.943278999999999312e-01
5.070000000000000000e+03 9.940244000000000302e-01
5.065000000000000000e+03 9.944118000000000679e-01
5.060000000000000000e+03 9.941976999999999620e-01
5.055000000000000000e+03 9.939346999999999488e-01
5.050000000000000000e+03 9.947516000000000691e-01
5.045000000000000000e+03 9.956190999999999791e-01
5.040000000000000000e+03 9.951829999999999288e-01
5.035000000000000000e+03 9.942277999999999949e-01
5.030000000000000000e+03 9.954027999999999210e-01
5.025000000000000000e+03 9.949353000000000780e-01
5.020000000000000000e+03 9.949532000000000931e-01
5.015000000000000000e+03 9.948914000000000923e-01
5.010000000000000000e+03 9.955878000000000227e-01
5.005000000000000000e+03 9.943186000000000524e-01
5.000000000000000000e+03 9.948550000000000448e-01
4.995000000000000000e+03 9.943108999999999975e-01
4.990000000000000000e+03 9.956879000000000701e-01
4.985000000000000000e+03 9.957392999999999939e-01
4.980000000000000000e+03 9.944058000000000064e-01
4.975000000000000000e+03 9.957447000000000381e-01
4.970000000000000000e+03 9.950584000000000096e-01
4.965000000000000000e+03 9.946943000000000312e-01
4.960000000000000000e+03 9.952682000000000473e-01
4.955000000000000000e+03 9.937032000000001197e-01
4.950000000000000000e+03 9.941898999999999598e-01
4.945000000000000000e+03 9.941797999999999469e-01
4.940000000000000000e+03 9.934787999999999952e-01
4.935000000000000000e+03 9.934423999999999477e-01
4.930000000000000000e+03 9.920313000000000603e-01
4.925000000000000000e+03 9.918369000000000213e-01
4.920000000000000000e+03 9.905783999999999700e-01
4.915000000000000000e+03 9.892507999999999857e-01
4.910000000000000000e+03 9.870220000000000660e-01
4.905000000000000000e+03 9.862925000000000164e-01
4.900000000000000000e+03 9.864162000000000763e-01
4.895000000000000000e+03 9.870409999999999462e-01
4.890000000000000000e+03 9.876023000000000440e-01
4.885000000000000000e+03 9.884895000000000209e-01
4.880000000000000000e+03 9.893801000000000956e-01
4.875000000000000000e+03 9.911732000000000875e-01
4.870000000000000000e+03 9.915085999999999622e-01
4.865000000000000000e+03 9.924431000000000225e-01
4.860000000000000000e+03 9.923669999999999991e-01
4.855000000000000000e+03 9.929611000000000409e-01
4.850000000000000000e+03 9.929439999999999378e-01
4.845000000000000000e+03 9.926804000000000183e-01
4.840000000000000000e+03 9.929828999999998906e-01
4.835000000000000000e+03 9.925125000000000197e-01
4.830000000000000000e+03 9.927548000000000483e-01
4.825000000000000000e+03 9.928770000000000095e-01
4.820000000000000000e+03 9.925472999999999102e-01
4.815000000000000000e+03 9.916174999999999295e-01
4.810000000000000000e+03 9.904595000000000482e-01
4.805000000000000000e+03 9.899976999999999805e-01
4.800000000000000000e+03 9.886417000000000677e-01
4.795000000000000000e+03 9.864880999999999789e-01
4.790000000000000000e+03 9.831848999999999172e-01
4.785000000000000000e+03 9.785899000000000125e-01
4.780000000000000000e+03 9.721560999999999675e-01
4.775000000000000000e+03 9.659032999999999092e-01
4.770000000000000000e+03 9.588635999999999271e-01
4.765000000000000000e+03 9.501152000000000486e-01
4.760000000000000000e+03 9.438268999999999131e-01
4.755000000000000000e+03 9.389610000000000456e-01
4.750000000000000000e+03 9.371984999999999344e-01
4.745000000000000000e+03 9.388209000000000692e-01
4.740000000000000000e+03 9.429832000000000214e-01
4.735000000000000000e+03 9.481534999999999824e-01
4.730000000000000000e+03 9.550237999999999783e-01
4.725000000000000000e+03 9.629362999999999673e-01
4.720000000000000000e+03 9.691750999999999561e-01
4.715000000000000000e+03 9.750629000000000657e-01
4.710000000000000000e+03 9.797736000000000223e-01
4.705000000000000000e+03 9.839333999999999580e-01
4.700000000000000000e+03 9.866459999999999120e-01
4.695000000000000000e+03 9.887784000000000573e-01
4.690000000000000000e+03 9.892647999999999442e-01
4.685000000000000000e+03 9.908922000000000008e-01
4.680000000000000000e+03 9.903482999999999592e-01
4.675000000000000000e+03 9.913854000000000832e-01
4.670000000000000000e+03 9.924494999999999845e-01
4.665000000000000000e+03 9.923479000000000605e-01
4.660000000000000000e+03 9.924084000000000794e-01
4.655000000000000000e+03 9.932699999999999863e-01
4.650000000000000000e+03 9.927827000000000179e-01
4.645000000000000000e+03 9.921210999999999780e-01
4.640000000000000000e+03 9.928874000000000866e-01
4.635000000000000000e+03 9.923515999999998893e-01
4.630000000000000000e+03 9.922400000000000109e-01
4.625000000000000000e+03 9.918098999999999110e-01
4.620000000000000000e+03 9.921952000000000549e-01
4.615000000000000000e+03 9.917854999999999865e-01
4.610000000000000000e+03 9.905696000000000501e-01
4.605000000000000000e+03 9.915084000000000675e-01
4.600000000000000000e+03 9.910017000000000964e-01
4.595000000000000000e+03 9.906516000000000766e-01
4.590000000000000000e+03 9.913302999999999976e-01
4.585000000000000000e+03 9.918313000000000823e-01
4.580000000000000000e+03 9.905674000000000978e-01
4.575000000000000000e+03 9.907796999999999299e-01
4.570000000000000000e+03 9.910769999999999857e-01
4.565000000000000000e+03 9.913617999999999597e-01
4.560000000000000000e+03 9.908078999999999636e-01
4.555000000000000000e+03 9.909389000000000669e-01
4.550000000000000000e+03 9.913913999999999227e-01
4.545000000000000000e+03 9.919533000000000378e-01
4.540000000000000000e+03 9.924111999999999378e-01
4.535000000000000000e+03 9.926753999999999856e-01
4.530000000000000000e+03 9.931354000000000015e-01
4.525000000000000000e+03 9.934184000000000347e-01
4.520000000000000000e+03 9.926913000000000542e-01
4.515000000000000000e+03 9.921774000000000981e-01
4.510000000000000000e+03 9.930018999999999929e-01
4.505000000000000000e+03 9.919714000000000587e-01
4.500000000000000000e+03 9.912377999999999467e-01
4.495000000000000000e+03 9.908086000000000393e-01
4.490000000000000000e+03 9.915036000000000405e-01
4.485000000000000000e+03 9.909517999999999383e-01
4.480000000000000000e+03 9.908875000000000322e-01
4.475000000000000000e+03 9.894849000000001116e-01
4.470000000000000000e+03 9.901089000000000695e-01
4.465000000000000000e+03 9.889209999999999390e-01
4.460000000000000000e+03 9.879255000000000120e-01
4.455000000000000000e+03 9.873887999999999554e-01
4.450000000000000000e+03 9.878386999999999585e-01
4.445000000000000000e+03 9.875644999999999563e-01
4.440000000000000000e+03 9.874922999999999895e-01
4.435000000000000000e+03 9.881423999999999763e-01
4.430000000000000000e+03 9.880074000000000911e-01
4.425000000000000000e+03 9.887827000000000144e-01
4.420000000000000000e+03 9.882668000000000008e-01
4.415000000000000000e+03 9.890476999999999741e-01
4.410000000000000000e+03 9.904045999999999683e-01
4.405000000000000000e+03 9.911736000000000990e-01
4.400000000000000000e+03 9.907769999999999078e-01
4.395000000000000000e+03 9.908234000000000208e-01
4.390000000000000000e+03 9.911619000000000401e-01
4.385000000000000000e+03 9.916931999999999414e-01
4.380000000000000000e+03 9.907662000000000413e-01
4.375000000000000000e+03 9.916376000000000079e-01
4.370000000000000000e+03 9.919651000000000440e-01
4.365000000000000000e+03 9.920052999999999788e-01
4.360000000000000000e+03 9.909584999999999644e-01
4.355000000000000000e+03 9.913190000000000612e-01
4.350000000000000000e+03 9.921870999999999885e-01
4.345000000000000000e+03 9.910393999999999037e-01
4.340000000000000000e+03 9.916220000000000034e-01
4.335000000000000000e+03 9.919437000000000948e-01
4.330000000000000000e+03 9.913693999999999562e-01
4.325000000000000000e+03 9.915917000000000758e-01
4.320000000000000000e+03 9.903893999999999753e-01
4.315000000000000000e+03 9.893098999999999643e-01
4.310000000000000000e+03 9.900825000000000875e-01
4.305000000000000000e+03 9.909329000000000054e-01
4.300000000000000000e+03 9.899907000000000012e-01
4.295000000000000000e+03 9.901237000000000510e-01
4.290000000000000000e+03 9.903214000000000183e-01
4.285000000000000000e+03 9.903780000000000916e-01
4.280000000000000000e+03 9.904709999999999903e-01
4.275000000000000000e+03 9.905571999999999155e-01
4.270000000000000000e+03 9.901076999999999240e-01
4.265000000000000000e+03 9.908112000000000030e-01
4.260000000000000000e+03 9.907409000000000354e-01
4.255000000000000000e+03 9.911372000000000515e-01
4.250000000000000000e+03 9.907039000000000817e-01
4.245000000000000000e+03 9.906293999999999933e-01
4.240000000000000000e+03 9.910472000000000170e-01
4.235000000000000000e+03 9.907169000000000114e-01
4.230000000000000000e+03 9.913421999999999512e-01
4.225000000000000000e+03 9.917167000000000066e-01
4.220000000000000000e+03 9.912575999999999610e-01
4.215000000000000000e+03 9.910077999999999943e-01
4.210000000000000000e+03 9.914234000000000657e-01
4.205000000000000000e+03 9.916167000000000176e-01
4.200000000000000000e+03 9.933590999999999394e-01
4.195000000000000000e+03 9.922581999999999791e-01
4.190000000000000000e+03 9.919381999999999922e-01
4.185000000000000000e+03 9.912113999999999647e-01
4.180000000000000000e+03 9.929434000000000315e-01
4.175000000000000000e+03 9.936105000000000631e-01
4.170000000000000000e+03 9.930213999999999430e-01
4.165000000000000000e+03 9.934600000000000097e-01
4.160000000000000000e+03 9.932473000000000551e-01
4.155000000000000000e+03 9.937538000000000205e-01
4.150000000000000000e+03 9.925301000000000817e-01
4.145000000000000000e+03 9.945727999999999236e-01
4.140000000000000000e+03 9.931364000000000303e-01
4.135000000000000000e+03 9.949124000000000301e-01
4.130000000000000000e+03 9.931865999999999195e-01
4.125000000000000000e+03 9.933054000000000050e-01
4.120000000000000000e+03 9.920843999999999774e-01
4.115000000000000000e+03 9.931611999999999663e-01
4.110000000000000000e+03 9.938889000000000751e-01
4.105000000000000000e+03 9.938164000000000442e-01
4.100000000000000000e+03 9.923486000000000251e-01
4.095000000000000000e+03 9.906914999999999472e-01
4.090000000000000000e+03 9.923050999999999400e-01
4.085000000000000000e+03 9.908833000000000224e-01
4.080000000000000000e+03 9.920131999999999284e-01
4.075000000000000000e+03 9.919682000000000777e-01
4.070000000000000000e+03 9.915015999999999829e-01
4.065000000000000000e+03 9.912900000000000045e-01
4.060000000000000000e+03 9.908857999999999278e-01
4.055000000000000000e+03 9.916705000000000103e-01
4.050000000000000000e+03 9.911990000000000522e-01
4.045000000000000000e+03 9.918554000000000537e-01
4.040000000000000000e+03 9.905567000000000677e-01
4.035000000000000000e+03 9.919276999999999678e-01
4.030000000000000000e+03 9.910099999999999465e-01
4.025000000000000000e+03 9.902509000000000450e-01
4.020000000000000000e+03 9.900297999999999599e-01
4.015000000000000000e+03 9.901479000000000807e-01
4.010000000000000000e+03 9.921491000000000060e-01
4.005000000000000000e+03 9.900238000000000094e-01
4.000000000000000000e+03 9.898887999999999021e-01
3.995000000000000000e+03 9.902672000000000141e-01
3.990000000000000000e+03 9.911811000000000371e-01
3.985000000000000000e+03 9.910850999999999411e-01
3.980000000000000000e+03 9.932738000000000955e-01
3.975000000000000000e+03 9.917207000000000106e-01
3.970000000000000000e+03 9.921652000000000804e-01
3.965000000000000000e+03 9.925939999999999763e-01
3.960000000000000000e+03 9.913178999999999741e-01
3.955000000000000000e+03 9.920128999999999753e-01
3.950000000000000000e+03 9.927428000000000363e-01
3.945000000000000000e+03 9.937150999999999623e-01
3.940000000000000000e+03 9.938023000000000273e-01
3.935000000000000000e+03 9.922481999999999136e-01
3.930000000000000000e+03 9.930083000000000659e-01
3.925000000000000000e+03 9.931902999999999704e-01
3.920000000000000000e+03 9.927009999999999446e-01
3.915000000000000000e+03 9.935595999999999872e-01
3.910000000000000000e+03 9.918961000000000583e-01
3.905000000000000000e+03 9.934446000000000110e-01
3.900000000000000000e+03 9.930064000000000668e-01
3.895000000000000000e+03 9.926593000000000222e-01
3.890000000000000000e+03 9.936629000000000156e-01
3.885000000000000000e+03 9.946944000000000896e-01
3.880000000000000000e+03 9.936831999999999887e-01
3.875000000000000000e+03 9.925503999999999438e-01
3.870000000000000000e+03 9.934766000000000430e-01
3.865000000000000000e+03 9.922029000000001098e-01
3.860000000000000000e+03 9.917236999999999858e-01
3.855000000000000000e+03 9.924464999999998982e-01
3.850000000000000000e+03 9.918848000000000109e-01
3.845000000000000000e+03 9.907196999999999809e-01
3.840000000000000000e+03 9.905650000000000288e-01
3.835000000000000000e+03 9.911759999999999460e-01
3.830000000000000000e+03 9.918462999999999585e-01
3.825000000000000000e+03 9.912758999999999876e-01
3.820000000000000000e+03 9.914760000000000240e-01
3.815000000000000000e+03 9.920978999999999770e-01
3.810000000000000000e+03 9.904189999999999383e-01
3.805000000000000000e+03 9.908194000000000168e-01
3.800000000000000000e+03 9.903872999999999704e-01
3.795000000000000000e+03 9.902478999999999587e-01
3.790000000000000000e+03 9.904741999999999713e-01
3.785000000000000000e+03 9.897929999999999229e-01
3.780000000000000000e+03 9.891302000000000705e-01
3.775000000000000000e+03 9.916436000000000694e-01
3.770000000000000000e+03 9.901700999999999420e-01
3.765000000000000000e+03 9.905952000000000091e-01
3.760000000000000000e+03 9.909820000000000295e-01
3.755000000000000000e+03 9.916724999999999568e-01
3.750000000000000000e+03 9.908215000000000217e-01
3.745000000000000000e+03 9.929335000000000244e-01
3.740000000000000000e+03 9.928180999999999257e-01
3.735000000000000000e+03 9.926378000000000146e-01
3.730000000000000000e+03 9.935107999999999162e-01
3.725000000000000000e+03 9.928798999999999264e-01
3.720000000000000000e+03 9.931953000000000031e-01
3.715000000000000000e+03 9.932684000000000513e-01
3.710000000000000000e+03 9.937305999999999084e-01
3.705000000000000000e+03 9.935857000000000161e-01
3.700000000000000000e+03 9.939516999999998825e-01
3.695000000000000000e+03 9.948936000000000446e-01
3.690000000000000000e+03 9.935739999999999572e-01
3.685000000000000000e+03 9.952634000000000203e-01
3.680000000000000000e+03 9.943725999999999399e-01
3.675000000000000000e+03 9.944104000000000276e-01
3.670000000000000000e+03 9.972275999999999918e-01
3.665000000000000000e+03 9.938334999999999253e-01
3.660000000000000000e+03 9.954698000000000713e-01
3.655000000000000000e+03 9.946805999999999148e-01
3.650000000000000000e+03 9.943470999999999282e-01
3.645000000000000000e+03 9.935854000000000630e-01
3.640000000000000000e+03 9.944003999999999621e-01
3.635000000000000000e+03 9.937939000000000078e-01
3.630000000000000000e+03 9.942148000000000652e-01
3.625000000000000000e+03 9.925121000000000082e-01
3.620000000000000000e+03 9.948860000000000481e-01
3.615000000000000000e+03 9.933182999999999874e-01
3.610000000000000000e+03 9.907371999999999845e-01
3.605000000000000000e+03 9.914933000000000218e-01
3.600000000000000000e+03 9.919844999999999358e-01
3.595000000000000000e+03 9.914816999999999103e-01
3.590000000000000000e+03 9.894857000000000236e-01
3.585000000000000000e+03 9.935451999999999062e-01
3.580000000000000000e+03 9.911993999999999527e-01
3.575000000000000000e+03 9.941811000000000398e-01
3.570000000000000000e+03 9.905905000000000404e-01
3.565000000000000000e+03 9.910531000000000201e-01
3.560000000000000000e+03 9.920856000000000119e-01
3.555000000000000000e+03 9.903984000000000121e-01
3.550000000000000000e+03 9.947678000000000909e-01
3.545000000000000000e+03 9.936454000000000120e-01
3.540000000000000000e+03 9.908824999999999994e-01
3.535000000000000000e+03 9.913075000000000081e-01
3.530000000000000000e+03 9.945972000000000701e-01
3.525000000000000000e+03 9.930903000000000924e-01
3.520000000000000000e+03 9.918150000000000022e-01
3.515000000000000000e+03 9.932123000000000479e-01
3.510000000000000000e+03 9.918430999999999775e-01
3.505000000000000000e+03 9.937977999999999534e-01
3.500000000000000000e+03 9.956285999999999747e-01
3.495000000000000000e+03 9.929713000000000012e-01
3.490000000000000000e+03 9.944889999999999564e-01
3.485000000000000000e+03 9.938947000000000198e-01
3.480000000000000000e+03 9.951178000000000523e-01
3.475000000000000000e+03 9.952836999999999934e-01
3.470000000000000000e+03 9.914843000000000961e-01
3.465000000000000000e+03 9.958168999999998938e-01
3.460000000000000000e+03 9.947337000000000540e-01
3.455000000000000000e+03 9.930601000000000012e-01
3.450000000000000000e+03 9.923302999999999985e-01
3.445000000000000000e+03 9.945744999999999170e-01
3.440000000000000000e+03 9.941562999999998818e-01
3.435000000000000000e+03 9.943632000000000026e-01
3.430000000000000000e+03 9.948365999999999598e-01
3.425000000000000000e+03 9.930942000000000380e-01
3.420000000000000000e+03 9.957926000000000277e-01
3.415000000000000000e+03 9.945941999999999839e-01
3.410000000000000000e+03 9.947383000000000752e-01
3.405000000000000000e+03 9.967671000000000170e-01
3.400000000000000000e+03 9.905948999999999449e-01
3.395000000000000000e+03 9.870399000000000811e-01
3.390000000000000000e+03 9.911200000000000010e-01
3.385000000000000000e+03 9.944193000000000060e-01
3.380000000000000000e+03 9.945480000000000986e-01
3.375000000000000000e+03 9.891688999999999066e-01
3.370000000000000000e+03 9.946141000000000565e-01
3.365000000000000000e+03 9.865252999999999384e-01
3.360000000000000000e+03 1.001573900000000128e+00
3.355000000000000000e+03 9.999339999999999895e-01
3.350000000000000000e+03 9.978323000000000054e-01
3.345000000000000000e+03 9.972672000000000203e-01
3.340000000000000000e+03 9.957465999999999262e-01
3.335000000000000000e+03 9.864555000000000407e-01
3.330000000000000000e+03 9.917409999999999837e-01
3.325000000000000000e+03 9.939418999999999338e-01
3.320000000000000000e+03 9.944659000000000137e-01
3.315000000000000000e+03 9.891216000000000452e-01
3.310000000000000000e+03 9.887652000000000108e-01
3.305000000000000000e+03 1.000094999999999956e+00
3.300000000000000000e+03 9.932225999999999555e-01
3.295000000000000000e+03 9.938641999999999754e-01
3.290000000000000000e+03 9.941269999999999829e-01
3.285000000000000000e+03 9.941098999999999908e-01
3.280000000000000000e+03 9.903849000000000125e-01
3.275000000000000000e+03 9.934463000000000044e-01
3.270000000000000000e+03 9.919219999999999704e-01
3.265000000000000000e+03 9.952102999999999922e-01
3.260000000000000000e+03 9.894853000000000121e-01
3.255000000000000000e+03 9.917628999999998918e-01
3.250000000000000000e+03 9.986736000000000502e-01
3.245000000000000000e+03 9.972801000000000027e-01
3.240000000000000000e+03 9.965285999999999866e-01
3.235000000000000000e+03 9.928398999999999974e-01
3.230000000000000000e+03 1.001409100000000052e+00
3.225000000000000000e+03 9.897357999999999434e-01
3.220000000000000000e+03 1.000091500000000133e+00
3.215000000000000000e+03 1.002273200000000086e+00
3.210000000000000000e+03 9.863702000000000858e-01
3.205000000000000000e+03 9.925467999999999513e-01
3.200000000000000000e+03 1.004238500000000034e+00
3.195000000000000000e+03 9.930946999999999969e-01
3.190000000000000000e+03 9.968448999999999227e-01
3.185000000000000000e+03 9.929178000000000726e-01
3.180000000000000000e+03 9.952870000000000328e-01
3.175000000000000000e+03 9.914325999999999972e-01
3.170000000000000000e+03 9.893699999999999717e-01
3.165000000000000000e+03 9.926685000000000647e-01
3.160000000000000000e+03 9.958436000000000510e-01
3.155000000000000000e+03 9.920782999999999685e-01
3.150000000000000000e+03 9.816473000000001115e-01
3.145000000000000000e+03 9.854631000000000363e-01
3.140000000000000000e+03 9.830868999999999858e-01
3.135000000000000000e+03 9.845725000000000726e-01
3.130000000000000000e+03 9.851608000000000587e-01
3.125000000000000000e+03 9.906338999999999562e-01
3.120000000000000000e+03 9.828858999999999790e-01
3.115000000000000000e+03 9.936973000000000056e-01
3.110000000000000000e+03 9.880240999999999607e-01
3.105000000000000000e+03 9.945334999999999592e-01
3.100000000000000000e+03 9.900824000000000291e-01
3.095000000000000000e+03 9.878351000000000770e-01
3.090000000000000000e+03 9.928471999999999298e-01
3.085000000000000000e+03 9.881279000000000590e-01
3.080000000000000000e+03 9.856823000000000112e-01
3.075000000000000000e+03 9.857221999999999928e-01
3.070000000000000000e+03 9.866021999999999847e-01
3.065000000000000000e+03 9.880450999999998984e-01
3.060000000000000000e+03 9.812655999999999601e-01
3.055000000000000000e+03 9.828507999999999134e-01
3.050000000000000000e+03 9.799589000000000771e-01
3.045000000000000000e+03 9.839369000000001142e-01
3.040000000000000000e+03 9.786612999999999563e-01
3.035000000000000000e+03 9.671863999999998907e-01
3.030000000000000000e+03 9.827612000000001125e-01
3.025000000000000000e+03 9.617901999999999285e-01
3.020000000000000000e+03 9.676481999999999584e-01
3.015000000000000000e+03 9.590516999999999515e-01
3.010000000000000000e+03 9.592718999999999552e-01
3.005000000000000000e+03 9.498159999999999936e-01
3.000000000000000000e+03 9.478754000000000346e-01
