2.500000000000000000e+03 7.722873356764146761e-03
2.600000000000000000e+03 9.735057001954143530e-03
2.700000000000000000e+03 1.365456019324192381e-02
2.800000000000000000e+03 2.716404065288192948e-02
2.900000000000000000e+03 5.665239526136645054e-02
3.000000000000000000e+03 9.714421158268665701e-02
3.100000000000000000e+03 1.394637787714329280e-01
3.200000000000000000e+03 1.794440803037870291e-01
3.300000000000000000e+03 2.293552089278822204e-01
3.400000000000000000e+03 2.945676555488910275e-01
3.500000000000000000e+03 3.921195679093019137e-01
3.600000000000000000e+03 4.673844006452647082e-01
3.700000000000000000e+03 5.714737484469446516e-01
3.800000000000000000e+03 6.990454943277926159e-01
3.900000000000000000e+03 7.899321849244917981e-01
4.000000000000000000e+03 8.455073500043869261e-01
4.100000000000000000e+03 8.871466768226051736e-01
4.200000000000000000e+03 9.025356888175499748e-01
4.300000000000000000e+03 9.102041869629139414e-01
4.400000000000000000e+03 9.105193252927711312e-01
4.500000000000000000e+03 9.057335625368734267e-01
4.600000000000000000e+03 8.989327725687712434e-01
4.700000000000000000e+03 8.918079149889284185e-01
4.800000000000000000e+03 8.863774278890269587e-01
4.900000000000000000e+03 8.822500095883598625e-01
5.000000000000000000e+03 8.766047631929165806e-01
5.100000000000000000e+03 8.695458174606408575e-01
5.200000000000000000e+03 8.676512290643962899e-01
5.300000000000000000e+03 8.642055963464667645e-01
5.400000000000000000e+03 8.669208190037936967e-01
5.500000000000000000e+03 8.648644574283790298e-01
5.600000000000000000e+03 8.661449835121963758e-01
5.700000000000000000e+03 8.653063859472642783e-01
5.800000000000000000e+03 8.675362383213537365e-01
5.900000000000000000e+03 8.672342737151692571e-01
6.000000000000000000e+03 8.694435688717291333e-01
6.100000000000000000e+03 8.689816260328516728e-01
6.200000000000000000e+03 8.705473466425789342e-01
6.300000000000000000e+03 8.706267359741058920e-01
6.400000000000000000e+03 8.696774207247320865e-01
6.500000000000000000e+03 8.671297152979414724e-01
6.600000000000000000e+03 8.639976905656450157e-01
6.700000000000000000e+03 8.594067598873789127e-01
6.800000000000000000e+03 8.536445722086632992e-01
6.900000000000000000e+03 8.464552455929525987e-01
7.000000000000000000e+03 8.376611663058967094e-01
7.100000000000000000e+03 8.271208369613253231e-01
7.200000000000000000e+03 8.146412730939002200e-01
7.300000000000000000e+03 8.001801327889331850e-01
7.400000000000000000e+03 7.836127248709642279e-01
7.500000000000000000e+03 7.648898603600614576e-01
7.600000000000000000e+03 7.439424604278463971e-01
7.700000000000000000e+03 7.208415365378469941e-01
7.800000000000000000e+03 6.956529434066269779e-01
7.900000000000000000e+03 6.684769320448532559e-01
8.000000000000000000e+03 6.394995470487977451e-01
8.100000000000000000e+03 6.088184694746009429e-01
8.200000000000000000e+03 5.766905221408700211e-01
8.300000000000000000e+03 5.431251339512399579e-01
8.400000000000000000e+03 5.089446870309627391e-01
8.500000000000000000e+03 4.741183095902642974e-01
8.600000000000000000e+03 4.389419318717266982e-01
8.700000000000000000e+03 4.037182419341054929e-01
8.800000000000000000e+03 3.687327243580321157e-01
8.900000000000000000e+03 3.342757385991319552e-01
9.000000000000000000e+03 3.006215277176926270e-01
9.100000000000000000e+03 2.680175217017101152e-01
9.200000000000000000e+03 2.366993556986067004e-01
9.300000000000000000e+03 2.068760075339652615e-01
9.400000000000000000e+03 1.787314978554623845e-01
9.500000000000000000e+03 1.524240325189993861e-01
9.600000000000000000e+03 1.280836362029664499e-01
9.700000000000000000e+03 1.058196884939297117e-01
9.800000000000000000e+03 8.571446387854371463e-02
9.900000000000000000e+03 6.782446046100577830e-02
1.000000000000000000e+04 5.218696513166536793e-02
1.010000000000000000e+04 3.881889128876891276e-02
1.020000000000000000e+04 2.771916799172910451e-02
1.030000000000000000e+04 1.887069422406464914e-02
1.040000000000000000e+04 1.218498128418800744e-02
