2.000000000000000000e+03 0.000000000000000000e+00
2.030100334448160538e+03 0.000000000000000000e+00
2.060200668896321076e+03 7.703719777548943412e-34
2.090301003344481614e+03 0.000000000000000000e+00
2.120401337792642153e+03 0.000000000000000000e+00
2.150501672240802691e+03 0.000000000000000000e+00
2.180602006688963229e+03 0.000000000000000000e+00
2.210702341137123767e+03 1.972152263052529514e-31
2.240802675585284305e+03 0.000000000000000000e+00
2.270903010033444843e+03 0.000000000000000000e+00
2.301003344481605382e+03 1.262177448353618889e-29
2.331103678929765920e+03 0.000000000000000000e+00
2.361204013377926458e+03 0.000000000000000000e+00
2.391304347826086996e+03 0.000000000000000000e+00
2.421404682274247534e+03 0.000000000000000000e+00
2.451505016722408072e+03 0.000000000000000000e+00
2.481605351170568611e+03 0.000000000000000000e+00
2.511705685618729149e+03 1.033975765691284594e-25
2.541806020066889687e+03 0.000000000000000000e+00
2.571906354515050680e+03 1.654361225106055350e-24
2.602006688963210763e+03 0.000000000000000000e+00
2.632107023411371301e+03 0.000000000000000000e+00
2.662207357859531839e+03 0.000000000000000000e+00
2.692307692307692832e+03 0.000000000000000000e+00
2.722408026755852916e+03 2.839137512516920844e-05
2.752508361204013454e+03 1.431161393894163944e-04
2.782608695652173992e+03 3.725325836511977559e-04
2.812709030100334530e+03 7.490063636538052882e-04
2.842809364548495523e+03 1.309628411766824161e-03
2.872909698996655607e+03 2.096525631620606636e-03
2.903010033444816145e+03 3.157154867077970745e-03
2.933110367892977138e+03 4.544573824410898591e-03
2.963210702341137676e+03 6.317681846911914201e-03
2.993311036789297759e+03 8.541422599996701531e-03
3.023411371237458297e+03 1.129357095832222470e-02
3.053511705685618836e+03 1.471991360219995250e-02
3.083612040133779828e+03 1.899582450739448897e-02
3.113712374581939912e+03 2.428494200941515302e-02
3.143812709030100450e+03 3.080203644056339965e-02
3.173913043478261443e+03 3.869337240834387626e-02
3.204013377926421981e+03 4.760816416510510463e-02
3.234113712374582065e+03 5.906380152648534748e-02
3.264214046822742603e+03 7.291472058929883426e-02
3.294314381270903141e+03 8.909483207912366476e-02
3.324414715719064134e+03 1.082410698759297407e-01
3.354515050167224217e+03 1.305329189670077217e-01
3.384615384615384755e+03 1.564085804809050850e-01
3.414715719063545748e+03 1.857992404225772276e-01
3.444816053511705832e+03 2.190333091886149941e-01
3.474916387959866370e+03 2.559661782360327376e-01
3.505016722408026908e+03 2.935009890069812388e-01
3.535117056856187446e+03 3.152146905640738628e-01
3.565217391304348439e+03 3.367639102459845657e-01
3.595317725752508522e+03 3.581337816670530083e-01
3.625418060200669061e+03 3.792419987419237692e-01
3.655518394648830053e+03 4.000394514884513808e-01
3.685618729096990137e+03 4.203785498062527215e-01
3.715719063545151130e+03 4.403670685099595472e-01
3.745819397993311213e+03 4.601787130458145914e-01
3.775919732441471751e+03 4.796093164146549293e-01
3.806020066889632744e+03 4.988967262771060174e-01
3.836120401337793282e+03 5.182139278803471472e-01
3.866220735785953366e+03 5.375816071012828878e-01
3.896321070234114359e+03 5.570928835828552472e-01
3.926421404682274442e+03 5.768645257927440539e-01
3.956521739130435435e+03 5.969592736459587989e-01
3.986622073578595518e+03 6.174011505593215432e-01
4.016722408026756057e+03 6.376864067079388576e-01
4.046822742474917050e+03 6.571223084481846444e-01
4.076923076923076678e+03 6.731153688736976060e-01
4.107023411371237671e+03 6.881427719248454089e-01
4.137123745819398209e+03 7.032321269966327337e-01
4.167224080267558747e+03 7.185526447218816282e-01
4.197324414715719286e+03 7.339857060088408325e-01
4.227424749163879824e+03 7.428772063508494172e-01
4.257525083612040362e+03 7.511135430854053441e-01
4.287625418060201810e+03 7.593773722752411581e-01
4.317725752508361438e+03 7.677455431170957523e-01
4.347826086956521976e+03 7.761230001383059296e-01
4.377926421404682515e+03 7.830461737953381407e-01
4.408026755852843053e+03 7.889563954013717462e-01
4.438127090301003591e+03 7.948853642423481247e-01
4.468227424749164129e+03 8.008425491585278166e-01
4.498327759197324667e+03 8.068830524348193922e-01
4.528428093645485205e+03 8.119717771859533695e-01
4.558528428093645744e+03 8.170958012657514313e-01
4.588628762541806282e+03 8.223076384077030454e-01
4.618729096989966820e+03 8.258754424040388731e-01
4.648829431438127358e+03 8.286894798397637096e-01
4.678929765886287896e+03 8.315867443998241626e-01
4.709030100334448434e+03 8.345627456823119239e-01
4.739130434782608972e+03 8.376113804196334556e-01
4.769230769230769511e+03 8.408409913787522338e-01
4.799331103678930049e+03 8.441737868251472099e-01
4.829431438127090587e+03 8.476019673419872280e-01
4.859531772575251125e+03 8.512237900585425399e-01
4.889632107023411663e+03 8.549143736957429685e-01
4.919732441471572201e+03 8.587102180445488342e-01
4.949832775919732740e+03 8.627043705661604500e-01
4.979933110367893278e+03 8.666743401888350462e-01
5.010033444816052906e+03 8.701202766054708659e-01
5.040133779264214354e+03 8.724753434332470636e-01
5.070234113712374892e+03 8.748824088173053903e-01
5.100334448160535430e+03 8.772699918309363465e-01
5.130434782608695969e+03 8.796883320365249670e-01
5.160535117056857416e+03 8.820456966063827675e-01
5.190635451505017045e+03 8.843717792723275739e-01
5.220735785953177583e+03 8.866397835672914507e-01
5.250836120401339031e+03 8.887672946357711989e-01
5.280936454849498659e+03 8.908220797029855476e-01
5.311036789297659197e+03 8.927983221921937940e-01
5.341137123745820645e+03 8.945582489892822675e-01
5.371237458193980274e+03 8.961413484564036969e-01
5.401337792642139902e+03 8.975913421831099859e-01
5.431438127090302260e+03 8.988081276885144799e-01
5.461538461538461888e+03 8.996706572496001586e-01
5.491638795986621517e+03 8.993784310168456697e-01
5.521739130434782965e+03 8.987174318390013239e-01
5.551839464882943503e+03 8.979501029111257582e-01
5.581939799331104041e+03 8.968888518927348175e-01
5.612040133779264579e+03 8.951203413178694390e-01
5.642140468227426027e+03 8.941020463771853777e-01
5.672240802675585655e+03 8.922304327745863572e-01
5.702341137123746194e+03 8.898020809875142323e-01
5.732441471571907641e+03 8.881768502725669867e-01
5.762541806020067270e+03 8.861209176394295728e-01
5.792642140468227808e+03 8.831247232384218382e-01
5.822742474916389256e+03 8.779853999634338324e-01
5.852842809364548884e+03 8.732372347840123838e-01
5.882943143812708513e+03 8.676854888117198072e-01
5.913043478260869961e+03 8.642458442627656279e-01
5.943143812709030499e+03 8.601301954417419626e-01
5.973244147157191037e+03 8.561848231201913961e-01
6.003344481605351575e+03 8.512925234476466096e-01
6.033444816053513023e+03 8.462364657243328647e-01
6.063545150501672651e+03 8.412851161022937285e-01
6.093645484949833190e+03 8.359445612374252210e-01
6.123745819397994637e+03 8.305478816629467964e-01
6.153846153846154266e+03 8.248236478647827941e-01
6.183946488294314804e+03 8.192224472483340403e-01
6.214046822742476252e+03 8.131636411620701832e-01
6.244147157190635880e+03 8.074396397916545620e-01
6.274247491638795509e+03 8.013016089286862931e-01
6.304347826086957866e+03 7.950699396547201703e-01
6.334448160535117495e+03 7.891189391769115602e-01
6.364548494983277124e+03 7.824848170275690018e-01
6.394648829431438571e+03 7.763123263196458623e-01
6.424749163879599109e+03 7.700537196070413870e-01
6.454849498327759648e+03 7.637983836188637632e-01
6.484949832775920186e+03 7.570807266116407197e-01
6.515050167224081633e+03 7.512686610967891365e-01
6.545150501672241262e+03 7.454372816832128823e-01
6.575250836120401800e+03 7.396435205609358521e-01
6.605351170568563248e+03 7.338871821647302562e-01
6.635451505016722876e+03 7.281680717120125879e-01
6.665551839464883415e+03 7.224859952006138508e-01
6.695652173913044862e+03 7.168407594065536736e-01
6.725752508361204491e+03 7.112321718818195304e-01
6.755852842809364120e+03 7.056600409521459616e-01
6.785953177257526477e+03 7.001241757148031208e-01
6.816053511705686105e+03 6.946243860363855438e-01
6.846153846153846644e+03 6.891604825506030263e-01
6.876254180602007182e+03 6.837322766560819387e-01
6.906354515050168629e+03 6.783395805141622104e-01
6.936454849498328258e+03 6.729822070467045281e-01
6.966555183946488796e+03 6.676599699338972016e-01
6.996655518394650244e+03 6.623726836120700234e-01
7.026755852842809873e+03 6.571201632715093499e-01
7.056856187290969501e+03 6.519022248542774012e-01
7.086956521739131858e+03 6.467186850520364461e-01
7.117056856187291487e+03 6.415693613038788712e-01
7.147157190635451116e+03 6.364540717941538084e-01
7.177257525083613473e+03 6.313726354503040872e-01
7.207357859531773101e+03 6.263248719407077392e-01
7.237458193979932730e+03 6.213106016725152836e-01
7.267558528428095087e+03 6.163296457895000025e-01
7.297658862876254716e+03 6.113818261699087708e-01
7.327759197324415254e+03 6.064669654243118879e-01
7.357859531772576702e+03 6.015848868934637883e-01
7.387959866220737240e+03 5.967354146461649744e-01
7.418060200668896869e+03 5.919183734771248373e-01
7.448160535117056497e+03 5.871335889048320267e-01
7.478260869565218854e+03 5.823808871694275968e-01
7.508361204013378483e+03 5.776600952305809278e-01
7.538461538461538112e+03 5.729710407653699766e-01
7.568561872909700469e+03 5.683135521661653033e-01
7.598662207357860098e+03 5.636874585385183156e-01
7.628762541806019726e+03 5.590925896990520672e-01
7.658862876254182083e+03 5.545287761733577181e-01
7.688963210702341712e+03 5.499958491938924388e-01
7.719063545150502250e+03 5.454936406978828645e-01
7.749163879598663698e+03 5.410219833252303268e-01
7.779264214046823326e+03 5.365807104164240782e-01
7.809364548494983865e+03 5.321696560104524076e-01
7.839464882943143493e+03 5.277886548427213054e-01
7.869565217391305850e+03 5.234375423429769025e-01
7.899665551839465479e+03 5.191161546332303534e-01
7.929765886287625108e+03 5.148243285256850488e-01
7.959866220735787465e+03 5.105619015206706024e-01
7.989966555183947094e+03 5.063287118045818325e-01
8.020066889632106722e+03 5.025445226269144028e-01
8.050167224080269079e+03 4.989908084638234875e-01
8.080267558528428708e+03 4.954558542782000474e-01
8.110367892976588337e+03 4.919395988067937764e-01
8.140468227424750694e+03 4.884419808016191578e-01
8.170568561872910323e+03 4.849629390308992649e-01
8.200668896321070861e+03 4.815024122800053430e-01
8.230769230769232308e+03 4.780603393523936706e-01
8.260869565217391937e+03 4.746366590705434207e-01
8.290969899665551566e+03 4.712313102768809214e-01
8.321070234113713013e+03 4.678442318347086903e-01
8.351170568561874461e+03 4.644753626291279747e-01
8.381270903010034090e+03 4.611246415679567945e-01
8.411371237458193718e+03 4.577920075826446000e-01
8.441471571906355166e+03 4.544773996291840978e-01
8.471571906354516614e+03 4.511807566890193022e-01
8.501672240802676242e+03 4.478711327681276222e-01
8.531772575250837690e+03 4.440591209486807189e-01
8.561872909698997319e+03 4.402739501649862164e-01
8.591973244147156947e+03 4.365154687867928152e-01
8.622073578595320214e+03 4.327835258409136188e-01
8.652173913043479843e+03 4.290779710092038624e-01
8.682274247491639471e+03 4.253986546265378088e-01
8.712374581939800919e+03 4.217454276787956369e-01
8.742474916387960548e+03 4.181181418008509398e-01
8.772575250836120176e+03 4.145166492745597786e-01
8.802675585284281624e+03 4.109408030267586720e-01
8.832775919732443072e+03 4.073904566272626981e-01
8.862876254180602700e+03 4.038654642868681477e-01
8.892976588628762329e+03 4.003656808553589519e-01
8.923076923076923777e+03 3.968909618195164413e-01
8.953177257525085224e+03 3.934411633011351550e-01
8.983277591973244853e+03 3.900161420550382618e-01
9.013377926421406301e+03 3.866157554670999752e-01
9.043478260869565929e+03 3.832398615522720209e-01
9.073578595317725558e+03 3.798883189526101600e-01
9.103678929765888824e+03 3.765609869353082617e-01
9.133779264214048453e+03 3.732577253907353176e-01
9.163879598662208082e+03 3.699783948304733450e-01
9.193979933110367710e+03 3.667228563853640599e-01
9.224080267558529158e+03 3.634909718035533310e-01
9.254180602006688787e+03 3.602826034485452356e-01
9.284280936454850234e+03 3.570976142972555056e-01
9.314381270903011682e+03 3.539358679380693595e-01
9.344481605351171311e+03 3.507972285689071601e-01
9.374581939799330939e+03 3.476815609952871866e-01
9.404682274247494206e+03 3.445887306283961227e-01
9.434782608695653835e+03 3.415186034831645956e-01
9.464882943143813463e+03 3.384710461763419387e-01
9.494983277591974911e+03 3.354459259245776703e-01
9.525083612040134540e+03 3.324431105425081912e-01
9.555183946488294168e+03 3.294624684408419824e-01
9.585284280936457435e+03 3.265038686244530197e-01
9.615384615384617064e+03 3.235671806904777403e-01
9.645484949832776692e+03 3.206522748264121758e-01
9.675585284280936321e+03 3.177590218082164131e-01
9.705685618729097769e+03 3.148872929984202762e-01
9.735785953177259216e+03 3.120369603442356699e-01
9.765886287625418845e+03 3.092078963756689780e-01
9.795986622073580293e+03 3.063999742036381257e-01
9.826086956521739921e+03 3.036130675180976346e-01
9.856187290969899550e+03 3.008470505861591260e-01
9.886287625418062817e+03 2.981017982502234265e-01
9.916387959866222445e+03 2.953771859261125066e-01
9.946488294314382074e+03 2.926730896012038619e-01
9.976588628762543522e+03 2.899893858325716112e-01
1.000668896321070315e+04 2.873259517451315359e-01
1.003678929765886278e+04 2.846826650297845651e-01
1.006688963210702423e+04 2.820594039415708632e-01
1.009698996655518567e+04 2.794560472978216970e-01
1.012709030100334530e+04 2.768724744763201850e-01
1.015719063545150493e+04 2.743085654134602702e-01
1.018729096989966638e+04 2.717642006024138523e-01
1.021739130434782783e+04 2.692392610912999751e-01
1.024749163879598746e+04 2.667336284813557890e-01
1.027759197324414890e+04 2.642471849251144533e-01
1.030769230769230853e+04 2.617798131245846482e-01
1.033779264214046816e+04 2.593313963294332503e-01
1.036789297658863143e+04 2.569018183351742257e-01
1.039799331103679106e+04 2.544909634813579680e-01
1.042809364548495068e+04 2.520987166497667964e-01
1.045819397993311213e+04 2.497249632626113991e-01
1.048829431438127176e+04 2.473695892807351582e-01
1.051839464882943139e+04 2.450324812018170040e-01
1.054849498327759284e+04 2.427135260585814858e-01
1.057859531772575428e+04 2.404126114170114514e-01
1.060869565217391391e+04 2.381296253745639191e-01
1.063879598662207354e+04 2.358644565583899733e-01
1.066889632107023499e+04 2.336169941235570480e-01
1.069899665551839644e+04 2.313871277512785651e-01
1.072909698996655607e+04 2.291747476471418243e-01
1.075919732441471751e+04 2.269797445393432755e-01
1.078929765886287714e+04 2.248020096769271226e-01
1.081939799331103677e+04 2.226414348280250644e-01
1.084949832775920004e+04 2.204979122781020040e-01
1.087959866220735967e+04 2.183713348282058653e-01
1.090969899665551930e+04 2.162615957932176036e-01
1.093979933110367892e+04 2.141685890001082115e-01
1.096989966555184037e+04 2.120922087861977501e-01
1.100000000000000000e+04 2.100323499974190711e-01
