2.000000000000000000e+03 0.000000000000000000e+00
2.030100334448160538e+03 7.703719777548943412e-34
2.060200668896321076e+03 0.000000000000000000e+00
2.090301003344481614e+03 0.000000000000000000e+00
2.120401337792642153e+03 0.000000000000000000e+00
2.150501672240802691e+03 0.000000000000000000e+00
2.180602006688963229e+03 3.944304526105059027e-31
2.210702341137123767e+03 0.000000000000000000e+00
2.240802675585284305e+03 6.310887241768094443e-30
2.270903010033444843e+03 0.000000000000000000e+00
2.301003344481605382e+03 0.000000000000000000e+00
2.331103678929765920e+03 0.000000000000000000e+00
2.361204013377926458e+03 1.615587133892632177e-27
2.391304347826086996e+03 0.000000000000000000e+00
2.421404682274247534e+03 1.292469707114105742e-26
2.451505016722408072e+03 0.000000000000000000e+00
2.481605351170568611e+03 0.000000000000000000e+00
2.511705685618729149e+03 8.271806125530276749e-25
2.541806020066889687e+03 0.000000000000000000e+00
2.571906354515050680e+03 1.323488980084844280e-23
2.602006688963210763e+03 0.000000000000000000e+00
2.632107023411371301e+03 0.000000000000000000e+00
2.662207357859531839e+03 0.000000000000000000e+00
2.692307692307692832e+03 0.000000000000000000e+00
2.722408026755852916e+03 1.765079178910619411e-04
2.752508361204013454e+03 8.166174734184501174e-04
2.782608695652173992e+03 1.956752553688499100e-03
2.812709030100334530e+03 3.631837945317828963e-03
2.842809364548495523e+03 5.878014162264405019e-03
2.872909698996655607e+03 8.732661123770347339e-03
2.903010033444816145e+03 1.223442208486531964e-02
2.933110367892977138e+03 1.642322782109471163e-02
2.963210702341137676e+03 2.134032106914484500e-02
2.993311036789297759e+03 2.702828122504519204e-02
3.023411371237458297e+03 3.353104930163253866e-02
3.053511705685618836e+03 4.089395314697144568e-02
3.083612040133779828e+03 4.916373292543130963e-02
3.113712374581939912e+03 5.838856686312684369e-02
3.143812709030100450e+03 6.861809725943970872e-02
3.173913043478261443e+03 7.990345676633917038e-02
3.204013377926421981e+03 9.229729493723411171e-02
3.234113712374582065e+03 1.058538050470932551e-01
3.264214046822742603e+03 1.206287511855751449e-01
3.294314381270903141e+03 1.366794956249205995e-01
3.324414715719064134e+03 1.540650264643662337e-01
3.354515050167224217e+03 1.728459855528427513e-01
3.384615384615384755e+03 1.930846966917352525e-01
3.414715719063545748e+03 2.148451941194819415e-01
3.444816053511705832e+03 2.381932512797978740e-01
3.474916387959866370e+03 2.631964098753296621e-01
3.505016722408026908e+03 2.864963663150467132e-01
3.535117056856187446e+03 2.934724813499601792e-01
3.565217391304348439e+03 3.005835338438370141e-01
3.595317725752508522e+03 3.078315392863075206e-01
3.625418060200669061e+03 3.152185359312423829e-01
3.655518394648830053e+03 3.227465849901628991e-01
3.685618729096990137e+03 3.304177708268804525e-01
3.715719063545151130e+03 3.382342011533726600e-01
3.745819397993311213e+03 3.461980072268986963e-01
3.775919732441471751e+03 3.543113440483607879e-01
3.806020066889632744e+03 3.625763905619205918e-01
3.836120401337793282e+03 3.709953498558705709e-01
3.866220735785953366e+03 3.795704493647736877e-01
3.896321070234114359e+03 3.883039410728683638e-01
3.926421404682274442e+03 3.971981017187521390e-01
3.956521739130435435e+03 4.062552330013478041e-01
3.986622073578595518e+03 4.154776617871552835e-01
4.016722408026756057e+03 4.245060265141071265e-01
4.046822742474917050e+03 4.337414240687581524e-01
4.076923076923076678e+03 4.438049101138596964e-01
4.107023411371237671e+03 4.541525377065733227e-01
4.137123745819398209e+03 4.652690563599478635e-01
4.167224080267558747e+03 4.766652286968260377e-01
4.197324414715719286e+03 4.886237358208632142e-01
4.227424749163879824e+03 5.009921584743519674e-01
4.257525083612040362e+03 5.137986054924204016e-01
4.287625418060201810e+03 5.266671670246623194e-01
4.317725752508361438e+03 5.397487255229954650e-01
4.347826086956521976e+03 5.530104756850691139e-01
4.377926421404682515e+03 5.662612771884870666e-01
4.408026755852843053e+03 5.795273585024415253e-01
4.438127090301003591e+03 5.926970995602897085e-01
4.468227424749164129e+03 6.058105218309841611e-01
4.498327759197324667e+03 6.187683553286381644e-01
4.528428093645485205e+03 6.307909553855912677e-01
4.558528428093645744e+03 6.425449278098821493e-01
4.588628762541806282e+03 6.539954733991348856e-01
4.618729096989966820e+03 6.652304851399716279e-01
4.648829431438127358e+03 6.761947241968421229e-01
4.678929765886287896e+03 6.869321836500944523e-01
4.709030100334448434e+03 6.974604791511211932e-01
4.739130434782608972e+03 7.077746131110004280e-01
4.769230769230769511e+03 7.179610728803265118e-01
4.799331103678930049e+03 7.275156138913156934e-01
4.829431438127090587e+03 7.361299323000164430e-01
4.859531772575251125e+03 7.438789917061964241e-01
4.889632107023411663e+03 7.508129529326562634e-01
4.919732441471572201e+03 7.569306236096812190e-01
4.949832775919732740e+03 7.623037139196616740e-01
4.979933110367893278e+03 7.669171421599424443e-01
5.010033444816052906e+03 7.709430570444792963e-01
5.040133779264214354e+03 7.744249860987074685e-01
5.070234113712374892e+03 7.774264682663099002e-01
5.100334448160535430e+03 7.800334233839173459e-01
5.130434782608695969e+03 7.823007044078839067e-01
5.160535117056857416e+03 7.842630904262652969e-01
5.190635451505017045e+03 7.860243072652992602e-01
5.220735785953177583e+03 7.876246636085674213e-01
5.250836120401339031e+03 7.890798972002911471e-01
5.280936454849498659e+03 7.904735165745511161e-01
5.311036789297659197e+03 7.918319176367787371e-01
5.341137123745820645e+03 7.931328634445325987e-01
5.371237458193980274e+03 7.944814261223802632e-01
5.401337792642139902e+03 7.958750530399949508e-01
5.431438127090302260e+03 7.972245001482359816e-01
5.461538461538461888e+03 7.987226173270027818e-01
5.491638795986621517e+03 8.002471251900487026e-01
5.521739130434782965e+03 8.018942598041161052e-01
5.551839464882943503e+03 8.035866697242306511e-01
5.581939799331104041e+03 8.053947504777221322e-01
5.612040133779264579e+03 8.072611227971018266e-01
5.642140468227426027e+03 8.092108055233462327e-01
5.672240802675585655e+03 8.112455864029688435e-01
5.702341137123746194e+03 8.134022507710332306e-01
5.732441471571907641e+03 8.155791226783120074e-01
5.762541806020067270e+03 8.178765823085347719e-01
5.792642140468227808e+03 8.201060186199207180e-01
5.822742474916389256e+03 8.224015255731730312e-01
5.852842809364548884e+03 8.246738263134459901e-01
5.882943143812708513e+03 8.269593680838975835e-01
5.913043478260869961e+03 8.292369167700621713e-01
5.943143812709030499e+03 8.316092789006389596e-01
5.973244147157191037e+03 8.339605782116994437e-01
6.003344481605351575e+03 8.363636902190375588e-01
6.033444816053513023e+03 8.389079360917092165e-01
6.063545150501672651e+03 8.414253233971540347e-01
6.093645484949833190e+03 8.438576004703647326e-01
6.123745819397994637e+03 8.461378219743022067e-01
6.153846153846154266e+03 8.484436146886689123e-01
6.183946488294314804e+03 8.506639596678935433e-01
6.214046822742476252e+03 8.529284841483044666e-01
6.244147157190635880e+03 8.552214375512299238e-01
6.274247491638795509e+03 8.574544773301712164e-01
6.304347826086957866e+03 8.595964631370660580e-01
6.334448160535117495e+03 8.616251614438279471e-01
6.364548494983277124e+03 8.635976975634391817e-01
6.394648829431438571e+03 8.654041277158733836e-01
6.424749163879599109e+03 8.671706452438650015e-01
6.454849498327759648e+03 8.688750823407811463e-01
6.484949832775920186e+03 8.704994293280299278e-01
6.515050167224081633e+03 8.720210023942748245e-01
6.545150501672241262e+03 8.734566126524616614e-01
6.575250836120401800e+03 8.748444371067966019e-01
6.605351170568563248e+03 8.761822312671343482e-01
6.635451505016722876e+03 8.774450063670823363e-01
6.665551839464883415e+03 8.786554143250430160e-01
6.695652173913044862e+03 8.797094804396217160e-01
6.725752508361204491e+03 8.808110681591002633e-01
6.755852842809364120e+03 8.817702284196988760e-01
6.785953177257526477e+03 8.826853154124220113e-01
6.816053511705686105e+03 8.835868231795779293e-01
6.846153846153846644e+03 8.844304554140598462e-01
6.876254180602007182e+03 8.851606288266308242e-01
6.906354515050168629e+03 8.858465638500688799e-01
6.936454849498328258e+03 8.864946401868507575e-01
6.966555183946488796e+03 8.871688902927927778e-01
6.996655518394650244e+03 8.877413228273635104e-01
7.026755852842809873e+03 8.881727287795264658e-01
7.056856187290969501e+03 8.885926257866523237e-01
7.086956521739131858e+03 8.889192775656689083e-01
7.117056856187291487e+03 8.892272816653943313e-01
7.147157190635451116e+03 8.894736859423649777e-01
7.177257525083613473e+03 8.897507713832466525e-01
7.207357859531773101e+03 8.899907824034581916e-01
7.237458193979932730e+03 8.901680077583613571e-01
7.267558528428095087e+03 8.904015224155977792e-01
7.297658862876254716e+03 8.905034217875270608e-01
7.327759197324415254e+03 8.906275934054910248e-01
7.357859531772576702e+03 8.907556442830076859e-01
7.387959866220737240e+03 8.909113577811583751e-01
7.418060200668896869e+03 8.909879923530438228e-01
7.448160535117056497e+03 8.910434581367191464e-01
7.478260869565218854e+03 8.910764013022317576e-01
7.508361204013378483e+03 8.912011754702797717e-01
7.538461538461538112e+03 8.912799377998830153e-01
7.568561872909700469e+03 8.912423375955145222e-01
7.598662207357860098e+03 8.913307447116063376e-01
7.628762541806019726e+03 8.912911102537568464e-01
7.658862876254182083e+03 8.912997520826196896e-01
7.688963210702341712e+03 8.912623222460633876e-01
7.719063545150502250e+03 8.911386685294215848e-01
7.749163879598663698e+03 8.910596253218514562e-01
7.779264214046823326e+03 8.910712608651358835e-01
7.809364548494983865e+03 8.909853039773830696e-01
7.839464882943143493e+03 8.908171836841594082e-01
7.869565217391305850e+03 8.907240770754745185e-01
7.899665551839465479e+03 8.905653704827177775e-01
7.929765886287625108e+03 8.904147344295880728e-01
7.959866220735787465e+03 8.903104885956175663e-01
7.989966555183947094e+03 8.900198169443058749e-01
8.020066889632106722e+03 8.906423154226146277e-01
8.050167224080269079e+03 8.914067626336563688e-01
8.080267558528428708e+03 8.922344898702312399e-01
8.110367892976588337e+03 8.930871306629639683e-01
8.140468227424750694e+03 8.938565193479112159e-01
8.170568561872910323e+03 8.945548446431017542e-01
8.200668896321070861e+03 8.953749428416307721e-01
8.230769230769232308e+03 8.961469729651997396e-01
8.260869565217391937e+03 8.967993151633139037e-01
8.290969899665551566e+03 8.973818517820104645e-01
8.321070234113713013e+03 8.981213420259408498e-01
8.351170568561874461e+03 8.986996462779748285e-01
8.381270903010034090e+03 8.992103014481357404e-01
8.411371237458193718e+03 8.997363111412255421e-01
8.441471571906355166e+03 9.000977576187455531e-01
8.471571906354516614e+03 9.004634282280533641e-01
8.501672240802676242e+03 9.009465480157692330e-01
8.531772575250837690e+03 8.999252877291676889e-01
8.561872909698997319e+03 8.993166706036186397e-01
8.591973244147156947e+03 8.984484440845592612e-01
8.622073578595320214e+03 8.983974186865872902e-01
8.652173913043479843e+03 8.968689279424139071e-01
8.682274247491639471e+03 8.958089284598665936e-01
8.712374581939800919e+03 8.945755955488834399e-01
8.742474916387960548e+03 8.938054204126657520e-01
8.772575250836120176e+03 8.922270483613048420e-01
8.802675585284281624e+03 8.907227017320258344e-01
8.832775919732443072e+03 8.894957100660320082e-01
8.862876254180602700e+03 8.884623472779209497e-01
8.892976588628762329e+03 8.869789535780702172e-01
8.923076923076923777e+03 8.853841729932452331e-01
8.953177257525085224e+03 8.840770567005498126e-01
8.983277591973244853e+03 8.823807783383190717e-01
9.013377926421406301e+03 8.808946513212192464e-01
9.043478260869565929e+03 8.793147950943616120e-01
9.073578595317725558e+03 8.777382676609206680e-01
9.103678929765888824e+03 8.760213799194415119e-01
9.133779264214048453e+03 8.744723106390686063e-01
9.163879598662208082e+03 8.725461688737894406e-01
9.193979933110367710e+03 8.706858822516102547e-01
9.224080267558529158e+03 8.687892132710942628e-01
9.254180602006688787e+03 8.669284376001101800e-01
9.284280936454850234e+03 8.651264751012880394e-01
9.314381270903011682e+03 8.631480045873535234e-01
9.344481605351171311e+03 8.611711712393360640e-01
9.374581939799330939e+03 8.591977757665383297e-01
9.404682274247494206e+03 8.573309728469018509e-01
9.434782608695653835e+03 8.553417731538908164e-01
9.464882943143813463e+03 8.530351499647952362e-01
9.494983277591974911e+03 8.509815053441023291e-01
9.525083612040134540e+03 8.491630653816315544e-01
9.555183946488294168e+03 8.473083407993338145e-01
9.585284280936457435e+03 8.454911220632367330e-01
9.615384615384617064e+03 8.436303021369599975e-01
9.645484949832776692e+03 8.417679790140771834e-01
9.675585284280936321e+03 8.399362530112027825e-01
9.705685618729097769e+03 8.380619296053781753e-01
9.735785953177259216e+03 8.361899843618142425e-01
9.765886287625418845e+03 8.342985231833576210e-01
9.795986622073580293e+03 8.324041288857926268e-01
9.826086956521739921e+03 8.305344467220160398e-01
9.856187290969899550e+03 8.286292133719882491e-01
9.886287625418062817e+03 8.267033704163644359e-01
9.916387959866222445e+03 8.248168022448681969e-01
9.946488294314382074e+03 8.228950325772292906e-01
9.976588628762543522e+03 8.210329969921217330e-01
1.000668896321070315e+04 8.191108090483754101e-01
1.003678929765886278e+04 8.171728909905371374e-01
1.006688963210702423e+04 8.152380043750362404e-01
1.009698996655518567e+04 8.133061457710124564e-01
1.012709030100334530e+04 8.113773117503875199e-01
1.015719063545150493e+04 8.094514988878592776e-01
1.018729096989966638e+04 8.075287037609042429e-01
1.021739130434782783e+04 8.056089229497741533e-01
1.024749163879598746e+04 8.036921530374950828e-01
1.027759197324414890e+04 8.017783906098651103e-01
1.030769230769230853e+04 7.998676322554537643e-01
1.033779264214046816e+04 7.979598745656005798e-01
1.036789297658863143e+04 7.960551141344130999e-01
1.039799331103679106e+04 7.941533475587656543e-01
1.042809364548495068e+04 7.922545714382976945e-01
1.045819397993311213e+04 7.903587823754121278e-01
1.048829431438127176e+04 7.884659769752746517e-01
1.051839464882943139e+04 7.865761518458116441e-01
1.054849498327759284e+04 7.846893035977090536e-01
1.057859531772575428e+04 7.828054288444096231e-01
1.060869565217391391e+04 7.809245242021138900e-01
1.063879598662207354e+04 7.790465862897764104e-01
1.066889632107023499e+04 7.771716117291049830e-01
1.069899665551839644e+04 7.752995971445605372e-01
1.072909698996655607e+04 7.734305391633531368e-01
1.075919732441471751e+04 7.715644344154425349e-01
1.078929765886287714e+04 7.697012795335356206e-01
1.081939799331103677e+04 7.678410711530858634e-01
1.084949832775920004e+04 7.659838059122910936e-01
1.087959866220735967e+04 7.641294804520917250e-01
1.090969899665551930e+04 7.622780914161710886e-01
1.093979933110367892e+04 7.604296354509506584e-01
1.096989966555184037e+04 7.585841092055927160e-01
1.100000000000000000e+04 7.567415093319949104e-01
