2.000000000000000000e+03 0.000000000000000000e+00
2.030100334448160538e+03 0.000000000000000000e+00
2.060200668896321076e+03 0.000000000000000000e+00
2.090301003344481614e+03 2.465190328815661892e-32
2.120401337792642153e+03 9.860761315262647568e-32
2.150501672240802691e+03 3.944304526105059027e-31
2.180602006688963229e+03 0.000000000000000000e+00
2.210702341137123767e+03 0.000000000000000000e+00
2.240802675585284305e+03 0.000000000000000000e+00
2.270903010033444843e+03 0.000000000000000000e+00
2.301003344481605382e+03 0.000000000000000000e+00
2.331103678929765920e+03 0.000000000000000000e+00
2.361204013377926458e+03 0.000000000000000000e+00
2.391304347826086996e+03 0.000000000000000000e+00
2.421404682274247534e+03 5.169878828456422968e-26
2.451505016722408072e+03 0.000000000000000000e+00
2.481605351170568611e+03 0.000000000000000000e+00
2.511705685618729149e+03 1.654361225106055350e-24
2.541806020066889687e+03 6.617444900424221399e-24
2.571906354515050680e+03 2.646977960169688560e-23
2.602006688963210763e+03 0.000000000000000000e+00
2.632107023411371301e+03 0.000000000000000000e+00
2.662207357859531839e+03 0.000000000000000000e+00
2.692307692307692832e+03 0.000000000000000000e+00
2.722408026755852916e+03 4.219880805457143979e-04
2.752508361204013454e+03 1.915500192110277441e-03
2.782608695652173992e+03 4.503947271730885521e-03
2.812709030100334530e+03 8.204328400267874716e-03
2.842809364548495523e+03 1.303379093039885514e-02
2.872909698996655607e+03 1.900963136875188225e-02
2.903010033444816145e+03 2.614929626178084249e-02
2.933110367892977138e+03 3.447038308539263074e-02
2.963210702341137676e+03 4.399064113833782430e-02
2.993311036789297759e+03 5.472797243937781858e-02
3.023411371237458297e+03 6.670043262823689700e-02
3.053511705685618836e+03 7.992623187035269305e-02
3.083612040133779828e+03 9.442373576543572344e-02
3.113712374581939912e+03 1.102114662598484007e-01
3.143812709030100450e+03 1.273081025628180485e-01
3.173913043478261443e+03 1.457324820664911147e-01
3.204013377926421981e+03 1.655036012698415937e-01
3.234113712374582065e+03 1.866406167064485200e-01
3.264214046822742603e+03 2.091628458761485843e-01
3.294314381270903141e+03 2.330897681805781940e-01
3.324414715719064134e+03 2.584410258626173573e-01
3.354515050167224217e+03 2.852364249497431614e-01
3.384615384615384755e+03 3.134959362013118866e-01
3.414715719063545748e+03 3.432396960597715596e-01
3.444816053511705832e+03 3.744880076058224594e-01
3.474916387959866370e+03 4.072613415175423968e-01
3.505016722408026908e+03 4.363597286807364695e-01
3.535117056856187446e+03 4.400197803127147700e-01
3.565217391304348439e+03 4.437063402391493994e-01
3.595317725752508522e+03 4.474195717274884188e-01
3.625418060200669061e+03 4.511596388844306138e-01
3.655518394648830053e+03 4.549267066594416264e-01
3.685618729096990137e+03 4.587209408482810225e-01
3.715719063545151130e+03 4.625425080965427371e-01
3.745819397993311213e+03 4.663915759032049579e-01
3.775919732441471751e+03 4.702683126241927747e-01
3.806020066889632744e+03 4.741728874759542633e-01
3.836120401337793282e+03 4.781054705390443416e-01
3.866220735785953366e+03 4.820662327617256659e-01
3.896321070234114359e+03 4.860553459635763018e-01
3.926421404682274442e+03 4.900729828391116039e-01
3.956521739130435435e+03 4.941193169614204184e-01
3.986622073578595518e+03 4.981945227858077807e-01
4.016722408026756057e+03 5.017688780808509108e-01
4.046822742474917050e+03 5.049394006576071181e-01
4.076923076923076678e+03 5.081274954010799316e-01
4.107023411371237671e+03 5.113332465613628086e-01
4.137123745819398209e+03 5.145567387320229003e-01
4.167224080267558747e+03 5.177980568512666748e-01
4.197324414715719286e+03 5.210572862031086494e-01
4.227424749163879824e+03 5.243345124185406769e-01
4.257525083612040362e+03 5.276298214767075612e-01
4.287625418060201810e+03 5.309432997060836712e-01
4.317725752508361438e+03 5.342750337856549958e-01
4.347826086956521976e+03 5.376251107461016421e-01
4.377926421404682515e+03 5.409936179709858850e-01
4.408026755852843053e+03 5.443806431979418825e-01
4.438127090301003591e+03 5.477862745198708305e-01
4.468227424749164129e+03 5.512106003861356740e-01
4.498327759197324667e+03 5.546537096037633674e-01
4.528428093645485205e+03 5.574551879590726733e-01
4.558528428093645744e+03 5.602295789770410650e-01
4.588628762541806282e+03 5.630155707735349235e-01
4.618729096989966820e+03 5.658132031126017480e-01
4.648829431438127358e+03 5.686225158665466628e-01
4.678929765886287896e+03 5.714435490161543507e-01
4.709030100334448434e+03 5.742763426509153168e-01
4.739130434782608972e+03 5.771209369692509306e-01
4.769230769230769511e+03 5.799773722787373575e-01
4.799331103678930049e+03 5.828456889963320453e-01
4.829431438127090587e+03 5.857259276486004307e-01
4.859531772575251125e+03 5.886181288719392057e-01
4.889632107023411663e+03 5.915223334128074661e-01
4.919732441471572201e+03 5.944385821279496440e-01
4.949832775919732740e+03 5.973669159846238808e-01
4.979933110367893278e+03 6.003073760608313991e-01
5.010033444816052906e+03 6.032600035455413234e-01
5.040133779264214354e+03 6.062248397389226051e-01
5.070234113712374892e+03 6.092019260525687319e-01
5.100334448160535430e+03 6.121913040097293202e-01
5.130434782608695969e+03 6.151930152455388212e-01
5.160535117056857416e+03 6.182071015072452269e-01
5.190635451505017045e+03 6.212336046544413293e-01
5.220735785953177583e+03 6.242725666592936484e-01
5.250836120401339031e+03 6.273240296067741362e-01
5.280936454849498659e+03 6.303880356948913244e-01
5.311036789297659197e+03 6.334646272349189200e-01
5.341137123745820645e+03 6.365538466516313942e-01
5.371237458193980274e+03 6.396557364835329107e-01
5.401337792642139902e+03 6.427703393830909162e-01
5.431438127090302260e+03 6.458976981169692877e-01
5.461538461538461888e+03 6.490378555662594806e-01
5.491638795986621517e+03 6.521908547267153411e-01
5.521739130434782965e+03 6.553567387089858087e-01
5.551839464882943503e+03 6.585355267145995839e-01
5.581939799331104041e+03 6.617272037788294314e-01
5.612040133779264579e+03 6.649318601273951357e-01
5.642140468227426027e+03 6.681495307944229634e-01
5.672240802675585655e+03 6.713802046291394987e-01
5.702341137123746194e+03 6.746239377667487824e-01
5.732441471571907641e+03 6.778808270766443211e-01
5.762541806020067270e+03 6.811509437270218958e-01
5.792642140468227808e+03 6.843939982204150230e-01
5.822742474916389256e+03 6.876089130398611582e-01
5.852842809364548884e+03 6.907559627754650267e-01
5.882943143812708513e+03 6.939149478773872781e-01
5.913043478260869961e+03 6.970858752716740936e-01
5.943143812709030499e+03 7.002687540887293505e-01
5.973244147157191037e+03 7.034636479220085503e-01
6.003344481605351575e+03 7.066705828047347149e-01
6.033444816053513023e+03 7.098895775140804387e-01
6.063545150501672651e+03 7.131206958675553320e-01
6.093645484949833190e+03 7.163639747593050222e-01
6.123745819397994637e+03 7.196194504752887466e-01
6.153846153846154266e+03 7.228871595655222970e-01
6.183946488294314804e+03 7.261939221275921508e-01
6.214046822742476252e+03 7.295768575978603954e-01
6.244147157190635880e+03 7.330639987256434287e-01
6.274247491638795509e+03 7.365877827878225537e-01
6.304347826086957866e+03 7.401259460976359339e-01
6.334448160535117495e+03 7.436784963686635663e-01
6.364548494983277124e+03 7.472454848925443871e-01
6.394648829431438571e+03 7.508269653444918923e-01
6.424749163879599109e+03 7.544229690074520933e-01
6.454849498327759648e+03 7.580335096240957693e-01
6.484949832775920186e+03 7.616585940353783890e-01
6.515050167224081633e+03 7.652984646723731688e-01
6.545150501672241262e+03 7.689530415882754877e-01
6.575250836120401800e+03 7.726223103006629733e-01
6.605351170568563248e+03 7.763167977187399593e-01
6.635451505016722876e+03 7.800315321702382398e-01
6.665551839464883415e+03 7.837676016766077502e-01
6.695652173913044862e+03 7.875188508828482314e-01
6.725752508361204491e+03 7.912853230580950692e-01
6.755852842809364120e+03 7.950670621528236337e-01
6.785953177257526477e+03 7.988640497350520953e-01
6.816053511705686105e+03 8.026764229642695536e-01
6.846153846153846644e+03 8.065042572325570314e-01
6.876254180602007182e+03 8.103475965041639917e-01
6.906354515050168629e+03 8.142064730741862544e-01
6.936454849498328258e+03 8.180809319126158830e-01
6.966555183946488796e+03 8.219708428934142663e-01
6.996655518394650244e+03 8.258419125201663658e-01
7.026755852842809873e+03 8.296735415777295453e-01
7.056856187290969501e+03 8.334798770521459899e-01
7.086956521739131858e+03 8.372959781152501391e-01
7.117056856187291487e+03 8.411267324572921922e-01
7.147157190635451116e+03 8.449721601620178157e-01
7.177257525083613473e+03 8.488323954571538321e-01
7.207357859531773101e+03 8.527075180772200058e-01
7.237458193979932730e+03 8.565973589468829363e-01
7.267558528428095087e+03 8.604869665496652775e-01
7.297658862876254716e+03 8.644625691226953679e-01
7.327759197324415254e+03 8.678582679515828291e-01
7.357859531772576702e+03 8.711588136846906139e-01
7.387959866220737240e+03 8.741157069110341293e-01
7.418060200668896869e+03 8.768238529511176438e-01
7.448160535117056497e+03 8.793066304666921074e-01
7.478260869565218854e+03 8.816732158572433420e-01
7.508361204013378483e+03 8.836509638128531297e-01
7.538461538461538112e+03 8.854378634107283874e-01
7.568561872909700469e+03 8.869081932470652685e-01
7.598662207357860098e+03 8.881994361938491123e-01
7.628762541806019726e+03 8.890931409025929488e-01
7.658862876254182083e+03 8.898489131618556591e-01
7.688963210702341712e+03 8.902979066291502042e-01
7.719063545150502250e+03 8.906538110054325053e-01
7.749163879598663698e+03 8.908159616168875861e-01
7.779264214046823326e+03 8.908177176822921206e-01
7.809364548494983865e+03 8.906298819349174334e-01
7.839464882943143493e+03 8.903697072103053944e-01
7.869565217391305850e+03 8.899781690133488077e-01
7.899665551839465479e+03 8.894619011873621250e-01
7.929765886287625108e+03 8.887266194925127483e-01
7.959866220735787465e+03 8.880969470108031061e-01
7.989966555183947094e+03 8.873099880813601903e-01
8.020066889632106722e+03 8.872859578871842290e-01
8.050167224080269079e+03 8.874969697801733393e-01
8.080267558528428708e+03 8.876895323888152056e-01
8.110367892976588337e+03 8.878668081769796050e-01
8.140468227424750694e+03 8.881431767023425516e-01
8.170568561872910323e+03 8.883635889610177472e-01
8.200668896321070861e+03 8.884164897129891436e-01
8.230769230769232308e+03 8.885475295097036152e-01
8.260869565217391937e+03 8.885572213078199999e-01
8.290969899665551566e+03 8.886322449163738257e-01
8.321070234113713013e+03 8.888764810863315491e-01
8.351170568561874461e+03 8.889655689388762383e-01
8.381270903010034090e+03 8.890239539703477245e-01
8.411371237458193718e+03 8.893206189084569280e-01
8.441471571906355166e+03 8.897201443431388412e-01
8.471571906354516614e+03 8.902548149064499761e-01
8.501672240802676242e+03 8.909147616815882298e-01
8.531772575250837690e+03 8.899460095759744727e-01
8.561872909698997319e+03 8.895011041203825242e-01
8.591973244147156947e+03 8.889996618729114619e-01
8.622073578595320214e+03 8.892311274642981100e-01
8.652173913043479843e+03 8.884106703257458326e-01
8.682274247491639471e+03 8.879064280629985761e-01
8.712374581939800919e+03 8.868186681727586729e-01
8.742474916387960548e+03 8.864543373817390659e-01
8.772575250836120176e+03 8.863884559228716320e-01
8.802675585284281624e+03 8.862522089405757697e-01
8.832775919732443072e+03 8.857980868063625168e-01
8.862876254180602700e+03 8.855250066722966107e-01
8.892976588628762329e+03 8.853943883410007043e-01
8.923076923076923777e+03 8.851141829068076561e-01
8.953177257525085224e+03 8.854560734556353729e-01
8.983277591973244853e+03 8.854218986349425835e-01
9.013377926421406301e+03 8.855452907029051079e-01
9.043478260869565929e+03 8.859265582666109307e-01
9.073578595317725558e+03 8.863087144461827549e-01
9.103678929765888824e+03 8.864253143929116119e-01
9.133779264214048453e+03 8.868765183161861909e-01
9.163879598662208082e+03 8.873607789599395890e-01
9.193979933110367710e+03 8.877716881545643091e-01
9.224080267558529158e+03 8.882292823691744221e-01
9.254180602006688787e+03 8.887822640480289582e-01
9.284280936454850234e+03 8.893519355288004302e-01
9.314381270903011682e+03 8.900622060230567456e-01
9.344481605351171311e+03 8.907329919986717304e-01
9.374581939799330939e+03 8.914312078979923504e-01
9.404682274247494206e+03 8.922091733380179690e-01
9.434782608695653835e+03 8.929575779111940115e-01
9.464882943143813463e+03 8.936956125283322949e-01
9.494983277591974911e+03 8.945234446756044067e-01
9.525083612040134540e+03 8.953020190389556765e-01
9.555183946488294168e+03 8.961764955818130041e-01
9.585284280936457435e+03 8.970437148978770425e-01
9.615384615384617064e+03 8.979499250888450801e-01
9.645484949832776692e+03 8.988799922850352342e-01
9.675585284280936321e+03 8.997725481884447651e-01
9.705685618729097769e+03 9.007231231167655006e-01
9.735785953177259216e+03 9.016735257253469804e-01
9.765886287625418845e+03 9.026182503020514503e-01
9.795986622073580293e+03 9.035416287863548002e-01
9.826086956521739921e+03 9.044746791201577762e-01
9.856187290969899550e+03 9.053985641183281974e-01
9.886287625418062817e+03 9.063861935752983712e-01
9.916387959866222445e+03 9.073191293812373770e-01
9.946488294314382074e+03 9.082663834040848316e-01
9.976588628762543522e+03 9.092070451225802152e-01
1.000668896321070315e+04 9.101383951896054869e-01
1.003678929765886278e+04 9.110378182997764807e-01
1.006688963210702423e+04 9.119361725711838673e-01
1.009698996655518567e+04 9.127882837697172125e-01
1.012709030100334530e+04 9.136671067230351939e-01
1.015719063545150493e+04 9.145322757073922615e-01
1.018729096989966638e+04 9.153556968186082887e-01
1.021739130434782783e+04 9.161998810546538863e-01
1.024749163879598746e+04 9.170402770801511227e-01
1.027759197324414890e+04 9.178279788750410839e-01
1.030769230769230853e+04 9.185537239948973198e-01
1.033779264214046816e+04 9.191953510846748721e-01
1.036789297658863143e+04 9.198873670524032597e-01
1.039799331103679106e+04 9.206037078942042040e-01
1.042809364548495068e+04 9.212618546548609899e-01
1.045819397993311213e+04 9.218417071860145473e-01
1.048829431438127176e+04 9.224219109641331737e-01
1.051839464882943139e+04 9.230238051486314710e-01
1.054849498327759284e+04 9.235539982623368616e-01
1.057859531772575428e+04 9.240305566283963934e-01
1.060869565217391391e+04 9.244319189091014799e-01
1.063879598662207354e+04 9.248308648960968936e-01
1.066889632107023499e+04 9.252381482986777872e-01
1.069899665551839644e+04 9.255578199304598241e-01
1.072909698996655607e+04 9.258059874494671826e-01
1.075919732441471751e+04 9.260673771677621069e-01
1.078929765886287714e+04 9.263472287503389246e-01
1.081939799331103677e+04 9.265605309861670857e-01
1.084949832775920004e+04 9.266530757501204585e-01
1.087959866220735967e+04 9.267181442033903815e-01
1.090969899665551930e+04 9.267618390220987434e-01
1.093979933110367892e+04 9.268044474298240409e-01
1.096989966555184037e+04 9.267566250865424404e-01
1.100000000000000000e+04 9.266683665733934649e-01
