1.100000000000000000e+04 9.738354000000000177e-01
1.099500000000000000e+04 9.740343000000000195e-01
1.099000000000000000e+04 9.742346000000000616e-01
1.098500000000000000e+04 9.741558999999999635e-01
1.098000000000000000e+04 9.740081000000000433e-01
1.097500000000000000e+04 9.749222000000000721e-01
1.097000000000000000e+04 9.748408999999998992e-01
1.096500000000000000e+04 9.755370000000000985e-01
1.096000000000000000e+04 9.763732000000000522e-01
1.095500000000000000e+04 9.764413000000000675e-01
1.095000000000000000e+04 9.766283000000000047e-01
1.094500000000000000e+04 9.774631999999999765e-01
1.094000000000000000e+04 9.776408000000000875e-01
1.093500000000000000e+04 9.783209999999999962e-01
1.093000000000000000e+04 9.788754000000000621e-01
1.092500000000000000e+04 9.790663000000000560e-01
1.092000000000000000e+04 9.807842999999999423e-01
1.091500000000000000e+04 9.802927999999999642e-01
1.091000000000000000e+04 9.801712999999999676e-01
1.090500000000000000e+04 9.810265999999999709e-01
1.090000000000000000e+04 9.812678999999999707e-01
1.089500000000000000e+04 9.826312000000000380e-01
1.089000000000000000e+04 9.818662000000000223e-01
1.088500000000000000e+04 9.826755999999999824e-01
1.088000000000000000e+04 9.822638999999999676e-01
1.087500000000000000e+04 9.826548999999999978e-01
1.087000000000000000e+04 9.831301999999999541e-01
1.086500000000000000e+04 9.832665999999999906e-01
1.086000000000000000e+04 9.832741999999999871e-01
1.085500000000000000e+04 9.830397999999999081e-01
1.085000000000000000e+04 9.833756000000000164e-01
1.084500000000000000e+04 9.835277999999999521e-01
1.084000000000000000e+04 9.833045000000000258e-01
1.083500000000000000e+04 9.829455000000000275e-01
1.083000000000000000e+04 9.826943000000000206e-01
1.082500000000000000e+04 9.829689000000000343e-01
1.082000000000000000e+04 9.821098000000000328e-01
1.081500000000000000e+04 9.815564999999999429e-01
1.081000000000000000e+04 9.817262999999999407e-01
1.080500000000000000e+04 9.809278000000000164e-01
1.080000000000000000e+04 9.808318000000000314e-01
1.079500000000000000e+04 9.801881000000000066e-01
1.079000000000000000e+04 9.802649999999999419e-01
1.078500000000000000e+04 9.795017999999999780e-01
1.078000000000000000e+04 9.796955999999999998e-01
1.077500000000000000e+04 9.787993000000000388e-01
1.077000000000000000e+04 9.787614000000001147e-01
1.076500000000000000e+04 9.782953000000000898e-01
1.076000000000000000e+04 9.779752000000000445e-01
1.075500000000000000e+04 9.774397000000000224e-01
1.075000000000000000e+04 9.778801999999999772e-01
1.074500000000000000e+04 9.776089000000000029e-01
1.074000000000000000e+04 9.767886000000000069e-01
1.073500000000000000e+04 9.767956999999999335e-01
1.073000000000000000e+04 9.767270999999999592e-01
1.072500000000000000e+04 9.764393000000000100e-01
1.072000000000000000e+04 9.762515000000000498e-01
1.071500000000000000e+04 9.757912000000000807e-01
1.071000000000000000e+04 9.762752999999999570e-01
1.070500000000000000e+04 9.765584999999999960e-01
1.070000000000000000e+04 9.766190000000000149e-01
1.069500000000000000e+04 9.770769999999999733e-01
1.069000000000000000e+04 9.768516999999999895e-01
1.068500000000000000e+04 9.775208999999999149e-01
1.068000000000000000e+04 9.773985000000000589e-01
1.067500000000000000e+04 9.778894999999999671e-01
1.067000000000000000e+04 9.772032000000000496e-01
1.066500000000000000e+04 9.778668999999999834e-01
1.066000000000000000e+04 9.782407999999999104e-01
1.065500000000000000e+04 9.784017999999999882e-01
1.065000000000000000e+04 9.781608999999999998e-01
1.064500000000000000e+04 9.785220000000000029e-01
1.064000000000000000e+04 9.790695999999999843e-01
1.063500000000000000e+04 9.794249999999999901e-01
1.063000000000000000e+04 9.792908000000000168e-01
1.062500000000000000e+04 9.797177999999999720e-01
1.062000000000000000e+04 9.800474999999999604e-01
1.061500000000000000e+04 9.801655999999999702e-01
1.061000000000000000e+04 9.803975000000000328e-01
1.060500000000000000e+04 9.804568999999999646e-01
1.060000000000000000e+04 9.802206999999999448e-01
1.059500000000000000e+04 9.806256000000000972e-01
1.059000000000000000e+04 9.808664000000000271e-01
1.058500000000000000e+04 9.807053000000000020e-01
1.058000000000000000e+04 9.804563000000000583e-01
1.057500000000000000e+04 9.811475000000000612e-01
1.057000000000000000e+04 9.812127999999999961e-01
1.056500000000000000e+04 9.812636999999999610e-01
1.056000000000000000e+04 9.809104999999999075e-01
1.055500000000000000e+04 9.809878999999999127e-01
1.055000000000000000e+04 9.796944000000000763e-01
1.054500000000000000e+04 9.800792999999999866e-01
1.054000000000000000e+04 9.797535000000000549e-01
1.053500000000000000e+04 9.796760999999999386e-01
1.053000000000000000e+04 9.803490999999999733e-01
1.052500000000000000e+04 9.797738999999999754e-01
1.052000000000000000e+04 9.800721000000000016e-01
1.051500000000000000e+04 9.787605999999999806e-01
1.051000000000000000e+04 9.790703000000000600e-01
1.050500000000000000e+04 9.788843999999999879e-01
1.050000000000000000e+04 9.792637000000000702e-01
1.049500000000000000e+04 9.788278999999999730e-01
1.049000000000000000e+04 9.785375999999998964e-01
1.048500000000000000e+04 9.784269000000000993e-01
1.048000000000000000e+04 9.786173999999999706e-01
1.047500000000000000e+04 9.784973999999999617e-01
1.047000000000000000e+04 9.783351999999999604e-01
1.046500000000000000e+04 9.783530000000000282e-01
1.046000000000000000e+04 9.787894000000000316e-01
1.045500000000000000e+04 9.784665999999999642e-01
1.045000000000000000e+04 9.784448000000000034e-01
1.044500000000000000e+04 9.786764999999999493e-01
1.044000000000000000e+04 9.786789000000000183e-01
1.043500000000000000e+04 9.790171999999999208e-01
1.043000000000000000e+04 9.791488999999999887e-01
1.042500000000000000e+04 9.797687000000000479e-01
1.042000000000000000e+04 9.789092999999999822e-01
1.041500000000000000e+04 9.791585999999999901e-01
1.041000000000000000e+04 9.795932000000000528e-01
1.040500000000000000e+04 9.793897000000000297e-01
1.040000000000000000e+04 9.800669000000000741e-01
1.039500000000000000e+04 9.808487999999999651e-01
1.039000000000000000e+04 9.806014000000000674e-01
1.038500000000000000e+04 9.807277999999999274e-01
1.038000000000000000e+04 9.808817000000000785e-01
1.037500000000000000e+04 9.815755000000000452e-01
1.037000000000000000e+04 9.811312999999999285e-01
1.036500000000000000e+04 9.809495999999999771e-01
1.036000000000000000e+04 9.813657999999999548e-01
1.035500000000000000e+04 9.815944000000000891e-01
1.035000000000000000e+04 9.811679999999999291e-01
1.034500000000000000e+04 9.808035999999999976e-01
1.034000000000000000e+04 9.815219000000000582e-01
1.033500000000000000e+04 9.809491000000000183e-01
1.033000000000000000e+04 9.808589999999999254e-01
1.032500000000000000e+04 9.803270999999998958e-01
1.032000000000000000e+04 9.802851000000000203e-01
1.031500000000000000e+04 9.803600000000000092e-01
1.031000000000000000e+04 9.797996999999999401e-01
1.030500000000000000e+04 9.796477000000000102e-01
1.030000000000000000e+04 9.787970999999999755e-01
1.029500000000000000e+04 9.790895999999998933e-01
1.029000000000000000e+04 9.784034999999999815e-01
1.028500000000000000e+04 9.779403999999999320e-01
1.028000000000000000e+04 9.775274000000000463e-01
1.027500000000000000e+04 9.767563999999999691e-01
1.027000000000000000e+04 9.764975999999999656e-01
1.026500000000000000e+04 9.759829999999999339e-01
1.026000000000000000e+04 9.749558000000000391e-01
1.025500000000000000e+04 9.746389999999999221e-01
1.025000000000000000e+04 9.744164000000000714e-01
1.024500000000000000e+04 9.740224000000000659e-01
1.024000000000000000e+04 9.730858000000001118e-01
1.023500000000000000e+04 9.727532999999999319e-01
1.023000000000000000e+04 9.721433000000000435e-01
1.022500000000000000e+04 9.716714000000000739e-01
1.022000000000000000e+04 9.713316000000000727e-01
1.021500000000000000e+04 9.705057999999999740e-01
1.021000000000000000e+04 9.703574000000000366e-01
1.020500000000000000e+04 9.702157999999999616e-01
1.020000000000000000e+04 9.698389000000000593e-01
1.019500000000000000e+04 9.699272999999999367e-01
1.019000000000000000e+04 9.696687000000000500e-01
1.018500000000000000e+04 9.690439999999999054e-01
1.018000000000000000e+04 9.689094000000000317e-01
1.017500000000000000e+04 9.693538999999999906e-01
1.017000000000000000e+04 9.693090999999999235e-01
1.016500000000000000e+04 9.699219999999999509e-01
1.016000000000000000e+04 9.694760999999999518e-01
1.015500000000000000e+04 9.699651000000000245e-01
1.015000000000000000e+04 9.701374000000000386e-01
1.014500000000000000e+04 9.707185999999999870e-01
1.014000000000000000e+04 9.712564999999999671e-01
1.013500000000000000e+04 9.716780000000000417e-01
1.013000000000000000e+04 9.717100999999999100e-01
1.012500000000000000e+04 9.724606000000000083e-01
1.012000000000000000e+04 9.729394999999999571e-01
1.011500000000000000e+04 9.736860999999999988e-01
1.011000000000000000e+04 9.740117999999999832e-01
1.010500000000000000e+04 9.741737000000000313e-01
1.010000000000000000e+04 9.745527999999999968e-01
1.009500000000000000e+04 9.752209999999998935e-01
1.009000000000000000e+04 9.761298999999999948e-01
1.008500000000000000e+04 9.760949999999999349e-01
1.008000000000000000e+04 9.766235000000000888e-01
1.007500000000000000e+04 9.764566000000001189e-01
1.007000000000000000e+04 9.773794999999999566e-01
1.006500000000000000e+04 9.778203000000000866e-01
1.006000000000000000e+04 9.783068000000000319e-01
1.005500000000000000e+04 9.786662999999999890e-01
1.005000000000000000e+04 9.792973000000000372e-01
1.004500000000000000e+04 9.793583999999999623e-01
1.004000000000000000e+04 9.791294999999999860e-01
1.003500000000000000e+04 9.796869999999999745e-01
1.003000000000000000e+04 9.796022999999999259e-01
1.002500000000000000e+04 9.793895000000000239e-01
1.002000000000000000e+04 9.799919999999999742e-01
1.001500000000000000e+04 9.801347000000000254e-01
1.001000000000000000e+04 9.796190000000000175e-01
1.000500000000000000e+04 9.790174000000000376e-01
1.000000000000000000e+04 9.790406000000000386e-01
9.995000000000000000e+03 9.795335000000000569e-01
9.990000000000000000e+03 9.788487000000000160e-01
9.985000000000000000e+03 9.780533000000000143e-01
9.980000000000000000e+03 9.781561000000000838e-01
9.975000000000000000e+03 9.779483999999999400e-01
9.970000000000000000e+03 9.778812000000001170e-01
9.965000000000000000e+03 9.773040000000000616e-01
9.960000000000000000e+03 9.770027000000000017e-01
9.955000000000000000e+03 9.766156999999999755e-01
9.950000000000000000e+03 9.764245999999999759e-01
9.945000000000000000e+03 9.759923999999999822e-01
9.940000000000000000e+03 9.753436999999999246e-01
9.935000000000000000e+03 9.755696000000000367e-01
9.930000000000000000e+03 9.751246999999999554e-01
9.925000000000000000e+03 9.757434999999999858e-01
9.920000000000000000e+03 9.751731999999999623e-01
9.915000000000000000e+03 9.755276000000000503e-01
9.910000000000000000e+03 9.747687999999999908e-01
9.905000000000000000e+03 9.753884999999999916e-01
9.900000000000000000e+03 9.751260000000000483e-01
9.895000000000000000e+03 9.751842000000000565e-01
9.890000000000000000e+03 9.752587999999999813e-01
9.885000000000000000e+03 9.750891000000000419e-01
9.880000000000000000e+03 9.755734999999999824e-01
9.875000000000000000e+03 9.756538000000000155e-01
9.870000000000000000e+03 9.764962999999999838e-01
9.865000000000000000e+03 9.764293000000000555e-01
9.860000000000000000e+03 9.761714999999999698e-01
9.855000000000000000e+03 9.763538999999999968e-01
9.850000000000000000e+03 9.770048000000000066e-01
9.845000000000000000e+03 9.772334999999999772e-01
9.840000000000000000e+03 9.777846000000000037e-01
9.835000000000000000e+03 9.778398999999999841e-01
9.830000000000000000e+03 9.781050000000000022e-01
9.825000000000000000e+03 9.788142000000000786e-01
9.820000000000000000e+03 9.788847999999999994e-01
9.815000000000000000e+03 9.792578000000000671e-01
9.810000000000000000e+03 9.791798000000000446e-01
9.805000000000000000e+03 9.787676999999999072e-01
9.800000000000000000e+03 9.795578000000000340e-01
9.795000000000000000e+03 9.794132000000000948e-01
9.790000000000000000e+03 9.795629999999999615e-01
9.785000000000000000e+03 9.794941999999999815e-01
9.780000000000000000e+03 9.792705999999999911e-01
9.775000000000000000e+03 9.797529000000000377e-01
9.770000000000000000e+03 9.797727999999998882e-01
9.765000000000000000e+03 9.788514999999999855e-01
9.760000000000000000e+03 9.795950000000001046e-01
9.755000000000000000e+03 9.790267000000000275e-01
9.750000000000000000e+03 9.780796999999999963e-01
9.745000000000000000e+03 9.779420000000000890e-01
9.740000000000000000e+03 9.780719000000001051e-01
9.735000000000000000e+03 9.773331000000000657e-01
9.730000000000000000e+03 9.775585999999999443e-01
9.725000000000000000e+03 9.772328000000000126e-01
9.720000000000000000e+03 9.764585999999999544e-01
9.715000000000000000e+03 9.760940999999999645e-01
9.710000000000000000e+03 9.756775000000000864e-01
9.705000000000000000e+03 9.754064999999999541e-01
9.700000000000000000e+03 9.752030000000000420e-01
9.695000000000000000e+03 9.749592000000000258e-01
9.690000000000000000e+03 9.747556000000000553e-01
9.685000000000000000e+03 9.748038999999999454e-01
9.680000000000000000e+03 9.742665999999999826e-01
9.675000000000000000e+03 9.736566999999999306e-01
9.670000000000000000e+03 9.742211000000000620e-01
9.665000000000000000e+03 9.737681999999999727e-01
9.660000000000000000e+03 9.740750000000000242e-01
9.655000000000000000e+03 9.741154000000000757e-01
9.650000000000000000e+03 9.738997000000000348e-01
9.645000000000000000e+03 9.736790999999999086e-01
9.640000000000000000e+03 9.743255000000000665e-01
9.635000000000000000e+03 9.742294999999999705e-01
9.630000000000000000e+03 9.750488000000000488e-01
9.625000000000000000e+03 9.750762000000000596e-01
9.620000000000000000e+03 9.754469000000000056e-01
9.615000000000000000e+03 9.762188999999998895e-01
9.610000000000000000e+03 9.766357999999999429e-01
9.605000000000000000e+03 9.772066999999999837e-01
9.600000000000000000e+03 9.777641000000000249e-01
9.595000000000000000e+03 9.779811999999999950e-01
9.590000000000000000e+03 9.781786999999999566e-01
9.585000000000000000e+03 9.793205000000000382e-01
9.580000000000000000e+03 9.800190999999999208e-01
9.575000000000000000e+03 9.796644999999999381e-01
9.570000000000000000e+03 9.805399999999999672e-01
9.565000000000000000e+03 9.811282000000000059e-01
9.560000000000000000e+03 9.812228000000000616e-01
9.555000000000000000e+03 9.818280999999999814e-01
9.550000000000000000e+03 9.827394999999999881e-01
9.545000000000000000e+03 9.817012999999999989e-01
9.540000000000000000e+03 9.823851999999999585e-01
9.535000000000000000e+03 9.822383000000001196e-01
9.530000000000000000e+03 9.825137999999999927e-01
9.525000000000000000e+03 9.828883000000000481e-01
9.520000000000000000e+03 9.825601000000000473e-01
9.515000000000000000e+03 9.821326000000000223e-01
9.510000000000000000e+03 9.818019000000000052e-01
9.505000000000000000e+03 9.814883000000000912e-01
9.500000000000000000e+03 9.815686999999999607e-01
9.495000000000000000e+03 9.810830999999999857e-01
9.490000000000000000e+03 9.810678999999999927e-01
9.485000000000000000e+03 9.795835999999999988e-01
9.480000000000000000e+03 9.795673999999999770e-01
9.475000000000000000e+03 9.794459999999999278e-01
9.470000000000000000e+03 9.789444000000000479e-01
9.465000000000000000e+03 9.779877999999999627e-01
9.460000000000000000e+03 9.774554999999999216e-01
9.455000000000000000e+03 9.768491000000000257e-01
9.450000000000000000e+03 9.764710999999999252e-01
9.445000000000000000e+03 9.757344000000000017e-01
9.440000000000000000e+03 9.752958999999999934e-01
9.435000000000000000e+03 9.754488999999999521e-01
9.430000000000000000e+03 9.743551999999999769e-01
9.425000000000000000e+03 9.744591000000000225e-01
9.420000000000000000e+03 9.748402000000000456e-01
9.415000000000000000e+03 9.735800999999999483e-01
9.410000000000000000e+03 9.731670999999999516e-01
9.405000000000000000e+03 9.731776000000000870e-01
9.400000000000000000e+03 9.732503999999999600e-01
9.395000000000000000e+03 9.735380000000000145e-01
9.390000000000000000e+03 9.728668999999999789e-01
9.385000000000000000e+03 9.736323000000000061e-01
9.380000000000000000e+03 9.726904000000000661e-01
9.375000000000000000e+03 9.734467999999999455e-01
9.370000000000000000e+03 9.735262000000000082e-01
9.365000000000000000e+03 9.739634999999999820e-01
9.360000000000000000e+03 9.739354000000000067e-01
9.355000000000000000e+03 9.746928000000000258e-01
9.350000000000000000e+03 9.741959000000000035e-01
9.345000000000000000e+03 9.747202000000000366e-01
9.340000000000000000e+03 9.751332999999999807e-01
9.335000000000000000e+03 9.759739999999998972e-01
9.330000000000000000e+03 9.759354000000000084e-01
9.325000000000000000e+03 9.762608000000000397e-01
9.320000000000000000e+03 9.768776000000000126e-01
9.315000000000000000e+03 9.761297999999999364e-01
9.310000000000000000e+03 9.765600000000000946e-01
9.305000000000000000e+03 9.768940999999999875e-01
9.300000000000000000e+03 9.774315000000000087e-01
9.295000000000000000e+03 9.770261000000001195e-01
9.290000000000000000e+03 9.775929999999999342e-01
9.285000000000000000e+03 9.776517999999999597e-01
9.280000000000000000e+03 9.773730999999998836e-01
9.275000000000000000e+03 9.772954999999999837e-01
9.270000000000000000e+03 9.765851999999999311e-01
9.265000000000000000e+03 9.762780999999999265e-01
9.260000000000000000e+03 9.761906000000000194e-01
9.255000000000000000e+03 9.762994000000000394e-01
9.250000000000000000e+03 9.758371999999999602e-01
9.245000000000000000e+03 9.758080000000000087e-01
9.240000000000000000e+03 9.758426000000000045e-01
9.235000000000000000e+03 9.747714000000000656e-01
9.230000000000000000e+03 9.751337999999999395e-01
9.225000000000000000e+03 9.746432000000000428e-01
9.220000000000000000e+03 9.738029000000000268e-01
9.215000000000000000e+03 9.741474999999999440e-01
9.210000000000000000e+03 9.745636000000000854e-01
9.205000000000000000e+03 9.730463000000000306e-01
9.200000000000000000e+03 9.734131999999999785e-01
9.195000000000000000e+03 9.730263999999999580e-01
9.190000000000000000e+03 9.734672000000000880e-01
9.185000000000000000e+03 9.737484999999999058e-01
9.180000000000000000e+03 9.732007000000000296e-01
9.175000000000000000e+03 9.737894000000000272e-01
9.170000000000000000e+03 9.741890999999999190e-01
9.165000000000000000e+03 9.745234999999999870e-01
9.160000000000000000e+03 9.750163000000000579e-01
9.155000000000000000e+03 9.753502000000000560e-01
9.150000000000000000e+03 9.760648000000000657e-01
9.145000000000000000e+03 9.763973000000000235e-01
9.140000000000000000e+03 9.775224000000000135e-01
9.135000000000000000e+03 9.778681000000000179e-01
9.130000000000000000e+03 9.789025999999999561e-01
9.125000000000000000e+03 9.792458000000000551e-01
9.120000000000000000e+03 9.804656999999999956e-01
9.115000000000000000e+03 9.805859999999999577e-01
9.110000000000000000e+03 9.812985999999999098e-01
9.105000000000000000e+03 9.824093999999999882e-01
9.100000000000000000e+03 9.831592999999999583e-01
9.095000000000000000e+03 9.844095000000000484e-01
9.090000000000000000e+03 9.841308999999999196e-01
9.085000000000000000e+03 9.848955999999999822e-01
9.080000000000000000e+03 9.861763000000000057e-01
9.075000000000000000e+03 9.860251999999999351e-01
9.070000000000000000e+03 9.852689999999999504e-01
9.065000000000000000e+03 9.857464000000000226e-01
9.060000000000000000e+03 9.866151999999999145e-01
9.055000000000000000e+03 9.858272999999999620e-01
9.050000000000000000e+03 9.861642999999999937e-01
9.045000000000000000e+03 9.866943999999999715e-01
9.040000000000000000e+03 9.844538000000000455e-01
9.035000000000000000e+03 9.840813000000000477e-01
9.030000000000000000e+03 9.842771999999999633e-01
9.025000000000000000e+03 9.826264999999999583e-01
9.020000000000000000e+03 9.815318000000000653e-01
9.015000000000000000e+03 9.810545000000000515e-01
9.010000000000000000e+03 9.799972000000000127e-01
9.005000000000000000e+03 9.800674999999999804e-01
9.000000000000000000e+03 9.787976999999998817e-01
8.995000000000000000e+03 9.766849000000000780e-01
8.990000000000000000e+03 9.768938000000000343e-01
8.985000000000000000e+03 9.751743000000000494e-01
8.980000000000000000e+03 9.737088999999999883e-01
8.975000000000000000e+03 9.729988999999999999e-01
8.970000000000000000e+03 9.725709999999999633e-01
8.965000000000000000e+03 9.709632000000000263e-01
8.960000000000000000e+03 9.708803000000000294e-01
8.955000000000000000e+03 9.701463999999999643e-01
8.950000000000000000e+03 9.702410000000000201e-01
8.945000000000000000e+03 9.689973000000000614e-01
8.940000000000000000e+03 9.688840000000000785e-01
8.935000000000000000e+03 9.685308999999999724e-01
8.930000000000000000e+03 9.684068000000000120e-01
8.925000000000000000e+03 9.684292999999999374e-01
8.920000000000000000e+03 9.685059999999999780e-01
8.915000000000000000e+03 9.686083000000000887e-01
8.910000000000000000e+03 9.691189000000000053e-01
8.905000000000000000e+03 9.701195000000000235e-01
8.900000000000000000e+03 9.691741000000000383e-01
8.895000000000000000e+03 9.705956000000000028e-01
8.890000000000000000e+03 9.715629000000000071e-01
8.885000000000000000e+03 9.716907000000000183e-01
8.880000000000000000e+03 9.727222000000000923e-01
8.875000000000000000e+03 9.737472999999999823e-01
8.870000000000000000e+03 9.739712000000000369e-01
8.865000000000000000e+03 9.748491999999999713e-01
8.860000000000000000e+03 9.772286999999999502e-01
8.855000000000000000e+03 9.775089999999999613e-01
8.850000000000000000e+03 9.778150999999999371e-01
8.845000000000000000e+03 9.792079999999999673e-01
8.840000000000000000e+03 9.807412999999999270e-01
8.835000000000000000e+03 9.807277999999999274e-01
8.830000000000000000e+03 9.813540000000000596e-01
8.825000000000000000e+03 9.823794999999999611e-01
8.820000000000000000e+03 9.814176000000000011e-01
8.815000000000000000e+03 9.832334000000000351e-01
8.810000000000000000e+03 9.830343999999999749e-01
8.805000000000000000e+03 9.820493999999999613e-01
8.800000000000000000e+03 9.829694000000001042e-01
8.795000000000000000e+03 9.823533000000000959e-01
8.790000000000000000e+03 9.817164999999999919e-01
8.785000000000000000e+03 9.821132000000000195e-01
8.780000000000000000e+03 9.821142000000000483e-01
8.775000000000000000e+03 9.810149000000000230e-01
8.770000000000000000e+03 9.806897999999999449e-01
8.765000000000000000e+03 9.807105999999999879e-01
8.760000000000000000e+03 9.794845999999999275e-01
8.755000000000000000e+03 9.784842999999999735e-01
8.750000000000000000e+03 9.778091999999999340e-01
8.745000000000000000e+03 9.774322999999999206e-01
8.740000000000000000e+03 9.760944999999999760e-01
8.735000000000000000e+03 9.758099000000000078e-01
8.730000000000000000e+03 9.754165999999999670e-01
8.725000000000000000e+03 9.745766000000000151e-01
8.720000000000000000e+03 9.734395999999999605e-01
8.715000000000000000e+03 9.735138999999999321e-01
8.710000000000000000e+03 9.722114000000000589e-01
8.705000000000000000e+03 9.733728999999999854e-01
8.700000000000000000e+03 9.727142999999999207e-01
8.695000000000000000e+03 9.718609999999999749e-01
8.690000000000000000e+03 9.711982999999999588e-01
8.685000000000000000e+03 9.712939000000000433e-01
8.680000000000000000e+03 9.716185000000000516e-01
8.675000000000000000e+03 9.706986999999999144e-01
8.670000000000000000e+03 9.718915999999999666e-01
8.665000000000000000e+03 9.717162000000000299e-01
8.660000000000000000e+03 9.721366999999999647e-01
8.655000000000000000e+03 9.724412000000000056e-01
8.650000000000000000e+03 9.728463000000000527e-01
8.645000000000000000e+03 9.735032999999999603e-01
8.640000000000000000e+03 9.731605999999999312e-01
8.635000000000000000e+03 9.739759999999999529e-01
8.630000000000000000e+03 9.755796999999999386e-01
8.625000000000000000e+03 9.756105999999999945e-01
8.620000000000000000e+03 9.760609999999999564e-01
8.615000000000000000e+03 9.767112000000000016e-01
8.610000000000000000e+03 9.775258999999999476e-01
8.605000000000000000e+03 9.775194999999999856e-01
8.600000000000000000e+03 9.779501000000000444e-01
8.595000000000000000e+03 9.789312999999999487e-01
8.590000000000000000e+03 9.798238000000000225e-01
8.585000000000000000e+03 9.796711999999999643e-01
8.580000000000000000e+03 9.802838999999999858e-01
8.575000000000000000e+03 9.812885000000000080e-01
8.570000000000000000e+03 9.814260000000000206e-01
8.565000000000000000e+03 9.818035999999998875e-01
8.560000000000000000e+03 9.812752000000000141e-01
8.555000000000000000e+03 9.836646000000000001e-01
8.550000000000000000e+03 9.828651000000000471e-01
8.545000000000000000e+03 9.813878999999999797e-01
8.540000000000000000e+03 9.821007000000000486e-01
8.535000000000000000e+03 9.823559000000000596e-01
8.530000000000000000e+03 9.824306000000000427e-01
8.525000000000000000e+03 9.814495999999999221e-01
8.520000000000000000e+03 9.818997000000000419e-01
8.515000000000000000e+03 9.820259000000000071e-01
8.510000000000000000e+03 9.821487999999999330e-01
8.505000000000000000e+03 9.815461999999999243e-01
8.500000000000000000e+03 9.813711999999999991e-01
8.495000000000000000e+03 9.802750000000000075e-01
8.490000000000000000e+03 9.809826999999999853e-01
8.485000000000000000e+03 9.805217000000000516e-01
8.480000000000000000e+03 9.792350999999999139e-01
8.475000000000000000e+03 9.795073999999999170e-01
8.470000000000000000e+03 9.784199000000000090e-01
8.465000000000000000e+03 9.784162999999999055e-01
8.460000000000000000e+03 9.775856000000000545e-01
8.455000000000000000e+03 9.774391000000000052e-01
8.450000000000000000e+03 9.764722999999999598e-01
8.445000000000000000e+03 9.766580000000000261e-01
8.440000000000000000e+03 9.756767000000000634e-01
8.435000000000000000e+03 9.747348999999999597e-01
8.430000000000000000e+03 9.751525999999999250e-01
8.425000000000000000e+03 9.731689000000000034e-01
8.420000000000000000e+03 9.732298000000000338e-01
8.415000000000000000e+03 9.719047999999999021e-01
8.410000000000000000e+03 9.722065999999999208e-01
8.405000000000000000e+03 9.711509999999999865e-01
8.400000000000000000e+03 9.710890999999999273e-01
8.395000000000000000e+03 9.710179999999999367e-01
8.390000000000000000e+03 9.700260000000000549e-01
8.385000000000000000e+03 9.699069000000000162e-01
8.380000000000000000e+03 9.702173999999998966e-01
8.375000000000000000e+03 9.697101999999999666e-01
8.370000000000000000e+03 9.692857999999999752e-01
8.365000000000000000e+03 9.699823999999999113e-01
8.360000000000000000e+03 9.693574999999999831e-01
8.355000000000000000e+03 9.702893000000000212e-01
8.350000000000000000e+03 9.700902000000000136e-01
8.345000000000000000e+03 9.700785999999999021e-01
8.340000000000000000e+03 9.714876999999999541e-01
8.335000000000000000e+03 9.703762999999999694e-01
8.330000000000000000e+03 9.710676999999999781e-01
8.325000000000000000e+03 9.728303999999999840e-01
8.320000000000000000e+03 9.738057999999999437e-01
8.315000000000000000e+03 9.736913000000000373e-01
8.310000000000000000e+03 9.753718999999999584e-01
8.305000000000000000e+03 9.756017000000000161e-01
8.300000000000000000e+03 9.758208000000000437e-01
8.295000000000000000e+03 9.765609999999999014e-01
8.290000000000000000e+03 9.775367000000000361e-01
8.285000000000000000e+03 9.777434999999999876e-01
8.280000000000000000e+03 9.791718000000000366e-01
8.275000000000000000e+03 9.810997000000000190e-01
8.270000000000000000e+03 9.802970999999999213e-01
8.265000000000000000e+03 9.829149999999999832e-01
8.260000000000000000e+03 9.821621000000000379e-01
8.255000000000000000e+03 9.819110000000000893e-01
8.250000000000000000e+03 9.841585999999999945e-01
8.245000000000000000e+03 9.840358999999999634e-01
8.240000000000000000e+03 9.833736000000000699e-01
8.235000000000000000e+03 9.843591999999999897e-01
8.230000000000000000e+03 9.844357999999999720e-01
8.225000000000000000e+03 9.848712999999998940e-01
8.220000000000000000e+03 9.836508000000000473e-01
8.215000000000000000e+03 9.853621999999999659e-01
8.210000000000000000e+03 9.845135999999999887e-01
8.205000000000000000e+03 9.849261999999999739e-01
8.200000000000000000e+03 9.842710999999999544e-01
8.195000000000000000e+03 9.840965000000000407e-01
8.190000000000000000e+03 9.833566000000000251e-01
8.185000000000000000e+03 9.829156000000000004e-01
8.180000000000000000e+03 9.828833000000000153e-01
8.175000000000000000e+03 9.825928999999998803e-01
8.170000000000000000e+03 9.822686000000000472e-01
8.165000000000000000e+03 9.815313999999999428e-01
8.160000000000000000e+03 9.810698999999999392e-01
8.155000000000000000e+03 9.802880000000000482e-01
8.150000000000000000e+03 9.806970999999999883e-01
8.145000000000000000e+03 9.790949999999999376e-01
8.140000000000000000e+03 9.789987999999999468e-01
8.135000000000000000e+03 9.774398999999999171e-01
8.130000000000000000e+03 9.787959999999999994e-01
8.125000000000000000e+03 9.764456000000000246e-01
8.120000000000000000e+03 9.753155999999999493e-01
8.115000000000000000e+03 9.758742999999999723e-01
8.110000000000000000e+03 9.755641000000000451e-01
8.105000000000000000e+03 9.753117000000000036e-01
8.100000000000000000e+03 9.746538999999999620e-01
8.095000000000000000e+03 9.733823999999999810e-01
8.090000000000000000e+03 9.723247999999999891e-01
8.085000000000000000e+03 9.721794000000000269e-01
8.080000000000000000e+03 9.711634999999999573e-01
8.075000000000000000e+03 9.698510000000000186e-01
8.070000000000000000e+03 9.701448999999999767e-01
8.065000000000000000e+03 9.694213000000000413e-01
8.060000000000000000e+03 9.689986000000000432e-01
8.055000000000000000e+03 9.690396000000000010e-01
8.050000000000000000e+03 9.672564999999999635e-01
8.045000000000000000e+03 9.663706999999999159e-01
8.040000000000000000e+03 9.672254999999999603e-01
8.035000000000000000e+03 9.667345000000000521e-01
8.030000000000000000e+03 9.670687999999999507e-01
8.025000000000000000e+03 9.664740999999998916e-01
8.020000000000000000e+03 9.664962000000000275e-01
8.015000000000000000e+03 9.662546000000000745e-01
8.010000000000000000e+03 9.677054999999999962e-01
8.005000000000000000e+03 9.685382000000000158e-01
8.000000000000000000e+03 9.682765999999999318e-01
7.995000000000000000e+03 9.668873999999999524e-01
7.990000000000000000e+03 9.687748000000000470e-01
7.985000000000000000e+03 9.705647000000000579e-01
7.980000000000000000e+03 9.707776999999999656e-01
7.975000000000000000e+03 9.713084000000000717e-01
7.970000000000000000e+03 9.736985000000000223e-01
7.965000000000000000e+03 9.756516000000000632e-01
7.960000000000000000e+03 9.764175000000000493e-01
7.955000000000000000e+03 9.787656999999999607e-01
7.950000000000000000e+03 9.787154999999999605e-01
7.945000000000000000e+03 9.792234999999999134e-01
7.940000000000000000e+03 9.808719999999999661e-01
7.935000000000000000e+03 9.832133000000000678e-01
7.930000000000000000e+03 9.850590000000000179e-01
7.925000000000000000e+03 9.832136999999999682e-01
7.920000000000000000e+03 9.851942000000000199e-01
7.915000000000000000e+03 9.848483000000000098e-01
7.910000000000000000e+03 9.842898999999999399e-01
7.905000000000000000e+03 9.847166000000000530e-01
7.900000000000000000e+03 9.848869000000000096e-01
7.895000000000000000e+03 9.840945999999999305e-01
7.890000000000000000e+03 9.856749000000000205e-01
7.885000000000000000e+03 9.830642000000000547e-01
7.880000000000000000e+03 9.838321999999999345e-01
7.875000000000000000e+03 9.841490000000000515e-01
7.870000000000000000e+03 9.819503000000000537e-01
7.865000000000000000e+03 9.824348000000000525e-01
7.860000000000000000e+03 9.814669000000000310e-01
7.855000000000000000e+03 9.816875000000000462e-01
7.850000000000000000e+03 9.793568000000000273e-01
7.845000000000000000e+03 9.787580999999999642e-01
7.840000000000000000e+03 9.797633000000000036e-01
7.835000000000000000e+03 9.794317999999999635e-01
7.830000000000000000e+03 9.786664000000000474e-01
7.825000000000000000e+03 9.784005000000000063e-01
7.820000000000000000e+03 9.782639000000000751e-01
7.815000000000000000e+03 9.786024999999999308e-01
7.810000000000000000e+03 9.768889000000000600e-01
7.805000000000000000e+03 9.789127000000000800e-01
7.800000000000000000e+03 9.776513000000000009e-01
7.795000000000000000e+03 9.783683000000000796e-01
7.790000000000000000e+03 9.769813999999999998e-01
7.785000000000000000e+03 9.794330999999999454e-01
7.780000000000000000e+03 9.784941999999999807e-01
7.775000000000000000e+03 9.794455999999999163e-01
7.770000000000000000e+03 9.794159999999999533e-01
7.765000000000000000e+03 9.797375999999999863e-01
7.760000000000000000e+03 9.808396999999999810e-01
7.755000000000000000e+03 9.796901999999999555e-01
7.750000000000000000e+03 9.796306999999999654e-01
7.745000000000000000e+03 9.803009000000000306e-01
7.740000000000000000e+03 9.819472000000000200e-01
7.735000000000000000e+03 9.793420000000000458e-01
7.730000000000000000e+03 9.793117999999999546e-01
7.725000000000000000e+03 9.797508999999999801e-01
7.720000000000000000e+03 9.803310000000000635e-01
7.715000000000000000e+03 9.796880000000000033e-01
7.710000000000000000e+03 9.796565999999999885e-01
7.705000000000000000e+03 9.790201999999998961e-01
7.700000000000000000e+03 9.796581000000000872e-01
7.695000000000000000e+03 9.782187999999999439e-01
7.690000000000000000e+03 9.801918999999998938e-01
7.685000000000000000e+03 9.799281999999999160e-01
7.680000000000000000e+03 9.795870999999999329e-01
7.675000000000000000e+03 9.805585000000001106e-01
7.670000000000000000e+03 9.792036000000000628e-01
7.665000000000000000e+03 9.805397000000000141e-01
7.660000000000000000e+03 9.800256000000000522e-01
7.655000000000000000e+03 9.796052000000000648e-01
7.650000000000000000e+03 9.812868000000000146e-01
7.645000000000000000e+03 9.813831000000000637e-01
7.640000000000000000e+03 9.808223999999999831e-01
7.635000000000000000e+03 9.810737000000000485e-01
7.630000000000000000e+03 9.815589000000000119e-01
7.625000000000000000e+03 9.814652999999999849e-01
7.620000000000000000e+03 9.827782999999999936e-01
7.615000000000000000e+03 9.824133000000000449e-01
7.610000000000000000e+03 9.815564999999999429e-01
7.605000000000000000e+03 9.809520999999999935e-01
7.600000000000000000e+03 9.798511000000000859e-01
7.595000000000000000e+03 9.797490000000000920e-01
7.590000000000000000e+03 9.790562000000000431e-01
7.585000000000000000e+03 9.781969999999999832e-01
7.580000000000000000e+03 9.773015999999999925e-01
7.575000000000000000e+03 9.765098999999999307e-01
7.570000000000000000e+03 9.748449999999999616e-01
7.565000000000000000e+03 9.740552000000000099e-01
7.560000000000000000e+03 9.738803000000000321e-01
7.555000000000000000e+03 9.723513999999999768e-01
7.550000000000000000e+03 9.715900000000000647e-01
7.545000000000000000e+03 9.715882000000000129e-01
7.540000000000000000e+03 9.709815000000000529e-01
7.535000000000000000e+03 9.687743000000000881e-01
7.530000000000000000e+03 9.714445000000000441e-01
7.525000000000000000e+03 9.710771000000000264e-01
7.520000000000000000e+03 9.719536999999999205e-01
7.515000000000000000e+03 9.719221000000000110e-01
7.510000000000000000e+03 9.729413999999999563e-01
7.505000000000000000e+03 9.735365000000000268e-01
7.500000000000000000e+03 9.752028999999999836e-01
7.495000000000000000e+03 9.750230000000000841e-01
7.490000000000000000e+03 9.779223000000000221e-01
7.485000000000000000e+03 9.781829999999999137e-01
7.480000000000000000e+03 9.782868000000000119e-01
7.475000000000000000e+03 9.785709000000000213e-01
7.470000000000000000e+03 9.811326000000000214e-01
7.465000000000000000e+03 9.806840999999999475e-01
7.460000000000000000e+03 9.804695999999999412e-01
7.455000000000000000e+03 9.819624000000000130e-01
7.450000000000000000e+03 9.823288999999999493e-01
7.445000000000000000e+03 9.822234000000000798e-01
7.440000000000000000e+03 9.819632999999999834e-01
7.435000000000000000e+03 9.827743999999999369e-01
7.430000000000000000e+03 9.811997999999999553e-01
7.425000000000000000e+03 9.808776000000000161e-01
7.420000000000000000e+03 9.816158000000000383e-01
7.415000000000000000e+03 9.807564999999999200e-01
7.410000000000000000e+03 9.790139999999999398e-01
7.405000000000000000e+03 9.794173000000000462e-01
7.400000000000000000e+03 9.776633999999999602e-01
7.395000000000000000e+03 9.781109999999999527e-01
7.390000000000000000e+03 9.777241999999999322e-01
7.385000000000000000e+03 9.781820999999999433e-01
7.380000000000000000e+03 9.777715999999999630e-01
7.375000000000000000e+03 9.766231999999999136e-01
7.370000000000000000e+03 9.761478999999999573e-01
7.365000000000000000e+03 9.769041000000000530e-01
7.360000000000000000e+03 9.755641000000000451e-01
7.355000000000000000e+03 9.770240000000000036e-01
7.350000000000000000e+03 9.770866999999999747e-01
7.345000000000000000e+03 9.755968999999999891e-01
7.340000000000000000e+03 9.772006000000000858e-01
7.335000000000000000e+03 9.755494000000000110e-01
7.330000000000000000e+03 9.768595999999999391e-01
7.325000000000000000e+03 9.763151999999999386e-01
7.320000000000000000e+03 9.758168000000000397e-01
7.315000000000000000e+03 9.766327999999999676e-01
7.310000000000000000e+03 9.767386999999999597e-01
7.305000000000000000e+03 9.766736000000000306e-01
7.300000000000000000e+03 9.764642000000001154e-01
7.295000000000000000e+03 9.759151000000000353e-01
7.290000000000000000e+03 9.773037999999999448e-01
7.285000000000000000e+03 9.771160999999999319e-01
7.280000000000000000e+03 9.781131000000000686e-01
7.275000000000000000e+03 9.767438999999999982e-01
7.270000000000000000e+03 9.791477999999999016e-01
7.265000000000000000e+03 9.800005000000000521e-01
7.260000000000000000e+03 9.793398000000000936e-01
7.255000000000000000e+03 9.813151999999999431e-01
7.250000000000000000e+03 9.812931000000000292e-01
7.245000000000000000e+03 9.824578999999999951e-01
7.240000000000000000e+03 9.832011999999999974e-01
7.235000000000000000e+03 9.839132999999999907e-01
7.230000000000000000e+03 9.848130999999998858e-01
7.225000000000000000e+03 9.857624999999999860e-01
7.220000000000000000e+03 9.861848000000000836e-01
7.215000000000000000e+03 9.864992999999999679e-01
7.210000000000000000e+03 9.876228000000000229e-01
7.205000000000000000e+03 9.882085999999999926e-01
7.200000000000000000e+03 9.880530000000000701e-01
7.195000000000000000e+03 9.888464000000000143e-01
7.190000000000000000e+03 9.879037999999999986e-01
7.185000000000000000e+03 9.884717999999999005e-01
7.180000000000000000e+03 9.878534999999999400e-01
7.175000000000000000e+03 9.867673999999999612e-01
7.170000000000000000e+03 9.867198000000000357e-01
7.165000000000000000e+03 9.858130999999999977e-01
7.160000000000000000e+03 9.852142000000000399e-01
7.155000000000000000e+03 9.854913000000000700e-01
7.150000000000000000e+03 9.843345999999999485e-01
7.145000000000000000e+03 9.840172999999999837e-01
7.140000000000000000e+03 9.844178999999999569e-01
7.135000000000000000e+03 9.845449000000000561e-01
7.130000000000000000e+03 9.825687999999999089e-01
7.125000000000000000e+03 9.831462000000000812e-01
7.120000000000000000e+03 9.822709999999998942e-01
7.115000000000000000e+03 9.824411000000000671e-01
7.110000000000000000e+03 9.830773999999999901e-01
7.105000000000000000e+03 9.815158999999999967e-01
7.100000000000000000e+03 9.823195999999999595e-01
7.095000000000000000e+03 9.815236000000000516e-01
7.090000000000000000e+03 9.806762999999999453e-01
7.085000000000000000e+03 9.814148000000000316e-01
7.080000000000000000e+03 9.801040999999999226e-01
7.075000000000000000e+03 9.791231000000000240e-01
7.070000000000000000e+03 9.783401999999999932e-01
7.065000000000000000e+03 9.774469000000000074e-01
7.060000000000000000e+03 9.772298999999999847e-01
7.055000000000000000e+03 9.772888000000000686e-01
7.050000000000000000e+03 9.769497999999999793e-01
7.045000000000000000e+03 9.768499999999999961e-01
7.040000000000000000e+03 9.756177999999999795e-01
7.035000000000000000e+03 9.762106000000000394e-01
7.030000000000000000e+03 9.754197999999999480e-01
7.025000000000000000e+03 9.733201999999999687e-01
7.020000000000000000e+03 9.729750000000000343e-01
7.015000000000000000e+03 9.726636000000000726e-01
7.010000000000000000e+03 9.689613999999999727e-01
7.005000000000000000e+03 9.647230999999999446e-01
7.000000000000000000e+03 9.599847000000000241e-01
6.995000000000000000e+03 9.522327999999999903e-01
6.990000000000000000e+03 9.430943999999999994e-01
6.985000000000000000e+03 9.322534000000000098e-01
6.980000000000000000e+03 9.160789999999999766e-01
6.975000000000000000e+03 8.990911000000000319e-01
6.970000000000000000e+03 8.802765999999999647e-01
6.965000000000000000e+03 8.591933000000000487e-01
6.960000000000000000e+03 8.358588000000000129e-01
6.955000000000000000e+03 8.112357000000000040e-01
6.950000000000000000e+03 7.861302000000001122e-01
6.945000000000000000e+03 7.605787999999999993e-01
6.940000000000000000e+03 7.339977000000000862e-01
6.935000000000000000e+03 7.089817999999999953e-01
6.930000000000000000e+03 6.831408999999999399e-01
6.925000000000000000e+03 6.587536999999999976e-01
6.920000000000000000e+03 6.340845000000000509e-01
6.915000000000000000e+03 6.119601000000000068e-01
6.910000000000000000e+03 5.902049999999999796e-01
6.905000000000000000e+03 5.712842000000000198e-01
6.900000000000000000e+03 5.512357999999999425e-01
6.895000000000000000e+03 5.345866000000000229e-01
6.890000000000000000e+03 5.180301000000000489e-01
6.885000000000000000e+03 5.021179000000000059e-01
6.880000000000000000e+03 4.858091000000000492e-01
6.875000000000000000e+03 4.706296999999999842e-01
6.870000000000000000e+03 4.542425999999999409e-01
6.865000000000000000e+03 4.374171000000000031e-01
6.860000000000000000e+03 4.192215999999999720e-01
6.855000000000000000e+03 4.000408000000000297e-01
6.850000000000000000e+03 3.791127000000000247e-01
6.845000000000000000e+03 3.582209000000000088e-01
6.840000000000000000e+03 3.360179000000000360e-01
6.835000000000000000e+03 3.131480000000000374e-01
6.830000000000000000e+03 2.904141000000000084e-01
6.825000000000000000e+03 2.691897000000000317e-01
6.820000000000000000e+03 2.477400000000000158e-01
6.815000000000000000e+03 2.280844999999999956e-01
6.810000000000000000e+03 2.096463999999999828e-01
6.805000000000000000e+03 1.929217999999999766e-01
6.800000000000000000e+03 1.773058999999999885e-01
6.795000000000000000e+03 1.642409999999999981e-01
6.790000000000000000e+03 1.521472000000000102e-01
6.785000000000000000e+03 1.418897000000000075e-01
6.780000000000000000e+03 1.326996000000000009e-01
6.775000000000000000e+03 1.250418000000000085e-01
6.770000000000000000e+03 1.190639000000000003e-01
6.765000000000000000e+03 1.134942999999999924e-01
6.760000000000000000e+03 1.090196999999999972e-01
6.755000000000000000e+03 1.057978999999999864e-01
6.750000000000000000e+03 1.024455999999999978e-01
6.745000000000000000e+03 9.978850000000000220e-02
6.740000000000000000e+03 9.689899999999999902e-02
6.735000000000000000e+03 9.401680000000001147e-02
6.730000000000000000e+03 9.060119999999999285e-02
6.725000000000000000e+03 8.647930000000000894e-02
6.720000000000000000e+03 8.112060000000000104e-02
6.715000000000000000e+03 7.509629999999999084e-02
6.710000000000000000e+03 6.842929999999999846e-02
6.705000000000000000e+03 6.145089999999999580e-02
6.700000000000000000e+03 5.382460000000000022e-02
6.695000000000000000e+03 4.682210000000000538e-02
6.690000000000000000e+03 3.953660000000000507e-02
6.685000000000000000e+03 3.349200000000000094e-02
6.680000000000000000e+03 2.785170000000000007e-02
6.675000000000000000e+03 2.302630000000000302e-02
6.670000000000000000e+03 1.870570000000000219e-02
6.665000000000000000e+03 1.582470000000000057e-02
6.660000000000000000e+03 1.300789999999999932e-02
6.655000000000000000e+03 1.079630000000000173e-02
6.650000000000000000e+03 8.743499999999999536e-03
6.645000000000000000e+03 7.519000000000000510e-03
6.640000000000000000e+03 6.402500000000000205e-03
6.635000000000000000e+03 5.272299999999999730e-03
6.630000000000000000e+03 4.761200000000000154e-03
6.625000000000000000e+03 4.329700000000000562e-03
6.620000000000000000e+03 3.763900000000000145e-03
6.615000000000000000e+03 3.230100000000000072e-03
6.610000000000000000e+03 3.072099999999999918e-03
6.605000000000000000e+03 2.639900000000000146e-03
6.600000000000000000e+03 2.416699999999999925e-03
6.595000000000000000e+03 2.219399999999999845e-03
6.590000000000000000e+03 1.937099999999999976e-03
6.585000000000000000e+03 1.921599999999999871e-03
6.580000000000000000e+03 1.876400000000000073e-03
6.575000000000000000e+03 1.769699999999999919e-03
6.570000000000000000e+03 1.841599999999999878e-03
6.565000000000000000e+03 1.658900000000000045e-03
6.560000000000000000e+03 1.642800000000000033e-03
6.555000000000000000e+03 1.762700000000000074e-03
6.550000000000000000e+03 1.628300000000000060e-03
6.545000000000000000e+03 1.457299999999999915e-03
6.540000000000000000e+03 1.545999999999999848e-03
6.535000000000000000e+03 1.543200000000000214e-03
6.530000000000000000e+03 1.444999999999999887e-03
6.525000000000000000e+03 1.613000000000000067e-03
6.520000000000000000e+03 1.743999999999999891e-03
6.515000000000000000e+03 1.958999999999999804e-03
6.510000000000000000e+03 1.774799999999999989e-03
6.505000000000000000e+03 2.117500000000000025e-03
6.500000000000000000e+03 2.230999999999999910e-03
6.495000000000000000e+03 2.554199999999999960e-03
6.490000000000000000e+03 2.973799999999999968e-03
6.485000000000000000e+03 3.347200000000000262e-03
6.480000000000000000e+03 3.807900000000000347e-03
6.475000000000000000e+03 4.478199999999999889e-03
6.470000000000000000e+03 5.064999999999999190e-03
6.465000000000000000e+03 5.945100000000000037e-03
6.460000000000000000e+03 6.661499999999999887e-03
6.455000000000000000e+03 7.410299999999999873e-03
6.450000000000000000e+03 8.169100000000000319e-03
6.445000000000000000e+03 8.584599999999999523e-03
6.440000000000000000e+03 8.628400000000001346e-03
6.435000000000000000e+03 8.494899999999999674e-03
6.430000000000000000e+03 7.935600000000000986e-03
6.425000000000000000e+03 7.348999999999999630e-03
6.420000000000000000e+03 6.641300000000000155e-03
6.415000000000000000e+03 5.970900000000000339e-03
6.410000000000000000e+03 5.131799999999999730e-03
6.405000000000000000e+03 4.595099999999999532e-03
6.400000000000000000e+03 4.131199999999999803e-03
6.395000000000000000e+03 3.654499999999999763e-03
6.390000000000000000e+03 3.360699999999999885e-03
6.385000000000000000e+03 3.043799999999999718e-03
6.380000000000000000e+03 3.033199999999999785e-03
6.375000000000000000e+03 2.779499999999999853e-03
6.370000000000000000e+03 2.652499999999999910e-03
6.365000000000000000e+03 2.750400000000000067e-03
6.360000000000000000e+03 2.682999999999999621e-03
6.355000000000000000e+03 2.736199999999999830e-03
6.350000000000000000e+03 2.968500000000000218e-03
6.345000000000000000e+03 2.972999999999999948e-03
6.340000000000000000e+03 3.273799999999999887e-03
6.335000000000000000e+03 3.356899999999999901e-03
6.330000000000000000e+03 3.783099999999999744e-03
6.325000000000000000e+03 4.144399999999999473e-03
6.320000000000000000e+03 4.609699999999999562e-03
6.315000000000000000e+03 5.331399999999999161e-03
6.310000000000000000e+03 6.234899999999999817e-03
6.305000000000000000e+03 7.325399999999999273e-03
6.300000000000000000e+03 8.671500000000000388e-03
6.295000000000000000e+03 1.057480000000000052e-02
6.290000000000000000e+03 1.262339999999999990e-02
6.285000000000000000e+03 1.528499999999999998e-02
6.280000000000000000e+03 1.831080000000000207e-02
6.275000000000000000e+03 2.168890000000000054e-02
6.270000000000000000e+03 2.506419999999999829e-02
6.265000000000000000e+03 2.833050000000000151e-02
6.260000000000000000e+03 3.133330000000000143e-02
6.255000000000000000e+03 3.360710000000000086e-02
6.250000000000000000e+03 3.522559999999999580e-02
6.245000000000000000e+03 3.631749999999999562e-02
6.240000000000000000e+03 3.638459999999999611e-02
6.235000000000000000e+03 3.612939999999999902e-02
6.230000000000000000e+03 3.559860000000000108e-02
6.225000000000000000e+03 3.471089999999999592e-02
6.220000000000000000e+03 3.395109999999999795e-02
6.215000000000000000e+03 3.349959999999999744e-02
6.210000000000000000e+03 3.290459999999999913e-02
6.205000000000000000e+03 3.209329999999999822e-02
6.200000000000000000e+03 3.178720000000000157e-02
6.195000000000000000e+03 3.151779999999999859e-02
6.190000000000000000e+03 3.084690000000000001e-02
6.185000000000000000e+03 3.035649999999999807e-02
6.180000000000000000e+03 2.937870000000000065e-02
6.175000000000000000e+03 2.838960000000000095e-02
6.170000000000000000e+03 2.717220000000000052e-02
6.165000000000000000e+03 2.580649999999999958e-02
6.160000000000000000e+03 2.430270000000000000e-02
6.155000000000000000e+03 2.233839999999999784e-02
6.150000000000000000e+03 2.061409999999999978e-02
6.145000000000000000e+03 1.893350000000000241e-02
6.140000000000000000e+03 1.663130000000000164e-02
6.135000000000000000e+03 1.498000000000000026e-02
6.130000000000000000e+03 1.332769999999999962e-02
6.125000000000000000e+03 1.187429999999999909e-02
6.120000000000000000e+03 1.058650000000000042e-02
6.115000000000000000e+03 9.310399999999999926e-03
6.110000000000000000e+03 8.219199999999999423e-03
6.105000000000000000e+03 7.431400000000000332e-03
6.100000000000000000e+03 6.698499999999999593e-03
6.095000000000000000e+03 6.044299999999999846e-03
6.090000000000000000e+03 5.483200000000000573e-03
6.085000000000000000e+03 5.389399999999999920e-03
6.080000000000000000e+03 5.098399999999999460e-03
6.075000000000000000e+03 4.853199999999999355e-03
6.070000000000000000e+03 4.792799999999999838e-03
6.065000000000000000e+03 4.818300000000000187e-03
6.060000000000000000e+03 4.801800000000000165e-03
6.055000000000000000e+03 4.954799999999999656e-03
6.050000000000000000e+03 5.288799999999999751e-03
6.045000000000000000e+03 5.431500000000000564e-03
6.040000000000000000e+03 5.626499999999999557e-03
6.035000000000000000e+03 5.858799999999999945e-03
6.030000000000000000e+03 6.013100000000000389e-03
6.025000000000000000e+03 5.844899999999999228e-03
6.020000000000000000e+03 5.531899999999999318e-03
6.015000000000000000e+03 5.319599999999999849e-03
6.010000000000000000e+03 4.480700000000000655e-03
6.005000000000000000e+03 3.904200000000000031e-03
6.000000000000000000e+03 3.408500000000000071e-03
5.995000000000000000e+03 2.810699999999999744e-03
5.990000000000000000e+03 2.081299999999999904e-03
5.985000000000000000e+03 1.738399999999999971e-03
5.980000000000000000e+03 1.458199999999999991e-03
5.975000000000000000e+03 1.139899999999999898e-03
5.970000000000000000e+03 1.136599999999999980e-03
5.965000000000000000e+03 8.348999999999999651e-04
5.960000000000000000e+03 7.902000000000000170e-04
5.955000000000000000e+03 7.158000000000000517e-04
5.950000000000000000e+03 5.615999999999999898e-04
5.945000000000000000e+03 5.972999999999999360e-04
5.940000000000000000e+03 5.341999999999999743e-04
5.935000000000000000e+03 5.883999999999999907e-04
5.930000000000000000e+03 4.519000000000000339e-04
5.925000000000000000e+03 4.587999999999999847e-04
5.920000000000000000e+03 4.191999999999999980e-04
5.915000000000000000e+03 3.996000000000000094e-04
5.910000000000000000e+03 4.265999999999999610e-04
5.905000000000000000e+03 4.046000000000000226e-04
5.900000000000000000e+03 4.241000000000000087e-04
5.895000000000000000e+03 2.892000000000000365e-04
5.890000000000000000e+03 4.846000000000000156e-04
5.885000000000000000e+03 3.737999999999999786e-04
5.880000000000000000e+03 3.003000000000000352e-04
5.875000000000000000e+03 3.806999999999999837e-04
5.870000000000000000e+03 4.268999999999999683e-04
5.865000000000000000e+03 5.446999999999999585e-04
5.860000000000000000e+03 4.625000000000000205e-04
5.855000000000000000e+03 4.075999999999999871e-04
5.850000000000000000e+03 4.905000000000000505e-04
5.845000000000000000e+03 5.724999999999999837e-04
5.840000000000000000e+03 6.206999999999999627e-04
5.835000000000000000e+03 6.080000000000000335e-04
5.830000000000000000e+03 8.332000000000000864e-04
5.825000000000000000e+03 8.058999999999999107e-04
5.820000000000000000e+03 8.771000000000000150e-04
5.815000000000000000e+03 9.689000000000000780e-04
5.810000000000000000e+03 1.143600000000000042e-03
5.805000000000000000e+03 1.290699999999999877e-03
5.800000000000000000e+03 1.587899999999999945e-03
5.795000000000000000e+03 1.845999999999999768e-03
5.790000000000000000e+03 2.041700000000000025e-03
5.785000000000000000e+03 2.288600000000000009e-03
5.780000000000000000e+03 2.334899999999999996e-03
5.775000000000000000e+03 2.372400000000000203e-03
5.770000000000000000e+03 2.454599999999999924e-03
5.765000000000000000e+03 2.248200000000000112e-03
5.760000000000000000e+03 2.223399999999999942e-03
5.755000000000000000e+03 1.943999999999999981e-03
5.750000000000000000e+03 1.869300000000000172e-03
5.745000000000000000e+03 1.635799999999999971e-03
5.740000000000000000e+03 1.694100000000000033e-03
5.735000000000000000e+03 1.506699999999999923e-03
5.730000000000000000e+03 1.477599999999999920e-03
5.725000000000000000e+03 1.452600000000000072e-03
5.720000000000000000e+03 1.577099999999999900e-03
5.715000000000000000e+03 1.485900000000000068e-03
5.710000000000000000e+03 1.725299999999999924e-03
5.705000000000000000e+03 1.695299999999999845e-03
5.700000000000000000e+03 1.958099999999999945e-03
5.695000000000000000e+03 2.163200000000000105e-03
5.690000000000000000e+03 2.381900000000000163e-03
5.685000000000000000e+03 2.689599999999999890e-03
5.680000000000000000e+03 3.131600000000000009e-03
5.675000000000000000e+03 3.582399999999999907e-03
5.670000000000000000e+03 3.835799999999999887e-03
5.665000000000000000e+03 3.992200000000000436e-03
5.660000000000000000e+03 4.035500000000000025e-03
5.655000000000000000e+03 3.995000000000000287e-03
5.650000000000000000e+03 3.985700000000000007e-03
5.645000000000000000e+03 3.473300000000000345e-03
5.640000000000000000e+03 3.071099999999999785e-03
5.635000000000000000e+03 2.590899999999999714e-03
5.630000000000000000e+03 2.019899999999999821e-03
5.625000000000000000e+03 1.676199999999999869e-03
5.620000000000000000e+03 1.317800000000000048e-03
5.615000000000000000e+03 1.141400000000000097e-03
5.610000000000000000e+03 9.071999999999999335e-04
5.605000000000000000e+03 6.642000000000000985e-04
5.600000000000000000e+03 4.651999999999999777e-04
5.595000000000000000e+03 5.073999999999999734e-04
5.590000000000000000e+03 2.606999999999999942e-04
5.585000000000000000e+03 2.642999999999999733e-04
5.580000000000000000e+03 3.450000000000000375e-04
5.575000000000000000e+03 2.808999999999999973e-04
5.570000000000000000e+03 2.435999999999999852e-04
5.565000000000000000e+03 2.679000000000000066e-04
5.560000000000000000e+03 2.170000000000000162e-04
5.555000000000000000e+03 2.455000000000000042e-04
5.550000000000000000e+03 1.572000000000000263e-04
5.545000000000000000e+03 2.913999999999999815e-04
5.540000000000000000e+03 1.506000000000000014e-04
5.535000000000000000e+03 2.852999999999999959e-04
5.530000000000000000e+03 2.370999999999999898e-04
5.525000000000000000e+03 2.464999999999999743e-04
5.520000000000000000e+03 2.571000000000000152e-04
5.515000000000000000e+03 2.068999999999999876e-04
5.510000000000000000e+03 1.468999999999999928e-04
5.505000000000000000e+03 1.905999999999999979e-04
5.500000000000000000e+03 1.909000000000000052e-04
5.495000000000000000e+03 2.932999999999999735e-04
5.490000000000000000e+03 1.825999999999999932e-04
5.485000000000000000e+03 1.972999999999999982e-04
5.480000000000000000e+03 3.146000000000000033e-04
5.475000000000000000e+03 4.818999999999999499e-04
5.470000000000000000e+03 6.187000000000000225e-04
5.465000000000000000e+03 9.881000000000000026e-04
5.460000000000000000e+03 1.174000000000000130e-03
5.455000000000000000e+03 1.479699999999999809e-03
5.450000000000000000e+03 2.024799999999999777e-03
5.445000000000000000e+03 2.134999999999999745e-03
5.440000000000000000e+03 2.345400000000000089e-03
5.435000000000000000e+03 2.182600000000000252e-03
5.430000000000000000e+03 1.855499999999999945e-03
5.425000000000000000e+03 1.582300000000000026e-03
5.420000000000000000e+03 1.176900000000000038e-03
5.415000000000000000e+03 9.223000000000000295e-04
5.410000000000000000e+03 7.280000000000000230e-04
5.405000000000000000e+03 5.020000000000000590e-04
5.400000000000000000e+03 4.905000000000000505e-04
5.395000000000000000e+03 4.275999999999999853e-04
5.390000000000000000e+03 4.932000000000000620e-04
5.385000000000000000e+03 5.835999999999999825e-04
5.380000000000000000e+03 5.550999999999999945e-04
5.375000000000000000e+03 5.858999999999999842e-04
5.370000000000000000e+03 5.908999999999999973e-04
5.365000000000000000e+03 6.260999999999999855e-04
5.360000000000000000e+03 8.508000000000000805e-04
5.355000000000000000e+03 7.552000000000000336e-04
5.350000000000000000e+03 1.172599999999999988e-03
5.345000000000000000e+03 1.212699999999999933e-03
5.340000000000000000e+03 1.580199999999999921e-03
5.335000000000000000e+03 1.801099999999999923e-03
5.330000000000000000e+03 1.908299999999999927e-03
5.325000000000000000e+03 2.048099999999999747e-03
5.320000000000000000e+03 2.081200000000000064e-03
5.315000000000000000e+03 2.186700000000000189e-03
5.310000000000000000e+03 1.991700000000000328e-03
5.305000000000000000e+03 1.809499999999999911e-03
5.300000000000000000e+03 1.470299999999999906e-03
5.295000000000000000e+03 1.267800000000000133e-03
5.290000000000000000e+03 1.007599999999999989e-03
5.285000000000000000e+03 9.317000000000000412e-04
5.280000000000000000e+03 6.187999999999999707e-04
5.275000000000000000e+03 6.137999999999999576e-04
5.270000000000000000e+03 5.210999999999999270e-04
5.265000000000000000e+03 4.150000000000000043e-04
5.260000000000000000e+03 3.321000000000000492e-04
5.255000000000000000e+03 4.209000000000000393e-04
5.250000000000000000e+03 3.874999999999999864e-04
5.245000000000000000e+03 2.843000000000000258e-04
5.240000000000000000e+03 3.246000000000000296e-04
5.235000000000000000e+03 2.824000000000000338e-04
5.230000000000000000e+03 2.756000000000000312e-04
5.225000000000000000e+03 2.752999999999999696e-04
5.220000000000000000e+03 3.109000000000000218e-04
5.215000000000000000e+03 2.719999999999999979e-04
5.210000000000000000e+03 3.296999999999999909e-04
5.205000000000000000e+03 1.856000000000000119e-04
5.200000000000000000e+03 3.461999999999999583e-04
5.195000000000000000e+03 4.363999999999999824e-04
5.190000000000000000e+03 3.291000000000000305e-04
5.185000000000000000e+03 3.637000000000000042e-04
5.180000000000000000e+03 4.101999999999999960e-04
5.175000000000000000e+03 5.782000000000000681e-04
5.170000000000000000e+03 7.555000000000000951e-04
5.165000000000000000e+03 9.295000000000000961e-04
5.160000000000000000e+03 1.568700000000000129e-03
5.155000000000000000e+03 2.626899999999999721e-03
5.150000000000000000e+03 4.278199999999999364e-03
5.145000000000000000e+03 6.049699999999999869e-03
5.140000000000000000e+03 8.139999999999999666e-03
5.135000000000000000e+03 9.695799999999999211e-03
5.130000000000000000e+03 1.085190000000000113e-02
5.125000000000000000e+03 1.084340000000000130e-02
5.120000000000000000e+03 1.007090000000000068e-02
5.115000000000000000e+03 8.659599999999999936e-03
5.110000000000000000e+03 7.128600000000000561e-03
5.105000000000000000e+03 5.636500000000000017e-03
5.100000000000000000e+03 4.403999999999999929e-03
5.095000000000000000e+03 3.894699999999999638e-03
5.090000000000000000e+03 3.538499999999999979e-03
5.085000000000000000e+03 3.755599999999999997e-03
5.080000000000000000e+03 4.157199999999999784e-03
5.075000000000000000e+03 4.638599999999999668e-03
5.070000000000000000e+03 5.448699999999999898e-03
5.065000000000000000e+03 6.245099999999999957e-03
5.060000000000000000e+03 6.969699999999999680e-03
5.055000000000000000e+03 7.906200000000000380e-03
5.050000000000000000e+03 8.347300000000000206e-03
5.045000000000000000e+03 8.657599999999999671e-03
5.040000000000000000e+03 8.560299999999999854e-03
5.035000000000000000e+03 8.126500000000000043e-03
5.030000000000000000e+03 7.669899999999999461e-03
5.025000000000000000e+03 6.948100000000000456e-03
5.020000000000000000e+03 6.648399999999999622e-03
5.015000000000000000e+03 5.804300000000000084e-03
5.010000000000000000e+03 5.407900000000000207e-03
5.005000000000000000e+03 5.042100000000000748e-03
5.000000000000000000e+03 4.688999999999999592e-03
4.995000000000000000e+03 4.577200000000000019e-03
4.990000000000000000e+03 4.394300000000000289e-03
4.985000000000000000e+03 4.270799999999999944e-03
4.980000000000000000e+03 4.193299999999999632e-03
4.975000000000000000e+03 4.026400000000000291e-03
4.970000000000000000e+03 3.927400000000000162e-03
4.965000000000000000e+03 3.748899999999999889e-03
4.960000000000000000e+03 3.531700000000000030e-03
4.955000000000000000e+03 3.351600000000000152e-03
4.950000000000000000e+03 3.266499999999999872e-03
4.945000000000000000e+03 2.965199999999999867e-03
4.940000000000000000e+03 2.906000000000000163e-03
4.935000000000000000e+03 2.806499999999999967e-03
4.930000000000000000e+03 2.625500000000000229e-03
4.925000000000000000e+03 2.668800000000000252e-03
4.920000000000000000e+03 2.747899999999999735e-03
4.915000000000000000e+03 2.649400000000000106e-03
4.910000000000000000e+03 3.065399999999999809e-03
4.905000000000000000e+03 3.276400000000000059e-03
4.900000000000000000e+03 3.584300000000000333e-03
4.895000000000000000e+03 4.075800000000000083e-03
4.890000000000000000e+03 4.725700000000000213e-03
4.885000000000000000e+03 5.466999999999999638e-03
4.880000000000000000e+03 6.259200000000000354e-03
4.875000000000000000e+03 6.918299999999999624e-03
4.870000000000000000e+03 7.519299999999999595e-03
4.865000000000000000e+03 8.034099999999998881e-03
4.860000000000000000e+03 8.127099999999999949e-03
4.855000000000000000e+03 8.546500000000000277e-03
4.850000000000000000e+03 8.758900000000000019e-03
4.845000000000000000e+03 8.840699999999999947e-03
4.840000000000000000e+03 9.422700000000000867e-03
4.835000000000000000e+03 9.963899999999999493e-03
4.830000000000000000e+03 1.080500000000000037e-02
4.825000000000000000e+03 1.173610000000000105e-02
4.820000000000000000e+03 1.277430000000000059e-02
4.815000000000000000e+03 1.341930000000000033e-02
4.810000000000000000e+03 1.394450000000000030e-02
4.805000000000000000e+03 1.402120000000000102e-02
4.800000000000000000e+03 1.379690000000000083e-02
4.795000000000000000e+03 1.333769999999999921e-02
4.790000000000000000e+03 1.256909999999999972e-02
4.785000000000000000e+03 1.239419999999999931e-02
4.780000000000000000e+03 1.204059999999999853e-02
4.775000000000000000e+03 1.225610000000000067e-02
4.770000000000000000e+03 1.269749999999999872e-02
4.765000000000000000e+03 1.358980000000000084e-02
4.760000000000000000e+03 1.444379999999999969e-02
4.755000000000000000e+03 1.517720000000000007e-02
4.750000000000000000e+03 1.594570000000000015e-02
4.745000000000000000e+03 1.608690000000000120e-02
4.740000000000000000e+03 1.549279999999999928e-02
4.735000000000000000e+03 1.444550000000000001e-02
4.730000000000000000e+03 1.305949999999999993e-02
4.725000000000000000e+03 1.107450000000000101e-02
4.720000000000000000e+03 9.233500000000000388e-03
4.715000000000000000e+03 7.439799999999999885e-03
4.710000000000000000e+03 5.949299999999999380e-03
4.705000000000000000e+03 4.712000000000000043e-03
4.700000000000000000e+03 3.771200000000000160e-03
4.695000000000000000e+03 2.997500000000000164e-03
4.690000000000000000e+03 2.823700000000000168e-03
4.685000000000000000e+03 2.822899999999999715e-03
4.680000000000000000e+03 2.388099999999999772e-03
4.675000000000000000e+03 2.688300000000000238e-03
4.670000000000000000e+03 3.047099999999999635e-03
4.665000000000000000e+03 3.773400000000000105e-03
4.660000000000000000e+03 4.657399999999999908e-03
4.655000000000000000e+03 5.642700000000000493e-03
4.650000000000000000e+03 6.631000000000000609e-03
4.645000000000000000e+03 7.694800000000000771e-03
4.640000000000000000e+03 8.375999999999999765e-03
4.635000000000000000e+03 8.443600000000000758e-03
4.630000000000000000e+03 8.172199999999999256e-03
4.625000000000000000e+03 7.704600000000000684e-03
4.620000000000000000e+03 6.929900000000000122e-03
4.615000000000000000e+03 6.218900000000000296e-03
4.610000000000000000e+03 5.417300000000000761e-03
4.605000000000000000e+03 4.624699999999999818e-03
4.600000000000000000e+03 4.272599999999999662e-03
4.595000000000000000e+03 3.620900000000000247e-03
4.590000000000000000e+03 3.057099999999999661e-03
4.585000000000000000e+03 2.537699999999999938e-03
4.580000000000000000e+03 2.078599999999999892e-03
4.575000000000000000e+03 1.540099999999999976e-03
4.570000000000000000e+03 1.248500000000000044e-03
4.565000000000000000e+03 1.010300000000000000e-03
4.560000000000000000e+03 8.781999999999999876e-04
4.555000000000000000e+03 9.116999999999999887e-04
4.550000000000000000e+03 8.164999999999999515e-04
4.545000000000000000e+03 6.103999999999999834e-04
4.540000000000000000e+03 7.692999999999999968e-04
4.535000000000000000e+03 9.964999999999999900e-04
4.530000000000000000e+03 1.284200000000000098e-03
4.525000000000000000e+03 1.898799999999999967e-03
4.520000000000000000e+03 2.706000000000000072e-03
4.515000000000000000e+03 3.485199999999999930e-03
4.510000000000000000e+03 4.286200000000000426e-03
4.505000000000000000e+03 5.170700000000000296e-03
4.500000000000000000e+03 5.699699999999999385e-03
4.495000000000000000e+03 5.444099999999999460e-03
4.490000000000000000e+03 4.896199999999999858e-03
4.485000000000000000e+03 4.041600000000000227e-03
4.480000000000000000e+03 3.162700000000000060e-03
4.475000000000000000e+03 2.638800000000000173e-03
4.470000000000000000e+03 1.978600000000000064e-03
4.465000000000000000e+03 1.848100000000000090e-03
4.460000000000000000e+03 1.495000000000000018e-03
4.455000000000000000e+03 1.590900000000000127e-03
4.450000000000000000e+03 1.549000000000000030e-03
4.445000000000000000e+03 1.284299999999999938e-03
4.440000000000000000e+03 1.274000000000000176e-03
4.435000000000000000e+03 1.090499999999999890e-03
4.430000000000000000e+03 1.178499999999999860e-03
4.425000000000000000e+03 1.425200000000000165e-03
4.420000000000000000e+03 1.521599999999999906e-03
4.415000000000000000e+03 2.575399999999999825e-03
4.410000000000000000e+03 3.935300000000000083e-03
4.405000000000000000e+03 5.486500000000000057e-03
4.400000000000000000e+03 7.374500000000000846e-03
4.395000000000000000e+03 9.449900000000000660e-03
4.390000000000000000e+03 1.092319999999999923e-02
4.385000000000000000e+03 1.143040000000000028e-02
4.380000000000000000e+03 1.074729999999999956e-02
4.375000000000000000e+03 9.344099999999999281e-03
4.370000000000000000e+03 7.381799999999999126e-03
4.365000000000000000e+03 5.672500000000000459e-03
4.360000000000000000e+03 4.151900000000000035e-03
4.355000000000000000e+03 3.473500000000000025e-03
4.350000000000000000e+03 3.406399999999999966e-03
4.345000000000000000e+03 3.794899999999999923e-03
4.340000000000000000e+03 4.545500000000000061e-03
4.335000000000000000e+03 5.219299999999999634e-03
4.330000000000000000e+03 5.494799999999999338e-03
4.325000000000000000e+03 5.506999999999999743e-03
4.320000000000000000e+03 5.281200000000000651e-03
4.315000000000000000e+03 4.432799999999999761e-03
4.310000000000000000e+03 3.763799999999999871e-03
4.305000000000000000e+03 2.689200000000000097e-03
4.300000000000000000e+03 1.764799999999999962e-03
4.295000000000000000e+03 1.164300000000000057e-03
4.290000000000000000e+03 1.175299999999999999e-03
4.285000000000000000e+03 1.266100000000000038e-03
4.280000000000000000e+03 1.841500000000000038e-03
4.275000000000000000e+03 3.172099999999999746e-03
4.270000000000000000e+03 5.249000000000000193e-03
4.265000000000000000e+03 7.136400000000000209e-03
4.260000000000000000e+03 9.562599999999999226e-03
4.255000000000000000e+03 1.198920000000000020e-02
4.250000000000000000e+03 1.294429999999999886e-02
4.245000000000000000e+03 1.272679999999999992e-02
4.240000000000000000e+03 1.088019999999999959e-02
4.235000000000000000e+03 9.157999999999999474e-03
4.230000000000000000e+03 6.963500000000000072e-03
4.225000000000000000e+03 4.847899999999999605e-03
4.220000000000000000e+03 3.457299999999999957e-03
4.215000000000000000e+03 2.842100000000000182e-03
4.210000000000000000e+03 2.984899999999999966e-03
4.205000000000000000e+03 3.233300000000000150e-03
4.200000000000000000e+03 4.204099999999999678e-03
4.195000000000000000e+03 5.117899999999999880e-03
4.190000000000000000e+03 6.083300000000000686e-03
4.185000000000000000e+03 6.670300000000000534e-03
4.180000000000000000e+03 7.202699999999999381e-03
4.175000000000000000e+03 7.374099999999999752e-03
4.170000000000000000e+03 6.890300000000000244e-03
4.165000000000000000e+03 6.323699999999999807e-03
4.160000000000000000e+03 5.455900000000000506e-03
4.155000000000000000e+03 4.626899999999999763e-03
4.150000000000000000e+03 4.419400000000000411e-03
4.145000000000000000e+03 4.658499999999999447e-03
4.140000000000000000e+03 4.915300000000000051e-03
4.135000000000000000e+03 5.772000000000000221e-03
4.130000000000000000e+03 6.268700000000000314e-03
4.125000000000000000e+03 6.304499999999999341e-03
4.120000000000000000e+03 6.368700000000000576e-03
4.115000000000000000e+03 5.813000000000000458e-03
4.110000000000000000e+03 6.035099999999999840e-03
4.105000000000000000e+03 6.025800000000000427e-03
4.100000000000000000e+03 5.658800000000000288e-03
4.095000000000000000e+03 6.121200000000000252e-03
4.090000000000000000e+03 5.634499999999999752e-03
4.085000000000000000e+03 5.855099999999999368e-03
4.080000000000000000e+03 5.625799999999999378e-03
4.075000000000000000e+03 5.146799999999999986e-03
4.070000000000000000e+03 5.576700000000000407e-03
4.065000000000000000e+03 5.562600000000000010e-03
4.060000000000000000e+03 5.712399999999999423e-03
4.055000000000000000e+03 6.252600000000000519e-03
4.050000000000000000e+03 5.256600000000000161e-03
4.045000000000000000e+03 5.203600000000000066e-03
4.040000000000000000e+03 3.945000000000000590e-03
4.035000000000000000e+03 2.667200000000000213e-03
4.030000000000000000e+03 1.974499999999999693e-03
4.025000000000000000e+03 1.749499999999999970e-03
4.020000000000000000e+03 1.540099999999999976e-03
4.015000000000000000e+03 1.380800000000000170e-03
4.010000000000000000e+03 7.242999999999999872e-04
4.005000000000000000e+03 1.269299999999999899e-03
4.000000000000000000e+03 1.771500000000000071e-03
3.995000000000000000e+03 2.461399999999999873e-03
3.990000000000000000e+03 4.761200000000000154e-03
3.985000000000000000e+03 7.408299999999999608e-03
3.980000000000000000e+03 1.046399999999999934e-02
3.975000000000000000e+03 1.357529999999999848e-02
3.970000000000000000e+03 1.624199999999999949e-02
3.965000000000000000e+03 1.724310000000000079e-02
3.960000000000000000e+03 1.653720000000000190e-02
3.955000000000000000e+03 1.509269999999999883e-02
3.950000000000000000e+03 1.290810000000000048e-02
3.945000000000000000e+03 1.025560000000000013e-02
3.940000000000000000e+03 7.591599999999999564e-03
3.935000000000000000e+03 5.769499999999999455e-03
3.930000000000000000e+03 4.951900000000000399e-03
3.925000000000000000e+03 4.241199999999999658e-03
3.920000000000000000e+03 3.631800000000000132e-03
3.915000000000000000e+03 3.247999999999999585e-03
3.910000000000000000e+03 2.887600000000000149e-03
3.905000000000000000e+03 2.873499999999999752e-03
3.900000000000000000e+03 2.783900000000000177e-03
3.895000000000000000e+03 2.988199999999999884e-03
3.890000000000000000e+03 3.257200000000000026e-03
3.885000000000000000e+03 3.489300000000000301e-03
3.880000000000000000e+03 3.561400000000000156e-03
3.875000000000000000e+03 3.209500000000000113e-03
3.870000000000000000e+03 2.815799999999999813e-03
3.865000000000000000e+03 2.385099999999999807e-03
3.860000000000000000e+03 1.770599999999999995e-03
3.855000000000000000e+03 1.229399999999999851e-03
3.850000000000000000e+03 8.337999999999999926e-04
3.845000000000000000e+03 4.846000000000000156e-04
3.840000000000000000e+03 4.927999999999999438e-04
3.835000000000000000e+03 7.661000000000000275e-04
3.830000000000000000e+03 1.670000000000000043e-03
3.825000000000000000e+03 3.203699999999999864e-03
3.820000000000000000e+03 4.982199999999999997e-03
3.815000000000000000e+03 6.717400000000000107e-03
3.810000000000000000e+03 8.758099999999999566e-03
3.805000000000000000e+03 1.023400000000000004e-02
3.800000000000000000e+03 1.075420000000000022e-02
3.795000000000000000e+03 9.638000000000000733e-03
3.790000000000000000e+03 8.730999999999999178e-03
3.785000000000000000e+03 7.929099999999999690e-03
3.780000000000000000e+03 6.864499999999999942e-03
3.775000000000000000e+03 6.341000000000000282e-03
3.770000000000000000e+03 6.754699999999999767e-03
3.765000000000000000e+03 7.501200000000000402e-03
3.760000000000000000e+03 7.829300000000000842e-03
3.755000000000000000e+03 7.868099999999999400e-03
3.750000000000000000e+03 7.085000000000000152e-03
3.745000000000000000e+03 6.354100000000000546e-03
3.740000000000000000e+03 5.286599999999999806e-03
3.735000000000000000e+03 4.085300000000000042e-03
3.730000000000000000e+03 3.446799999999999864e-03
3.725000000000000000e+03 2.763399999999999624e-03
3.720000000000000000e+03 2.480599999999999906e-03
3.715000000000000000e+03 2.157500000000000129e-03
3.710000000000000000e+03 1.763400000000000037e-03
3.705000000000000000e+03 1.254700000000000086e-03
3.700000000000000000e+03 1.279000000000000189e-03
3.695000000000000000e+03 9.268999999999999245e-04
3.690000000000000000e+03 1.086500000000000009e-03
3.685000000000000000e+03 2.029599999999999894e-03
3.680000000000000000e+03 3.693000000000000102e-03
3.675000000000000000e+03 5.603799999999999927e-03
3.670000000000000000e+03 7.774799999999999246e-03
3.665000000000000000e+03 9.927599999999999966e-03
3.660000000000000000e+03 1.225039999999999983e-02
3.655000000000000000e+03 1.314019999999999945e-02
3.650000000000000000e+03 1.247130000000000113e-02
3.645000000000000000e+03 1.155609999999999971e-02
3.640000000000000000e+03 1.033260000000000081e-02
3.635000000000000000e+03 8.765500000000000722e-03
3.630000000000000000e+03 7.230499999999999948e-03
3.625000000000000000e+03 5.911399999999999814e-03
3.620000000000000000e+03 6.036000000000000566e-03
3.615000000000000000e+03 6.345499999999999578e-03
3.610000000000000000e+03 6.456499999999999566e-03
3.605000000000000000e+03 6.757599999999999892e-03
3.600000000000000000e+03 7.240299999999999861e-03
3.595000000000000000e+03 7.211699999999999708e-03
3.590000000000000000e+03 7.773600000000000301e-03
3.585000000000000000e+03 7.831799999999999873e-03
3.580000000000000000e+03 8.757499999999999660e-03
3.575000000000000000e+03 9.370099999999999263e-03
3.570000000000000000e+03 9.679200000000000650e-03
3.565000000000000000e+03 1.066699999999999940e-02
3.560000000000000000e+03 1.044349999999999966e-02
3.555000000000000000e+03 1.013710000000000132e-02
3.550000000000000000e+03 9.690400000000000055e-03
3.545000000000000000e+03 9.199800000000001032e-03
3.540000000000000000e+03 8.322699999999998849e-03
3.535000000000000000e+03 7.397200000000000476e-03
3.530000000000000000e+03 6.562000000000000124e-03
3.525000000000000000e+03 6.023899999999999567e-03
3.520000000000000000e+03 5.341499999999999894e-03
3.515000000000000000e+03 5.037299999999999764e-03
3.510000000000000000e+03 4.323900000000000313e-03
3.505000000000000000e+03 4.202199999999999686e-03
3.500000000000000000e+03 3.949300000000000206e-03
3.495000000000000000e+03 3.770299999999999867e-03
3.490000000000000000e+03 4.030800000000000181e-03
3.485000000000000000e+03 4.187500000000000250e-03
3.480000000000000000e+03 4.892699999999999827e-03
3.475000000000000000e+03 5.483099999999999433e-03
3.470000000000000000e+03 5.951999999999999826e-03
3.465000000000000000e+03 6.256199999999999956e-03
3.460000000000000000e+03 6.780300000000000389e-03
3.455000000000000000e+03 7.228599999999999089e-03
3.450000000000000000e+03 6.693799999999999750e-03
3.445000000000000000e+03 7.029499999999999291e-03
3.440000000000000000e+03 6.241100000000000293e-03
3.435000000000000000e+03 5.662000000000000366e-03
3.430000000000000000e+03 6.217899999999999296e-03
3.425000000000000000e+03 6.147899999999999546e-03
3.420000000000000000e+03 6.095099999999999997e-03
3.415000000000000000e+03 6.168900000000000598e-03
3.410000000000000000e+03 6.980699999999999406e-03
3.405000000000000000e+03 6.651500000000000294e-03
3.400000000000000000e+03 7.391899999999999860e-03
3.395000000000000000e+03 9.025499999999998801e-03
3.390000000000000000e+03 6.691399999999999258e-03
3.385000000000000000e+03 7.166700000000000674e-03
3.380000000000000000e+03 5.593399999999999241e-03
3.375000000000000000e+03 9.565000000000000585e-03
3.370000000000000000e+03 4.286899999999999739e-03
3.365000000000000000e+03 6.843200000000000671e-03
3.360000000000000000e+03 8.355800000000000033e-03
3.355000000000000000e+03 5.776299999999999837e-03
3.350000000000000000e+03 8.307500000000000648e-03
3.345000000000000000e+03 5.853599999999999602e-03
3.340000000000000000e+03 6.890500000000000791e-03
3.335000000000000000e+03 5.647899999999999969e-03
3.330000000000000000e+03 7.135599999999999755e-03
3.325000000000000000e+03 5.826500000000000082e-03
3.320000000000000000e+03 3.242499999999999723e-03
3.315000000000000000e+03 4.119499999999999898e-03
3.310000000000000000e+03 5.080299999999999400e-03
3.305000000000000000e+03 1.877500000000000046e-03
3.300000000000000000e+03 3.515799999999999915e-03
3.295000000000000000e+03 2.184399999999999970e-03
3.290000000000000000e+03 3.413600000000000141e-03
3.285000000000000000e+03 1.821899999999999995e-03
3.280000000000000000e+03 6.178300000000000285e-03
3.275000000000000000e+03 3.161499999999999814e-03
3.270000000000000000e+03 2.625600000000000069e-03
3.265000000000000000e+03 2.955499999999999794e-03
3.260000000000000000e+03 1.209800000000000025e-03
3.255000000000000000e+03 9.156000000000000293e-04
3.250000000000000000e+03 -1.059800000000000065e-03
3.245000000000000000e+03 1.263799999999999819e-03
3.240000000000000000e+03 3.563499999999999827e-03
3.235000000000000000e+03 4.756699999999999991e-03
3.230000000000000000e+03 -1.005699999999999997e-03
3.225000000000000000e+03 3.703600000000000034e-03
3.220000000000000000e+03 2.736900000000000010e-03
3.215000000000000000e+03 4.180699999999999868e-03
3.210000000000000000e+03 1.331299999999999888e-03
3.205000000000000000e+03 5.601000000000000076e-04
3.200000000000000000e+03 4.868799999999999517e-03
3.195000000000000000e+03 7.792000000000000749e-04
3.190000000000000000e+03 2.942600000000000077e-03
3.185000000000000000e+03 3.461999999999999583e-04
3.180000000000000000e+03 7.026000000000000561e-04
3.175000000000000000e+03 1.003699999999999948e-03
3.170000000000000000e+03 1.407899999999999907e-03
3.165000000000000000e+03 -1.481899999999999971e-03
3.160000000000000000e+03 3.910999999999999655e-04
3.155000000000000000e+03 2.807399999999999826e-03
3.150000000000000000e+03 -4.508000000000000071e-04
3.145000000000000000e+03 1.703000000000000087e-03
3.140000000000000000e+03 3.217599999999999714e-03
3.135000000000000000e+03 -1.130900000000000004e-03
3.130000000000000000e+03 7.770000000000000485e-05
3.125000000000000000e+03 1.784299999999999949e-03
3.120000000000000000e+03 9.508999999999999658e-04
3.115000000000000000e+03 1.862900000000000016e-03
3.110000000000000000e+03 1.554599999999999949e-03
3.105000000000000000e+03 1.801700000000000046e-03
3.100000000000000000e+03 1.769300000000000126e-03
3.095000000000000000e+03 4.984800000000000168e-03
3.090000000000000000e+03 7.018999999999999849e-04
3.085000000000000000e+03 1.935699999999999834e-03
3.080000000000000000e+03 2.475699999999999949e-03
3.075000000000000000e+03 -3.776000000000000168e-04
3.070000000000000000e+03 -6.791999999999999210e-04
3.065000000000000000e+03 1.203400000000000086e-03
3.060000000000000000e+03 1.122299999999999904e-03
3.055000000000000000e+03 1.419600000000000029e-03
3.050000000000000000e+03 1.332500000000000134e-03
3.045000000000000000e+03 2.795699999999999921e-03
3.040000000000000000e+03 1.841599999999999878e-03
3.035000000000000000e+03 2.004999999999999946e-04
3.030000000000000000e+03 3.588799999999999629e-03
3.025000000000000000e+03 2.275899999999999972e-03
3.020000000000000000e+03 9.181000000000000359e-04
3.015000000000000000e+03 5.563399999999999596e-03
3.010000000000000000e+03 3.714999999999999986e-03
3.005000000000000000e+03 4.906100000000000044e-03
3.000000000000000000e+03 6.655799999999999911e-03
