3.027163338928281064e+03 6.906214984999999666e-06
3.032163338928281064e+03 4.820438335000000297e-06
3.037163338928281064e+03 7.813011762000000515e-06
3.042163338928281064e+03 7.178887025999999307e-06
3.047163338928281064e+03 5.329221021000000492e-06
3.052163338928281064e+03 6.353174102999999344e-06
3.057163338928281064e+03 6.063100299999999416e-06
3.062163338928281064e+03 9.336673538000001107e-06
3.067163338928281064e+03 6.503278854999999272e-06
3.072163338928281064e+03 5.862978286999999293e-06
3.077163338928281064e+03 8.776432950999999303e-06
3.082163338928281064e+03 6.515710847000000211e-06
3.087163338928281064e+03 5.278631579000000050e-06
3.092163338928281064e+03 5.846584098999999238e-06
3.097163338928281064e+03 6.975871511000000090e-06
3.102163338928281064e+03 7.524501415999999756e-06
3.107163338928281064e+03 7.341488963000000656e-06
3.112163338928281064e+03 8.511401828999999271e-06
3.117163338928281064e+03 6.883238092999999600e-06
3.122163338928281064e+03 5.973894149000000366e-06
3.127163338928281064e+03 9.397123940000000225e-06
3.132163338928281064e+03 4.803349730000000008e-06
3.137163338928281064e+03 6.429025087999999299e-06
3.142163338928281064e+03 9.309586020999999778e-06
3.147163338928281064e+03 8.426570566000000091e-06
3.152163338928281064e+03 7.225573645000000757e-06
3.157163338928281064e+03 4.811255203000000232e-06
3.162163338928281064e+03 9.339060633999999371e-06
3.167163338928281064e+03 6.192859728000000060e-06
3.172163338928281064e+03 7.633989444000000341e-06
3.177163338928281064e+03 7.335835835000000637e-06
3.182163338928281064e+03 6.729625165000000456e-06
3.187163338928281064e+03 7.717830013000000382e-06
3.192163338928281064e+03 8.240665774999999767e-06
3.197163338928281064e+03 7.262500585000000245e-06
3.202163338928281064e+03 8.882504770999999707e-06
3.207163338928281064e+03 6.098022567999999594e-06
3.212163338928281064e+03 9.310538297999999851e-06
3.217163338928281064e+03 7.273028022999999345e-06
3.222163338928281064e+03 6.982423365000000214e-06
3.227163338928281064e+03 8.238299632999999375e-06
3.232163338928281064e+03 7.026502280000000204e-06
3.237163338928281064e+03 7.313986424999999971e-06
3.242163338928281064e+03 8.025489515000000683e-06
3.247163338928281064e+03 8.590061916000000478e-06
3.252163338928281064e+03 5.101948044999999918e-06
3.257163338928281064e+03 8.738337783000001051e-06
3.262163338928281064e+03 5.992134683999999802e-06
3.267163338928281064e+03 7.082505035000000111e-06
3.272163338928281064e+03 6.759336101999999692e-06
3.277163338928281064e+03 7.520312210999999318e-06
3.282163338928281064e+03 6.252736784999999367e-06
3.287163338928281064e+03 5.949080222999999444e-06
3.292163338928281064e+03 6.886061164999999648e-06
3.297163338928281064e+03 4.289966309000000084e-06
3.302163338928281064e+03 1.205759821000000047e-05
3.307163338928281064e+03 7.040076307000000288e-06
3.312163338928281064e+03 6.390407797999999536e-06
3.317163338928281064e+03 6.366177113000000440e-06
3.322163338928281064e+03 5.879001109999999958e-06
3.327163338928281064e+03 7.120114750999999641e-06
3.332163338928281064e+03 6.955795106000000209e-06
3.337163338928281064e+03 5.500350379999999885e-06
3.342163338928281064e+03 9.711702004999999243e-06
3.347163338928281064e+03 5.687356461000000312e-06
3.352163338928281064e+03 5.683006019999999868e-06
3.357163338928281064e+03 7.894500159000000653e-06
3.362163338928281064e+03 6.892249803000000191e-06
3.367163338928281064e+03 6.985673098999999811e-06
3.372163338928281064e+03 5.708387470999999394e-06
3.377163338928281064e+03 6.460725563000000333e-06
3.382163338928281064e+03 7.158926455000000119e-06
3.387163338928281064e+03 9.601348428999999262e-06
3.392163338928281064e+03 8.168997591999999788e-06
3.397163338928281064e+03 6.803841679000000079e-06
3.402163338928281064e+03 6.647579139000000343e-06
3.407163338928281064e+03 8.884571725999999744e-06
3.412163338928281064e+03 7.565533741999999608e-06
3.417163338928281064e+03 7.078054476999999129e-06
3.422163338928281064e+03 3.784214204999999877e-06
3.427163338928281064e+03 6.505022174999999206e-06
3.432163338928281064e+03 8.563439477999999460e-06
3.437163338928281064e+03 6.251913146000000272e-06
3.442163338928281064e+03 6.983925705000000556e-06
3.447163338928281064e+03 7.297057890999999803e-06
3.452163338928281064e+03 5.517058889000000348e-06
3.457163338928281064e+03 4.965069237999999700e-06
3.462163338928281064e+03 4.914588644000000233e-06
3.467163338928281064e+03 4.972340538999999587e-06
3.472163338928281064e+03 8.912591729000000822e-06
3.477163338928281064e+03 7.075194152999999899e-06
3.482163338928281064e+03 6.398137193000000336e-06
3.487163338928281064e+03 7.443138746999999991e-06
3.492163338928281064e+03 8.083876454999998777e-06
3.497163338928281064e+03 8.492149644999999114e-06
3.502163338928281064e+03 6.136507727000000214e-06
3.507163338928281064e+03 6.431515212000000719e-06
3.512163338928281064e+03 6.267557036999999828e-06
3.517163338928281064e+03 5.395684857000000300e-06
3.522163338928281064e+03 9.251045412000000011e-06
3.527163338928281064e+03 8.374988100999999365e-06
3.532163338928281064e+03 8.492651394999999994e-06
3.537163338928281064e+03 7.014606380999999893e-06
3.542163338928281064e+03 3.896971175000000279e-06
3.547163338928281064e+03 9.310792084000000369e-06
3.552163338928281064e+03 7.655618828999999608e-06
3.557163338928281064e+03 4.839946049999999996e-06
3.562163338928281064e+03 5.647459766000000515e-06
3.567163338928281064e+03 6.064727785999999504e-06
3.572163338928281064e+03 1.058626220999999969e-05
3.577163338928281064e+03 8.516495000000000188e-06
3.582163338928281064e+03 8.715506991999999770e-06
3.587163338928281064e+03 8.328051771999999054e-06
3.592163338928281064e+03 9.960080497000000448e-06
3.597163338928281064e+03 5.083564901999999862e-06
3.602163338928281064e+03 1.007459592000000052e-05
3.607163338928281064e+03 8.606321644000000247e-06
3.612163338928281064e+03 8.117054821999999560e-06
3.617163338928281064e+03 7.749230716999998942e-06
3.622163338928281064e+03 8.320425986000000871e-06
3.627163338928281064e+03 5.489665200000000113e-06
3.632163338928281064e+03 9.063457836999999119e-06
3.637163338928281064e+03 9.042205637999999922e-06
3.642163338928281064e+03 7.834130083000000056e-06
3.647163338928281064e+03 7.837627198999999386e-06
3.652163338928281064e+03 4.884704830999999424e-06
3.657163338928281064e+03 6.714705959999999869e-06
3.662163338928281064e+03 4.240314301999999449e-06
3.667163338928281064e+03 7.510601425999999595e-06
3.672163338928281064e+03 5.998975247999999651e-06
3.677163338928281064e+03 7.538391510000000441e-06
3.682163338928281064e+03 6.877310807000000127e-06
3.687163338928281064e+03 6.824954180000000107e-06
3.692163338928281064e+03 6.624897360000000466e-06
3.697163338928281064e+03 5.678174784000000125e-06
3.702163338928281064e+03 1.012731111000000028e-05
3.707163338928281064e+03 7.793029072000000183e-06
3.712163338928281064e+03 6.757270312000000388e-06
3.717163338928281064e+03 7.252505747999999694e-06
3.722163338928281064e+03 5.724219372000000575e-06
3.727163338928281064e+03 6.611509015999999813e-06
3.732163338928281064e+03 3.725564166000000200e-06
3.737163338928281064e+03 5.957898684000000050e-06
3.742163338928281064e+03 8.062298292999999503e-06
3.747163338928281064e+03 6.857734987999999868e-06
3.752163338928281064e+03 5.843518301999999728e-06
3.757163338928281064e+03 7.629964965999999973e-06
3.762163338928281064e+03 6.842155708000000165e-06
3.767163338928281064e+03 6.202789373000000450e-06
3.772163338928281064e+03 6.474150577999999860e-06
3.777163338928281064e+03 5.122214789000000874e-06
3.782163338928281064e+03 5.967111791999999586e-06
3.787163338928281064e+03 5.691857659000000337e-06
3.792163338928281064e+03 4.502579977000000415e-06
3.797163338928281064e+03 5.655453424000000769e-06
3.802163338928281064e+03 4.440379562000000060e-06
3.807163338928281064e+03 5.949966725999999573e-06
3.812163338928281064e+03 6.353724165999999614e-06
3.817163338928281064e+03 5.910902982999999938e-06
3.822163338928281064e+03 5.147985066000000342e-06
3.827163338928281064e+03 7.047142717000000523e-06
3.832163338928281064e+03 4.309921351000000073e-06
3.837163338928281064e+03 2.674443239999999906e-06
3.842163338928281064e+03 4.890707787000000010e-06
3.847163338928281064e+03 5.225397763000000440e-06
3.852163338928281064e+03 5.656003485999999870e-06
3.857163338928281064e+03 5.575441173000000187e-06
3.862163338928281064e+03 4.471696739000000029e-06
3.867163338928281064e+03 2.311046554999999982e-06
3.872163338928281064e+03 3.809662594000000180e-06
3.877163338928281064e+03 8.084916044000000477e-06
3.882163338928281064e+03 2.713724097999999913e-06
3.887163338928281064e+03 6.955667632000000490e-06
3.892163338928281064e+03 5.103014992000000274e-06
3.897163338928281064e+03 5.367405829000000346e-06
3.902163338928281064e+03 5.648235674000000003e-06
3.907163338928281064e+03 7.379661547000000212e-06
3.912163338928281064e+03 5.800334038000000201e-06
3.917163338928281064e+03 2.244296484000000215e-06
3.922163338928281064e+03 6.324431159999999490e-06
3.927163338928281064e+03 4.989563604000000162e-06
3.932163338928281064e+03 6.570423719999999454e-06
3.937163338928281064e+03 7.304480532000000221e-06
3.942163338928281064e+03 4.511190928000000234e-06
3.947163338928281064e+03 7.105304394000000028e-06
3.952163338928281064e+03 5.789104034000000211e-06
3.957163338928281064e+03 6.110055256000000487e-06
3.962163338928281064e+03 4.734594840999999766e-06
3.967163338928281064e+03 2.107623732000000060e-06
3.972163338928281064e+03 6.212300504999999405e-06
3.977163338928281064e+03 6.431261426999999676e-06
3.982163338928281064e+03 6.190803832999999909e-06
3.987163338928281064e+03 6.535201682999999985e-06
3.992163338928281064e+03 5.923757561999999938e-06
3.997163338928281064e+03 5.147603806000000105e-06
4.002163338928281064e+03 4.956611664999999547e-06
4.007163338928281064e+03 3.266267303999999946e-06
4.012163338928281064e+03 6.142948987000000017e-06
4.017163338928281064e+03 8.147667395000001198e-06
4.022163338928281064e+03 5.194520344999999567e-06
4.027163338928281064e+03 5.904927966000000010e-06
4.032163338928281064e+03 6.496498826999999635e-06
4.037163338928281064e+03 7.623994607000000637e-06
4.042163338928281064e+03 4.827774245999999717e-06
4.047163338928281064e+03 3.545113140999999865e-06
4.052163338928281064e+03 7.417815505000000178e-06
4.057163338928281064e+03 5.994049134000000269e-06
4.062163338928281064e+03 5.839239457000000229e-06
4.067163338928281064e+03 5.798073834999999655e-06
4.072163338928281064e+03 5.753055447999999350e-06
4.077163338928281064e+03 6.257902714000000150e-06
4.082163338928281064e+03 7.095286273000000141e-06
4.087163338928281064e+03 1.049022074000000023e-05
4.092163338928281064e+03 6.804725272000000452e-06
4.097163338928280609e+03 8.342149085000000213e-06
4.102163338928280609e+03 5.825293483000000127e-06
4.107163338928280609e+03 6.619436317000000867e-06
4.112163338928280609e+03 6.898641586000000193e-06
4.117163338928280609e+03 3.826920873999999854e-06
4.122163338928280609e+03 8.257286972000000297e-06
4.127163338928280609e+03 5.840670200999999626e-06
4.132163338928280609e+03 4.001799098000000282e-06
4.137163338928280609e+03 4.986699204999999596e-06
4.142163338928280609e+03 5.454521161000000038e-06
4.147163338928280609e+03 4.230687045000000333e-06
4.152163338928280609e+03 3.821618447999999973e-06
4.157163338928280609e+03 7.382781477999999794e-06
4.162163338928280609e+03 6.631977158000000561e-06
4.167163338928280609e+03 5.597536801000000176e-06
4.172163338928280609e+03 6.301643443000000088e-06
4.177163338928280609e+03 5.090901977000000540e-06
4.182163338928280609e+03 4.819908935999999600e-06
4.187163338928280609e+03 3.046743804999999962e-06
4.192163338928280609e+03 6.231560836999999896e-06
4.197163338928280609e+03 3.741744730999999844e-06
4.202163338928280609e+03 5.552145885000000071e-06
4.207163338928280609e+03 2.057966484999999900e-06
4.212163338928280609e+03 5.118653062000000843e-06
4.217163338928280609e+03 4.322231106999999329e-06
4.222163338928280609e+03 2.265630609999999823e-06
4.227163338928280609e+03 6.125828368000000276e-06
4.232163338928280609e+03 3.824820450999999962e-06
4.237163338928280609e+03 3.551578848000000364e-06
4.242163338928280609e+03 8.637533755999999093e-06
4.247163338928280609e+03 5.605648038999999622e-06
4.252163338928280609e+03 4.884947557000000056e-06
4.257163338928280609e+03 4.411086264999999621e-06
4.262163338928280609e+03 4.639186954999999780e-06
4.267163338928280609e+03 8.680410101000000047e-06
4.272163338928280609e+03 5.416056956000000677e-06
4.277163338928280609e+03 5.459288950000000338e-06
4.282163338928280609e+03 5.791466101000000115e-06
4.287163338928280609e+03 5.456240614999999160e-06
4.292163338928280609e+03 4.693531081999999923e-06
4.297163338928280609e+03 3.092494735000000103e-06
4.302163338928280609e+03 6.765460711999999638e-06
4.307163338928280609e+03 4.745742771999999875e-06
4.312163338928280609e+03 4.473089938999999607e-06
4.317163338928280609e+03 5.941300769000000755e-06
4.322163338928280609e+03 6.109247915000000161e-06
4.327163338928280609e+03 5.364872050000000127e-06
4.332163338928280609e+03 4.385877692000000617e-06
4.337163338928280609e+03 4.749967483999999624e-06
4.342163338928280609e+03 5.144259194000000022e-06
4.347163338928280609e+03 6.085084751000000675e-06
4.352163338928280609e+03 4.615508659999999760e-06
4.357163338928280609e+03 3.324436256999999586e-06
4.362163338928280609e+03 5.555390961999999398e-06
4.367163338928280609e+03 5.404581898000000081e-06
4.372163338928280609e+03 3.241341909999999979e-06
4.377163338928280609e+03 2.327541732999999823e-06
4.382163338928280609e+03 5.551408976000000280e-06
4.387163338928280609e+03 4.422025522000000226e-06
4.392163338928280609e+03 5.292884888999999469e-06
4.397163338928280609e+03 3.252793393999999976e-06
4.402163338928280609e+03 3.003063030000000032e-06
4.407163338928280609e+03 4.247603937999999460e-06
4.412163338928280609e+03 3.976067527999999875e-06
4.417163338928280609e+03 4.918555496000000145e-06
4.422163338928280609e+03 4.242600990000000249e-06
4.427163338928280609e+03 7.155857747000000531e-06
4.432163338928280609e+03 3.147984097999999886e-06
4.437163338928280609e+03 3.122845664999999933e-06
4.442163338928280609e+03 4.608506861000000225e-06
4.447163338928280609e+03 3.151910204999999908e-06
4.452163338928280609e+03 5.542775034000000388e-06
4.457163338928280609e+03 4.689795314000000128e-06
4.462163338928280609e+03 3.409961064000000177e-06
4.467163338928280609e+03 5.635704147000000002e-06
4.472163338928280609e+03 4.186477745000000546e-06
4.477163338928280609e+03 6.397719261999999530e-06
4.482163338928280609e+03 5.078052054000000489e-06
4.487163338928280609e+03 6.085874047000000023e-06
4.492163338928280609e+03 4.491115686999999916e-06
4.497163338928280609e+03 5.607585771999999951e-06
4.502163338928280609e+03 5.863771074999999873e-06
4.507163338928280609e+03 5.408860160999999798e-06
4.512163338928280609e+03 3.053793624999999945e-06
4.517163338928280609e+03 2.849640149999999954e-06
4.522163338928280609e+03 3.296288196000000058e-06
4.527163338928280609e+03 4.710537614000000331e-06
4.532163338928280609e+03 6.097833392999999778e-06
4.537163338928280609e+03 4.397621086999999986e-06
4.542163338928280609e+03 5.406381096999999958e-06
4.547163338928280609e+03 4.334930854000000107e-06
4.552163338928280609e+03 5.175959085999999259e-06
4.557163338928280609e+03 4.223485011999999723e-06
4.562163338928280609e+03 3.707488067000000096e-06
4.567163338928280609e+03 4.583596309999999997e-06
4.572163338928280609e+03 6.930883391999999891e-06
4.577163338928280609e+03 4.418486786999999742e-06
4.582163338928280609e+03 4.980359225999999895e-06
4.587163338928280609e+03 3.712963371000000075e-06
4.592163338928280609e+03 3.394882368999999775e-06
4.597163338928280609e+03 8.682330954000000130e-06
4.602163338928280609e+03 3.147032111999999704e-06
4.607163338928280609e+03 4.619410029000000042e-06
4.612163338928280609e+03 5.126616451999999296e-06
4.617163338928280609e+03 3.347528400000000243e-06
4.622163338928280609e+03 4.943843815000000224e-06
4.627163338928280609e+03 3.731732139999999900e-06
4.632163338928280609e+03 4.015418526000000205e-06
4.637163338928280609e+03 3.959654714000000229e-06
4.642163338928280609e+03 4.491114814000000667e-06
4.647163338928280609e+03 2.497845852999999823e-06
4.652163338928280609e+03 3.015026449999999953e-06
4.657163338928280609e+03 5.065809818999999996e-06
4.662163338928280609e+03 2.363614622000000011e-06
4.667163338928280609e+03 5.077007808999999687e-06
4.672163338928280609e+03 4.593679331999999731e-06
4.677163338928280609e+03 6.453990935999999687e-06
4.682163338928280609e+03 4.516009066999999584e-06
4.687163338928280609e+03 2.050033071999999968e-06
4.692163338928280609e+03 3.920994350000000282e-06
4.697163338928280609e+03 5.020272220000000477e-06
4.702163338928280609e+03 2.967591281000000213e-06
4.707163338928280609e+03 1.710819924000000058e-06
4.712163338928280609e+03 4.087604756999999833e-06
4.717163338928280609e+03 3.808742912999999765e-06
4.722163338928280609e+03 3.546869848000000186e-06
4.727163338928280609e+03 5.760861094999999350e-06
4.732163338928280609e+03 4.847636736999999720e-06
4.737163338928280609e+03 2.651266987000000131e-06
4.742163338928280609e+03 4.385317443000000032e-06
4.747163338928280609e+03 5.062071722999999379e-06
4.752163338928280609e+03 2.193211257999999994e-06
4.757163338928280609e+03 6.380616686999999598e-06
4.762163338928280609e+03 5.150032230000000055e-06
4.767163338928280609e+03 3.076171270000000474e-06
4.772163338928280609e+03 6.558889871999999685e-06
4.777163338928280609e+03 5.324429366999999702e-06
4.782163338928280609e+03 5.839624209000000004e-06
4.787163338928280609e+03 4.042880900999999935e-06
4.792163338928280609e+03 4.095491604000000466e-06
4.797163338928280609e+03 4.560438683000000237e-06
4.802163338928280609e+03 3.974242718000000162e-06
4.807163338928280609e+03 3.106153453999999934e-06
4.812163338928280609e+03 3.294963681000000077e-06
4.817163338928280609e+03 5.118647241000000162e-06
4.822163338928280609e+03 4.180687537999999953e-06
4.827163338928280609e+03 4.527804266999999576e-06
4.832163338928280609e+03 4.069551651000000022e-06
4.837163338928280609e+03 5.003668484000000501e-06
4.842163338928280609e+03 5.178849095999999661e-06
4.847163338928280609e+03 4.206055601000000465e-06
4.852163338928280609e+03 2.298190956999999992e-06
4.857163338928280609e+03 5.959158297999999761e-06
4.862163338928280609e+03 4.040394269000000594e-06
4.867163338928280609e+03 4.121442033999999846e-06
4.872163338928280609e+03 2.814912294999999747e-06
4.877163338928280609e+03 6.394012598000000278e-06
4.882163338928280609e+03 5.852500325999999994e-06
4.887163338928280609e+03 3.562732018000000101e-06
4.892163338928280609e+03 2.126952895000000043e-06
4.897163338928280609e+03 5.652673425999999212e-06
4.902163338928280609e+03 3.224171523000000123e-06
4.907163338928280609e+03 5.747241084000000172e-06
4.912163338928280609e+03 4.423335777000000148e-06
4.917163338928280609e+03 4.027188988000000457e-06
4.922163338928280609e+03 6.367506575999999736e-06
4.927163338928280609e+03 6.606429815000000233e-06
4.932163338928280609e+03 5.999331478999999834e-06
4.937163338928280609e+03 5.088587058999999615e-06
4.942163338928280609e+03 4.061066138000000583e-06
4.947163338928280609e+03 2.402125392000000044e-06
4.952163338928280609e+03 3.672421153000000164e-06
4.957163338928280609e+03 5.124917952000000586e-06
4.962163338928280609e+03 2.156543632999999798e-06
4.967163338928280609e+03 4.766502243000000638e-06
4.972163338928280609e+03 5.111615173999999674e-06
4.977163338928280609e+03 3.402497677999999869e-06
4.982163338928280609e+03 3.473842807999999952e-06
4.987163338928280609e+03 4.868911346000000377e-06
4.992163338928280609e+03 2.867832955000000103e-06
4.997163338928280609e+03 2.391556627000000003e-06
5.002163338928280609e+03 4.464361990999999852e-06
5.007163338928280609e+03 4.447023384000000066e-06
5.012163338928280609e+03 2.565410977999999836e-06
5.017163338928280609e+03 4.971260204999999692e-06
5.022163338928280609e+03 5.718221655000000042e-06
5.027163338928280609e+03 2.720738412000000059e-06
5.032163338928280609e+03 5.260314792000000566e-06
5.037163338928280609e+03 3.804285370000000232e-06
5.042163338928280609e+03 2.591250813999999743e-06
5.047163338928280609e+03 5.962788126999999710e-06
5.052163338928280609e+03 3.876161353999999619e-06
5.057163338928280609e+03 5.557581898999999615e-06
5.062163338928280609e+03 5.646006902999999126e-06
5.067163338928280609e+03 3.712185716999999971e-06
5.072163338928280609e+03 4.709061467999999927e-06
5.077163338928280609e+03 5.377866327999999617e-06
5.082163338928280609e+03 5.715669249000000757e-06
5.087163338928280609e+03 4.226523160000000263e-06
5.092163338928280609e+03 4.750568186999999784e-06
5.097163338928280609e+03 5.157145788000000642e-06
5.102163338928280609e+03 4.390093089999999826e-06
5.107163338928280609e+03 3.846655599999999824e-06
5.112163338928280609e+03 3.252358000999999989e-06
5.117163338928280609e+03 5.885047139999999882e-06
5.122163338928280609e+03 6.519249290999999533e-06
5.127163338928280609e+03 5.313255241999999654e-06
5.132163338928280609e+03 4.250111815000000375e-06
5.137163338928280609e+03 5.968522163999999199e-06
5.142163338928280609e+03 7.666768505999999909e-06
5.147163338928280609e+03 4.949518478999999591e-06
5.152163338928280609e+03 5.224552005999999674e-06
5.157163338928280609e+03 5.908748716999999442e-06
5.162163338928280609e+03 4.891641437999999644e-06
5.167163338928280609e+03 6.553250132000000374e-06
5.172163338928280609e+03 6.845596363000000619e-06
5.177163338928280609e+03 5.581087315999999961e-06
5.182163338928280609e+03 8.336068131000000234e-06
5.187163338928280609e+03 6.647888803999999956e-06
5.192163338928280609e+03 6.937373546000000239e-06
5.197163338928280609e+03 7.056631730000000028e-06
5.202163338928280609e+03 5.910585168999999670e-06
5.207163338928280609e+03 7.559023215000000849e-06
5.212163338928280609e+03 7.696219836000000488e-06
5.217163338928280609e+03 6.914927507999999901e-06
5.222163338928280609e+03 1.008548540999999879e-05
5.227163338928280609e+03 7.125890114999999648e-06
5.232163338928280609e+03 7.530184812000000728e-06
5.237163338928280609e+03 8.649016381000000563e-06
5.242163338928280609e+03 7.515952457000000348e-06
5.247163338928280609e+03 7.163616829000000282e-06
5.252163338928280609e+03 9.605775703999999536e-06
5.257163338928280609e+03 9.809026959999998292e-06
5.262163338928280609e+03 9.998447495000000720e-06
5.267163338928280609e+03 1.325161778000000001e-05
5.272163338928280609e+03 1.284223516000000011e-05
5.277163338928280609e+03 1.768617774000000116e-05
5.282163338928280609e+03 1.989752753000000190e-05
5.287163338928280609e+03 2.107888226999999847e-05
5.292163338928280609e+03 2.737530041000000157e-05
5.297163338928280609e+03 3.550339956000000394e-05
5.302163338928280609e+03 4.296007565999999570e-05
5.307163338928280609e+03 5.136780906000000334e-05
5.312163338928280609e+03 5.993688478999999793e-05
5.317163338928280609e+03 7.129133212999999483e-05
5.322163338928280609e+03 8.336542174000000451e-05
5.327163338928280609e+03 9.226161986999999122e-05
5.332163338928280609e+03 1.016967837000000067e-04
5.337163338928280609e+03 1.144170853999999912e-04
5.342163338928280609e+03 1.230047178000000111e-04
5.347163338928280609e+03 1.339753252000000028e-04
5.352163338928280609e+03 1.441637613000000052e-04
5.357163338928280609e+03 1.595058850999999907e-04
5.362163338928280609e+03 1.756019144999999794e-04
5.367163338928280609e+03 1.969411409999999893e-04
5.372163338928280609e+03 2.252976409999999947e-04
5.377163338928280609e+03 2.571082488000000035e-04
5.382163338928280609e+03 3.021544777000000070e-04
5.387163338928280609e+03 3.590937704000000323e-04
5.392163338928280609e+03 4.334177077000000164e-04
5.397163338928280609e+03 5.321653932000000370e-04
5.402163338928280609e+03 6.660115719000000035e-04
5.407163338928280609e+03 8.324035256999999218e-04
5.412163338928280609e+03 1.052218153999999982e-03
5.417163338928280609e+03 1.355907023000000071e-03
5.422163338928280609e+03 1.742541938999999946e-03
5.427163338928280609e+03 2.254304885999999872e-03
5.432163338928280609e+03 2.939127684000000448e-03
5.437163338928280609e+03 3.808674812000000399e-03
5.442163338928280609e+03 4.929682611999999624e-03
5.447163338928280609e+03 6.347559689999999859e-03
5.452163338928280609e+03 8.121513127999999831e-03
5.457163338928280609e+03 1.033917068999999980e-02
5.462163338928280609e+03 1.306111216999999991e-02
5.467163338928280609e+03 1.650564193999999943e-02
5.472163338928280609e+03 2.072032212999999970e-02
5.477163338928280609e+03 2.601515769999999950e-02
5.482163338928280609e+03 3.298820972000000157e-02
5.487163338928280609e+03 4.173015118000000107e-02
5.492163338928280609e+03 5.318221092000000039e-02
5.497163338928280609e+03 6.859723567999999327e-02
5.502163338928280609e+03 8.876683234999999117e-02
5.507163338928280609e+03 1.160208702000000147e-01
5.512163338928280609e+03 1.519052791999999930e-01
5.517163338928280609e+03 1.993716430999999956e-01
5.522163338928280609e+03 2.599120140000000245e-01
5.527163338928280609e+03 3.341956328999999837e-01
5.532163338928280609e+03 4.234143447999999532e-01
5.537163338928280609e+03 5.197855758999999631e-01
5.542163338928280609e+03 6.193034743999999980e-01
5.547163338928280609e+03 7.175066375999999968e-01
5.552163338928280609e+03 8.013198089999999940e-01
5.557163338928280609e+03 8.697449493000000142e-01
5.562163338928280609e+03 9.206966400000000661e-01
5.567163338928280609e+03 9.546047210999999422e-01
5.572163338928280609e+03 9.748760222999999225e-01
5.577163338928280609e+03 9.851729584000000761e-01
5.582163338928280609e+03 9.891601563000000930e-01
5.587163338928280609e+03 9.895829772999999996e-01
5.592163338928280609e+03 9.883128356999999475e-01
5.597163338928280609e+03 9.866229248000000229e-01
5.602163338928280609e+03 9.849874878000000056e-01
5.607163338928280609e+03 9.839460754000000087e-01
5.612163338928280609e+03 9.834553527999999600e-01
5.617163338928280609e+03 9.837496185000000892e-01
5.622163338928280609e+03 9.843544006000000124e-01
5.627163338928280609e+03 9.854301452999999489e-01
5.632163338928280609e+03 9.867707824999999433e-01
5.637163338928280609e+03 9.882637024000000547e-01
5.642163338928280609e+03 9.897061156999999998e-01
5.647163338928280609e+03 9.906439971999999594e-01
5.652163338928280609e+03 9.913824463000000531e-01
5.657163338928280609e+03 9.917458344000000814e-01
5.662163338928280609e+03 9.917703247000000388e-01
5.667163338928280609e+03 9.915882874000000458e-01
5.672163338928280609e+03 9.913191985999999511e-01
5.677163338928280609e+03 9.909176635999998872e-01
5.682163338928280609e+03 9.905693053999999886e-01
5.687163338928280609e+03 9.903507233000000687e-01
5.692163338928280609e+03 9.903361510999999506e-01
5.697163338928280609e+03 9.904274750000000571e-01
5.702163338928280609e+03 9.905802916999999486e-01
5.707163338928280609e+03 9.910037230999999558e-01
5.712163338928280609e+03 9.913577271000000302e-01
5.717163338928280609e+03 9.917253875999999524e-01
5.722163338928280609e+03 9.917803954999999672e-01
5.727163338928280609e+03 9.919379425000000028e-01
5.732163338928280609e+03 9.917860412999999209e-01
5.737163338928280609e+03 9.916730499000000476e-01
5.742163338928280609e+03 9.915746307000000703e-01
5.747163338928280609e+03 9.906634520999999527e-01
5.752163338928280609e+03 9.904005431999999276e-01
5.757163338928280609e+03 9.901414490000000068e-01
5.762163338928280609e+03 9.901138306000000222e-01
5.767163338928280609e+03 9.902490233999999836e-01
5.772163338928280609e+03 9.907100676999999189e-01
5.777163338928280609e+03 9.906405640000000012e-01
5.782163338928280609e+03 9.911339569000000571e-01
5.787163338928280609e+03 9.915504455999999411e-01
5.792163338928280609e+03 9.918620300000000611e-01
5.797163338928280609e+03 9.919900513000000641e-01
5.802163338928280609e+03 9.918881226000000328e-01
5.807163338928280609e+03 9.916971587999999782e-01
5.812163338928280609e+03 9.911638641000000138e-01
5.817163338928280609e+03 9.903432465000000517e-01
5.822163338928280609e+03 9.895275879000000607e-01
5.827163338928280609e+03 9.887050628999999313e-01
5.832163338928280609e+03 9.878678893999999211e-01
5.837163338928280609e+03 9.874153137000000191e-01
5.842163338928280609e+03 9.868688201999999965e-01
5.847163338928280609e+03 9.868041992000000651e-01
5.852163338928280609e+03 9.869489287999999583e-01
5.857163338928280609e+03 9.875772858000000376e-01
5.862163338928280609e+03 9.883773041000000203e-01
5.867163338928280609e+03 9.892245483000000617e-01
5.872163338928280609e+03 9.904040526999999816e-01
5.877163338928280609e+03 9.913504027999999746e-01
5.882163338928280609e+03 9.921762084999999898e-01
5.887163338928280609e+03 9.927642059000000296e-01
5.892163338928280609e+03 9.929772948999999738e-01
5.897163338928280609e+03 9.926441192999999608e-01
5.902163338928280609e+03 9.924148560000000119e-01
5.907163338928280609e+03 9.915332794000000227e-01
5.912163338928280609e+03 9.904969024999999982e-01
5.917163338928280609e+03 9.892113495000000034e-01
5.922163338928280609e+03 9.881280517999999624e-01
5.927163338928280609e+03 9.870372009000000224e-01
5.932163338928280609e+03 9.862415314000000377e-01
5.937163338928280609e+03 9.857122040000000363e-01
5.942163338928280609e+03 9.855566406000000335e-01
5.947163338928280609e+03 9.859316253999999002e-01
5.952163338928280609e+03 9.864137268000000569e-01
5.957163338928280609e+03 9.873188018999999871e-01
5.962163338928280609e+03 9.882641601999999637e-01
5.967163338928280609e+03 9.894608307000000158e-01
5.972163338928280609e+03 9.905779265999999916e-01
5.977163338928280609e+03 9.915481567000000718e-01
5.982163338928280609e+03 9.921601105000000809e-01
5.987163338928280609e+03 9.926561737000000329e-01
5.992163338928280609e+03 9.928976439999999126e-01
5.997163338928280609e+03 9.927283477999999661e-01
6.002163338928280609e+03 9.923980713000000176e-01
6.007163338928280609e+03 9.918518829000000370e-01
6.012163338928280609e+03 9.912303162000000167e-01
6.017163338928280609e+03 9.905041504000000607e-01
6.022163338928280609e+03 9.899717712000000169e-01
6.027163338928280609e+03 9.896128844999999563e-01
6.032163338928280609e+03 9.892797088999999433e-01
6.037163338928280609e+03 9.893400574000000836e-01
6.042163338928280609e+03 9.896975707999999816e-01
6.047163338928280609e+03 9.900983428999999836e-01
6.052163338928280609e+03 9.907828521999999527e-01
6.057163338928280609e+03 9.912977600000000278e-01
6.062163338928280609e+03 9.919921111999999708e-01
6.067163338928280609e+03 9.925585937999999997e-01
6.072163338928280609e+03 9.928945160000001158e-01
6.077163338928280609e+03 9.930222320999999575e-01
6.082163338928280609e+03 9.929874419999999979e-01
6.087163338928280609e+03 9.926042175000000523e-01
6.092163338928280609e+03 9.918630980999999514e-01
6.097163338928280609e+03 9.911927794999999541e-01
6.102163338928280609e+03 9.902848052999999595e-01
6.107163338928280609e+03 9.892945862000001034e-01
6.112163338928280609e+03 9.885924529999999821e-01
6.117163338928280609e+03 9.878939056000000107e-01
6.122163338928280609e+03 9.873439025999999341e-01
6.127163338928280609e+03 9.871061706999999519e-01
6.132163338928280609e+03 9.872476195999999593e-01
6.137163338928280609e+03 9.875339508000000599e-01
6.142163338928280609e+03 9.882353209999998889e-01
6.147163338928280609e+03 9.890116881999999610e-01
6.152163338928280609e+03 9.899222564999999863e-01
6.157163338928280609e+03 9.908718108999999830e-01
6.162163338928280609e+03 9.917701721000000692e-01
6.167163338928280609e+03 9.926222229000000175e-01
6.172163338928280609e+03 9.932646178999999798e-01
6.177163338928280609e+03 9.937928771999999800e-01
6.182163338928280609e+03 9.938108062999999603e-01
6.187163338928280609e+03 9.937590027000000603e-01
6.192163338928280609e+03 9.935241698999999205e-01
6.197163338928280609e+03 9.931259918000000519e-01
6.202163338928280609e+03 9.927148438000000796e-01
6.207163338928280609e+03 9.921477509000000694e-01
6.212163338928280609e+03 9.916059112999999758e-01
6.217163338928280609e+03 9.912655639999999879e-01
6.222163338928280609e+03 9.909808350000000043e-01
6.227163338928280609e+03 9.910504150000000179e-01
6.232163338928280609e+03 9.914587401999999106e-01
6.237163338928280609e+03 9.912759398999999583e-01
6.242163338928280609e+03 9.915899657999999173e-01
6.247163338928280609e+03 9.920835875999999276e-01
6.252163338928280609e+03 9.925389862000000285e-01
6.257163338928280609e+03 9.929577636999999957e-01
6.262163338928280609e+03 9.933178710999999161e-01
6.267163338928280609e+03 9.936689758000000205e-01
6.272163338928280609e+03 9.935271453999999780e-01
6.277163338928280609e+03 9.934577942000000217e-01
6.282163338928280609e+03 9.931340027000000736e-01
6.287163338928280609e+03 9.926113891999999161e-01
6.292163338928280609e+03 9.920332335999999529e-01
6.297163338928280609e+03 9.913991547000000626e-01
6.302163338928280609e+03 9.906977080999999075e-01
6.307163338928280609e+03 9.901154327000000199e-01
6.312163338928280609e+03 9.896091461000000589e-01
6.317163338928280609e+03 9.892347716999999596e-01
6.322163338928280609e+03 9.890424346999999727e-01
6.327163338928280609e+03 9.891271973000000939e-01
6.332163338928280609e+03 9.893643950999999603e-01
6.337163338928280609e+03 9.898159026999999721e-01
6.342163338928280609e+03 9.902716064000000040e-01
6.347163338928280609e+03 9.909599303999999664e-01
6.352163338928280609e+03 9.916426848999999599e-01
6.357163338928280609e+03 9.922738647000000078e-01
6.362163338928280609e+03 9.929228209999999555e-01
6.367163338928280609e+03 9.933999634000000301e-01
6.372163338928280609e+03 9.936674499999998966e-01
6.377163338928280609e+03 9.938887024000000459e-01
6.382163338928280609e+03 9.938875579999999488e-01
6.387163338928280609e+03 9.935800170999999903e-01
6.392163338928280609e+03 9.933021544999999231e-01
6.397163338928280609e+03 9.927971649000000287e-01
6.402163338928280609e+03 9.922773743000000701e-01
6.407163338928280609e+03 9.916882323999999249e-01
6.412163338928280609e+03 9.912882233000001042e-01
6.417163338928280609e+03 9.907909392999999509e-01
6.422163338928280609e+03 9.904938506999999559e-01
6.427163338928280609e+03 9.903083800999999964e-01
6.432163338928280609e+03 9.902308655000000570e-01
6.437163338928280609e+03 9.904312133999999546e-01
6.442163338928280609e+03 9.907299041999999556e-01
6.447163338928280609e+03 9.911323547000000511e-01
6.452163338928280609e+03 9.917599486999999492e-01
6.457163338928280609e+03 9.922509766000000564e-01
6.462163338928280609e+03 9.927742766999999580e-01
6.467163338928280609e+03 9.931262969999999912e-01
6.472163338928280609e+03 9.935157012999999981e-01
6.477163338928280609e+03 9.938516235000000032e-01
6.482163338928280609e+03 9.939955138999999606e-01
6.487163338928280609e+03 9.937910461000000195e-01
6.492163338928280609e+03 9.935013580000000566e-01
6.497163338928280609e+03 9.932685852000000537e-01
6.502163338928280609e+03 9.930544280999999973e-01
6.507163338928280609e+03 9.924787902999999689e-01
6.512163338928280609e+03 9.918752289000000166e-01
6.517163338928280609e+03 9.910424042000000044e-01
6.522163338928280609e+03 9.898783111999999162e-01
6.527163338928280609e+03 9.892732239000000538e-01
6.532163338928280609e+03 9.887756348000000806e-01
6.537163338928280609e+03 9.883686829000000174e-01
6.542163338928280609e+03 9.880373382999999565e-01
6.547163338928280609e+03 9.878313445999999942e-01
6.552163338928280609e+03 9.877288054999999733e-01
6.557163338928280609e+03 9.877437592000000155e-01
6.562163338928280609e+03 9.877915192000000788e-01
6.567163338928280609e+03 9.879725646999999444e-01
6.572163338928280609e+03 9.880923461999999713e-01
6.577163338928280609e+03 9.881978607000000414e-01
6.582163338928280609e+03 9.883508301000000218e-01
6.587163338928280609e+03 9.885504149999999601e-01
6.592163338928280609e+03 9.888362121999999532e-01
6.597163338928280609e+03 9.885272980000000542e-01
6.602163338928280609e+03 9.885732269000000461e-01
6.607163338928280609e+03 9.884397124999999562e-01
6.612163338928280609e+03 9.885124207000000052e-01
6.617163338928280609e+03 9.884688567999999620e-01
6.622163338928280609e+03 9.885232543999999955e-01
6.627163338928280609e+03 9.887001800999999368e-01
6.632163338928280609e+03 9.888655853000000162e-01
6.637163338928280609e+03 9.890663910000000447e-01
6.642163338928280609e+03 9.895709229000000384e-01
6.647163338928280609e+03 9.900578307999999828e-01
6.652163338928280609e+03 9.906108855999999907e-01
6.657163338928280609e+03 9.911769866999999845e-01
6.662163338928280609e+03 9.918151855000000294e-01
6.667163338928280609e+03 9.923117065000000014e-01
6.672163338928280609e+03 9.928668976000000201e-01
6.677163338928280609e+03 9.933400726000001235e-01
6.682163338928280609e+03 9.936393738000000031e-01
6.687163338928280609e+03 9.938565825999999825e-01
6.692163338928280609e+03 9.937957000999999568e-01
6.697163338928280609e+03 9.935986327999999368e-01
6.702163338928280609e+03 9.931134032999999750e-01
6.707163338928280609e+03 9.927715301999999742e-01
6.712163338928280609e+03 9.920566558999999174e-01
6.717163338928280609e+03 9.913016510000000059e-01
6.722163338928280609e+03 9.905528259000000446e-01
6.727163338928280609e+03 9.898194884999998999e-01
6.732163338928280609e+03 9.891938018999999471e-01
6.737163338928280609e+03 9.888938903999999752e-01
6.742163338928280609e+03 9.881042480000000738e-01
6.747163338928280609e+03 9.878014374000000375e-01
6.752163338928280609e+03 9.876805115000000246e-01
6.757163338928280609e+03 9.876801299999999895e-01
6.762163338928280609e+03 9.880715179000000292e-01
6.767163338928280609e+03 9.884607696999999638e-01
6.772163338928280609e+03 9.889457702999999711e-01
6.777163338928280609e+03 9.895127106000000117e-01
6.782163338928280609e+03 9.899978637999999886e-01
6.787163338928280609e+03 9.904780578999999863e-01
6.792163338928280609e+03 9.907653046000000074e-01
6.797163338928280609e+03 9.910395049999999317e-01
6.802163338928280609e+03 9.905272675000000859e-01
6.807163338928280609e+03 9.901885222999999847e-01
6.812163338928280609e+03 9.897118378000000494e-01
6.817163338928280609e+03 9.891185760000000826e-01
6.822163338928280609e+03 9.887553406000000322e-01
6.827163338928280609e+03 9.883954620000000579e-01
6.832163338928280609e+03 9.877671813999999717e-01
6.837163338928280609e+03 9.874467467999999970e-01
6.842163338928280609e+03 9.872286223999999777e-01
6.847163338928280609e+03 9.868194579999999272e-01
6.852163338928280609e+03 9.855175780999999580e-01
6.857163338928280609e+03 9.825943755999999585e-01
6.862163338928280609e+03 9.768012238000000069e-01
6.867163338928280609e+03 9.665025329999999970e-01
6.872163338928280609e+03 9.496707153000000234e-01
6.877163338928280609e+03 9.239982605000000015e-01
6.882163338928280609e+03 8.880163573999999560e-01
6.887163338928280609e+03 8.395059967000000345e-01
6.892163338928280609e+03 7.792330169999999168e-01
6.897163338928280609e+03 7.089517974999999250e-01
6.902163338928280609e+03 6.288314056000000596e-01
6.907163338928280609e+03 5.475643157999999788e-01
6.912163338928280609e+03 4.660108566000000230e-01
6.917163338928280609e+03 3.873150634999999453e-01
6.922163338928280609e+03 3.174981117000000297e-01
6.927163338928280609e+03 2.561222838999999696e-01
6.932163338928280609e+03 2.043349074999999959e-01
6.937163338928280609e+03 1.616991043000000072e-01
6.942163338928280609e+03 1.273426723000000149e-01
6.947163338928280609e+03 1.001428795000000038e-01
6.952163338928280609e+03 7.833034514999999420e-02
6.957163338928280609e+03 6.155560969999999965e-02
6.962163338928280609e+03 4.847291470000000130e-02
6.967163338928280609e+03 3.802127838000000232e-02
6.972163338928280609e+03 3.008851766999999858e-02
6.977163338928280609e+03 2.388492106999999878e-02
6.982163338928280609e+03 1.892912030000000120e-02
6.987163338928280609e+03 1.512662411000000040e-02
6.992163338928280609e+03 1.210171579999999927e-02
6.997163338928280609e+03 9.738537668999999730e-03
7.002163338928280609e+03 7.845783830000001291e-03
7.007163338928280609e+03 6.349561809999999459e-03
7.012163338928280609e+03 5.169911981000000108e-03
7.017163338928280609e+03 4.201542138999999829e-03
7.022163338928280609e+03 3.448407948000000237e-03
7.027163338928280609e+03 2.836997807000000201e-03
7.032163338928280609e+03 2.333190589999999988e-03
7.037163338928280609e+03 1.933475435000000034e-03
7.042163338928280609e+03 1.605464666999999960e-03
7.047163338928280609e+03 1.340156942999999818e-03
7.052163338928280609e+03 1.119387299000000006e-03
7.057163338928280609e+03 9.386534989000001016e-04
7.062163338928280609e+03 7.920163869999999589e-04
7.067163338928280609e+03 6.679081916999999929e-04
7.072163338928280609e+03 5.666827783000000706e-04
7.077163338928280609e+03 4.845398291999999810e-04
7.082163338928280609e+03 4.133049025999999755e-04
7.087163338928280609e+03 3.548891470000000055e-04
7.092163338928280609e+03 3.065834753000000164e-04
7.097163338928280609e+03 2.596774697000000186e-04
7.102163338928280609e+03 2.284905501000000056e-04
7.107163338928280609e+03 1.958725415000000158e-04
7.112163338928280609e+03 1.726354659000000063e-04
7.117163338928280609e+03 1.530859433000000033e-04
7.122163338928280609e+03 1.302830036999999953e-04
7.127163338928280609e+03 1.167867890999999995e-04
7.132163338928280609e+03 1.041051187000000043e-04
7.137163338928280609e+03 9.230666794000000190e-05
7.142163338928280609e+03 8.099622093000001099e-05
7.147163338928280609e+03 6.872568280000000197e-05
7.152163338928280609e+03 6.383520085000000369e-05
7.157163338928280609e+03 5.585284438000000213e-05
7.162163338928280609e+03 5.190607625999999744e-05
7.167163338928280609e+03 4.670904018000000254e-05
7.172163338928280609e+03 4.336082376999999280e-05
7.177163338928280609e+03 3.669542726000000381e-05
7.182163338928280609e+03 3.255308838999999545e-05
7.187163338928280609e+03 3.230882808999999638e-05
7.192163338928280609e+03 2.673699521000000103e-05
7.197163338928280609e+03 2.601053099999999920e-05
7.202163338928280609e+03 2.504451665999999954e-05
7.207163338928280609e+03 2.210603560999999998e-05
7.212163338928280609e+03 1.946411560999999936e-05
7.217163338928280609e+03 1.908958772999999948e-05
7.222163338928280609e+03 1.657961402000000093e-05
7.227163338928280609e+03 1.966108101999999817e-05
7.232163338928280609e+03 1.560405129999999934e-05
7.237163338928280609e+03 1.357722561999999870e-05
7.242163338928280609e+03 1.351007144000000105e-05
7.247163338928280609e+03 1.095928600999999842e-05
7.252163338928280609e+03 1.275518442999999993e-05
7.257163338928280609e+03 1.166744041000000014e-05
7.262163338928280609e+03 6.914490949999999183e-06
7.267163338928280609e+03 1.140365377000000041e-05
7.272163338928280609e+03 9.826623135999999295e-06
7.277163338928280609e+03 8.769762935000000205e-06
7.282163338928280609e+03 7.560955710000000601e-06
7.287163338928280609e+03 7.869646652000000252e-06
7.292163338928280609e+03 6.472351960999999766e-06
7.297163338928280609e+03 5.736303283000000614e-06
7.302163338928280609e+03 6.094478303999999912e-06
7.307163338928280609e+03 6.831173669000000012e-06
7.312163338928280609e+03 4.620447870999999535e-06
7.317163338928280609e+03 3.958495217000000209e-06
7.322163338928280609e+03 5.562977749000000425e-06
7.327163338928280609e+03 4.141159587999999782e-06
7.332163338928280609e+03 5.398114445000000661e-06
7.337163338928280609e+03 5.128239864000000063e-06
7.342163338928280609e+03 1.459105696999999949e-06
7.347163338928280609e+03 5.466561415000000635e-06
7.352163338928280609e+03 2.502946007999999815e-06
7.357163338928280609e+03 3.789795736999999797e-06
7.362163338928280609e+03 3.495970741000000130e-06
7.367163338928280609e+03 7.570000000000000155e-07
7.372163338928280609e+03 2.221142203999999997e-06
7.377163338928280609e+03 1.539426885000000044e-06
7.382163338928280609e+03 -1.690000000000000178e-07
7.387163338928280609e+03 4.375474526999999472e-06
7.392163338928280609e+03 2.128033374999999833e-06
7.397163338928280609e+03 2.201982424999999931e-06
7.402163338928280609e+03 4.650665795999999381e-06
7.407163338928280609e+03 -4.269999999999999987e-07
7.412163338928280609e+03 1.925090618999999957e-06
7.417163338928280609e+03 2.660959725999999826e-06
7.422163338928280609e+03 9.490000000000000407e-07
7.427163338928280609e+03 4.530968436000000600e-06
7.432163338928280609e+03 2.249943062999999877e-06
7.437163338928280609e+03 2.276940650000000034e-06
7.442163338928280609e+03 4.433451394999999963e-06
7.447163338928280609e+03 3.454946854999999978e-06
7.452163338928280609e+03 3.631554137000000062e-06
7.457163338928280609e+03 4.531431477999999557e-06
7.462163338928280609e+03 3.020409495000000159e-06
7.467163338928280609e+03 8.190000000000000148e-07
7.472163338928280609e+03 4.836646548999999759e-06
7.477163338928280609e+03 3.679517540000000191e-06
7.482163338928280609e+03 3.500694583999999624e-06
7.487163338928280609e+03 3.361610869999999970e-06
7.492163338928280609e+03 3.564688668000000336e-06
7.497163338928280609e+03 3.267872670999999735e-06
7.502163338928280609e+03 1.866808451999999810e-06
7.507163338928280609e+03 1.423634676000000230e-06
7.512163338928280609e+03 1.637497044000000069e-06
7.517163338928280609e+03 4.373127594999999942e-06
7.522163338928280609e+03 2.803950920000000437e-06
7.527163338928280609e+03 2.684914216000000231e-06
7.532163338928280609e+03 3.297751537000000281e-06
7.537163338928280609e+03 2.969961206000000034e-06
7.542163338928280609e+03 1.691335638000000115e-06
7.547163338928280609e+03 2.188736107000000116e-06
7.552163338928280609e+03 2.488212775999999923e-06
7.557163338928280609e+03 4.630000000000000034e-07
7.562163338928280609e+03 3.304440761000000023e-06
7.567163338928280609e+03 2.424679841999999775e-06
7.572163338928280609e+03 3.024646138999999992e-06
7.577163338928280609e+03 3.114861029000000431e-06
7.582163338928280609e+03 2.984180172999999706e-06
7.587163338928280609e+03 3.291067841999999737e-06
7.592163338928280609e+03 1.789613889000000074e-06
7.597163338928280609e+03 1.541208185000000108e-06
7.602163338928280609e+03 2.950318739999999735e-06
7.607163338928280609e+03 6.139999999999999659e-07
7.612163338928280609e+03 1.261834550000000111e-06
7.617163338928280609e+03 1.595626090000000006e-06
7.622163338928280609e+03 1.037622714999999945e-06
7.627163338928280609e+03 1.020540803000000112e-06
7.632163338928280609e+03 2.252039849000000234e-06
7.637163338928280609e+03 1.764575280999999812e-06
7.642163338928280609e+03 -2.606374619000000091e-06
7.647163338928280609e+03 3.786866437000000232e-06
7.652163338928280609e+03 1.986899441999999866e-06
7.657163338928280609e+03 1.491155126000000074e-06
7.662163338928280609e+03 1.317399001000000166e-06
7.667163338928280609e+03 4.490000000000000104e-07
7.672163338928280609e+03 2.858324733000000057e-06
7.677163338928280609e+03 8.479999999999999701e-07
7.682163338928280609e+03 2.369083230999999739e-06
7.687163338928280609e+03 1.105093615000000042e-06
7.692163338928280609e+03 1.932886953000000162e-06
7.697163338928280609e+03 8.369999999999999907e-07
7.702163338928280609e+03 4.998605582000000012e-06
7.707163338928280609e+03 2.416372153999999850e-06
7.712163338928280609e+03 2.267956443000000214e-06
7.717163338928280609e+03 1.150722454999999876e-06
7.722163338928280609e+03 3.470000000000000235e-07
7.727163338928280609e+03 2.457499213000000192e-06
7.732163338928280609e+03 2.035666548000000041e-06
7.737163338928280609e+03 2.056355734000000061e-06
7.742163338928280609e+03 1.053597806999999944e-06
7.747163338928280609e+03 4.500000000000000326e-07
7.752163338928280609e+03 3.818669064999999448e-06
7.757163338928280609e+03 2.277846505999999957e-06
7.762163338928280609e+03 1.119837034000000147e-06
7.767163338928280609e+03 2.250300894999999832e-06
7.772163338928280609e+03 3.266830462999999864e-06
7.777163338928280609e+03 1.651508501000000012e-06
7.782163338928280609e+03 3.432187367999999853e-06
7.787163338928280609e+03 2.142349986000000071e-06
7.792163338928280609e+03 4.313665558999999990e-06
7.797163338928280609e+03 3.287939471000000033e-06
7.802163338928280609e+03 1.167833179000000040e-06
7.807163338928280609e+03 2.348137349999999765e-06
7.812163338928280609e+03 1.663174770999999873e-06
7.817163338928280609e+03 9.590000000000000508e-07
7.822163338928280609e+03 4.730664949999999570e-06
7.827163338928280609e+03 3.082565963000000233e-06
7.832163338928280609e+03 1.935356558999999787e-06
7.837163338928280609e+03 1.105232514000000018e-06
7.842163338928280609e+03 4.258550762000000091e-06
7.847163338928280609e+03 1.375039282999999844e-06
7.852163338928280609e+03 1.254495874000000085e-06
7.857163338928280609e+03 2.373298921000000006e-06
7.862163338928280609e+03 1.824455102999999938e-06
7.867163338928280609e+03 1.024453667999999957e-06
7.872163338928280609e+03 1.789136439999999995e-06
7.877163338928280609e+03 2.128619088999999936e-06
7.882163338928280609e+03 1.690000000000000178e-07
7.887163338928280609e+03 2.633256662999999869e-06
7.892163338928280609e+03 1.903463126000000142e-06
7.897163338928280609e+03 1.754030091000000056e-06
7.902163338928280609e+03 1.721992303000000125e-06
7.907163338928280609e+03 2.870325407000000227e-06
7.912163338928280609e+03 9.579999999999999757e-07
7.917163338928280609e+03 1.277187111999999864e-06
7.922163338928280609e+03 2.215774001999999954e-06
7.927163338928280609e+03 2.141132718000000022e-06
7.932163338928280609e+03 -1.044156742999999992e-06
7.937163338928280609e+03 4.017869359999999920e-06
7.942163338928280609e+03 1.182952473999999910e-06
7.947163338928280609e+03 2.205364144000000047e-06
7.952163338928280609e+03 2.425177808999999955e-06
7.957163338928280609e+03 7.770000000000000358e-07
7.962163338928280609e+03 1.187359303000000131e-06
7.967163338928280609e+03 1.190998663999999929e-06
7.972163338928280609e+03 1.836504524999999911e-06
7.977163338928280609e+03 2.934043877999999913e-06
7.982163338928280609e+03 1.530263106999999881e-06
7.987163338928280609e+03 3.778304090000000117e-06
7.992163338928280609e+03 7.179999999999999442e-07
7.997163338928280609e+03 1.917630725000000036e-06
8.002163338928280609e+03 1.741576997999999971e-06
8.007163338928280609e+03 2.487775054999999962e-06
8.012163338928280609e+03 8.870000000000000414e-07
8.017163338928280609e+03 2.754441811999999889e-06
8.022163338928280609e+03 1.992943288999999811e-06
8.027163338928280609e+03 8.479999999999999701e-07
8.032163338928280609e+03 2.688379609000000001e-06
8.037163338928280609e+03 -5.149999999999999793e-08
8.042163338928280609e+03 8.360000000000000215e-07
8.047163338928280609e+03 7.610000000000001043e-07
8.052163338928280609e+03 4.440000000000000053e-07
8.057163338928280609e+03 2.584197500000000003e-06
8.062163338928280609e+03 -1.910000000000000030e-07
8.067163338928280609e+03 1.068342390000000037e-06
8.072163338928280609e+03 -4.380000000000000310e-07
8.077163338928280609e+03 3.040000000000000222e-07
8.082163338928280609e+03 2.559999999999999630e-07
8.087163338928280609e+03 4.640000000000000256e-07
8.092163338928280609e+03 1.077132982999999926e-06
8.097163338928280609e+03 6.270000000000000955e-07
8.102163338928280609e+03 5.319999999999999463e-07
8.107163338928280609e+03 2.031071925999999934e-06
8.112163338928280609e+03 5.140000000000000763e-07
8.117163338928280609e+03 1.716042170000000042e-06
8.122163338928280609e+03 4.397929296999999721e-06
8.127163338928280609e+03 1.969524454999999825e-06
8.132163338928280609e+03 1.914972526999999850e-06
8.137163338928280609e+03 2.376134216000000030e-06
8.142163338928280609e+03 -3.040000000000000222e-07
8.147163338928280609e+03 1.652573846999999960e-06
8.152163338928280609e+03 1.941547962000000090e-06
8.157163338928280609e+03 2.371509035999999823e-06
8.162163338928280609e+03 2.557066035999999663e-06
8.167163338928280609e+03 -2.879999999999999848e-07
8.172163338928280609e+03 4.699999999999999470e-07
8.177163338928280609e+03 -3.889999999999999496e-07
8.182163338928280609e+03 6.740000000000000267e-07
8.187163338928280609e+03 2.961608697999999732e-06
8.192163338928281519e+03 3.292595502000000025e-06
8.197163338928281519e+03 1.732809469000000102e-06
8.202163338928281519e+03 4.355722921999999577e-06
8.207163338928281519e+03 2.977907425000000045e-06
8.212163338928281519e+03 5.400000000000000179e-07
8.217163338928281519e+03 2.039058891000000155e-06
8.222163338928281519e+03 1.286807528000000105e-06
8.227163338928281519e+03 2.134034439000000332e-06
8.232163338928281519e+03 3.230160801000000008e-06
8.237163338928281519e+03 4.103413085000000314e-06
8.242163338928281519e+03 1.771309908000000034e-06
8.247163338928281519e+03 -6.930000000000000777e-07
8.252163338928281519e+03 5.936475935999999781e-06
8.257163338928281519e+03 2.438602968999999903e-06
8.262163338928281519e+03 3.678206413000000070e-06
8.267163338928281519e+03 2.596183912999999793e-06
8.272163338928281519e+03 1.885059028000000200e-06
8.277163338928281519e+03 5.090000000000000580e-08
8.282163338928281519e+03 -5.300000000000000078e-07
8.287163338928281519e+03 4.498812777000000103e-06
8.292163338928281519e+03 1.394567516000000068e-06
8.297163338928281519e+03 1.024064185999999964e-06
8.302163338928281519e+03 2.670920511999999995e-06
8.307163338928281519e+03 1.370374229999999947e-06
8.312163338928281519e+03 2.907340240000000380e-06
8.317163338928281519e+03 1.339880400000000132e-06
8.322163338928281519e+03 1.490799767999999988e-06
8.327163338928281519e+03 2.696325828000000011e-06
8.332163338928281519e+03 1.510354923000000039e-06
8.337163338928281519e+03 -1.499999999999999932e-07
8.342163338928281519e+03 3.490627569000000039e-06
8.347163338928281519e+03 6.179999999999999752e-08
8.352163338928281519e+03 1.758503348999999949e-06
8.357163338928281519e+03 3.103174676999999721e-06
8.362163338928281519e+03 2.007305301999999786e-06
8.367163338928281519e+03 4.589999999999999676e-07
8.372163338928281519e+03 8.870000000000000414e-07
8.377163338928281519e+03 -2.949999999999999814e-07
8.382163338928281519e+03 3.530578979000000214e-06
8.387163338928281519e+03 -2.849999999999999712e-08
8.392163338928281519e+03 1.057873305000000113e-06
8.397163338928281519e+03 -2.309999999999999906e-07
8.402163338928281519e+03 4.176105140000000143e-06
8.407163338928281519e+03 3.468115174000000078e-06
8.412163338928281519e+03 5.299999999999999813e-08
8.417163338928281519e+03 2.849999999999999712e-08
8.422163338928281519e+03 -8.789999999999999698e-07
8.427163338928281519e+03 1.167794690000000076e-06
8.432163338928281519e+03 3.399439737999999955e-06
8.437163338928281519e+03 6.700000000000000438e-07
8.442163338928281519e+03 -2.809999999999999883e-07
8.447163338928281519e+03 1.587452715999999837e-06
8.452163338928281519e+03 2.661014732000000095e-06
8.457163338928281519e+03 2.055251097999999891e-06
8.462163338928281519e+03 3.720183448999999969e-06
8.467163338928281519e+03 1.266754698000000086e-06
8.472163338928281519e+03 2.343971282000000142e-06
8.477163338928281519e+03 5.160546861999999923e-06
8.482163338928281519e+03 2.355506293999999898e-06
8.487163338928281519e+03 2.527028846000000357e-06
8.492163338928281519e+03 3.682475362000000094e-06
8.497163338928281519e+03 1.925579418000000339e-06
8.502163338928281519e+03 2.047679154000000296e-06
8.507163338928281519e+03 4.500000000000000326e-07
8.512163338928281519e+03 2.448543673000000281e-06
8.517163338928281519e+03 -5.250000000000000557e-07
8.522163338928281519e+03 3.688954747999999920e-06
8.527163338928281519e+03 2.196065469999999923e-06
8.532163338928281519e+03 1.636648084999999970e-06
8.537163338928281519e+03 2.784781972999999725e-06
8.542163338928281519e+03 2.424893463999999864e-06
8.547163338928281519e+03 6.001814035999999534e-06
8.552163338928281519e+03 2.530689816999999983e-06
8.557163338928281519e+03 2.257239830000000027e-06
8.562163338928281519e+03 4.964913823999999849e-06
8.567163338928281519e+03 1.049791899000000038e-06
8.572163338928281519e+03 2.522734866999999958e-06
8.577163338928281519e+03 2.372022427000000050e-06
8.582163338928281519e+03 2.288790274000000090e-06
8.587163338928281519e+03 2.198695292000000089e-06
8.592163338928281519e+03 1.469343114999999865e-06
8.597163338928281519e+03 2.871682809000000180e-06
8.602163338928281519e+03 1.817127048999999903e-06
8.607163338928281519e+03 -3.239999999999999896e-07
8.612163338928281519e+03 2.195818960999999862e-06
8.617163338928281519e+03 1.640410192000000124e-06
8.622163338928281519e+03 4.419999999999999874e-08
8.627163338928281519e+03 2.260000000000000120e-07
8.632163338928281519e+03 -8.090000000000000047e-07
8.637163338928281519e+03 2.739815973000000247e-06
8.642163338928281519e+03 -2.449999999999999836e-07
8.647163338928281519e+03 -7.889999999999999844e-07
8.652163338928281519e+03 3.492468677000000215e-06
8.657163338928281519e+03 2.483425487000000038e-06
8.662163338928281519e+03 4.176455550000000491e-06
8.667163338928281519e+03 4.313402751000000415e-06
8.672163338928281519e+03 4.559999999999999540e-07
8.677163338928281519e+03 5.740000000000000312e-07
8.682163338928281519e+03 3.941440372999999885e-06
8.687163338928281519e+03 3.113517014000000018e-06
8.692163338928281519e+03 3.580000000000000029e-07
8.697163338928281519e+03 4.718785348999999722e-06
8.702163338928281519e+03 3.982273628999999920e-06
8.707163338928281519e+03 3.461505984999999813e-06
8.712163338928281519e+03 -3.809999999999999838e-07
8.717163338928281519e+03 2.269827527999999758e-06
8.722163338928281519e+03 2.584667527000000051e-06
8.727163338928281519e+03 2.851095051000000054e-06
8.732163338928281519e+03 5.259830504999999188e-06
8.737163338928281519e+03 3.526509099000000111e-06
8.742163338928281519e+03 1.461568754000000064e-06
8.747163338928281519e+03 4.890261333999999290e-06
8.752163338928281519e+03 1.819008757999999870e-06
8.757163338928281519e+03 8.989999999999999900e-07
8.762163338928281519e+03 5.258446909000000143e-06
8.767163338928281519e+03 3.960201283999999792e-06
8.772163338928281519e+03 7.607369334000000144e-06
8.777163338928281519e+03 3.308235899999999721e-06
8.782163338928281519e+03 5.402013193999999486e-06
8.787163338928281519e+03 3.056181012999999692e-06
8.792163338928281519e+03 2.305537490999999935e-06
8.797163338928281519e+03 3.534671850999999865e-06
8.802163338928281519e+03 3.858545678999999776e-06
8.807163338928281519e+03 2.295078738999999907e-06
8.812163338928281519e+03 8.619999999999999631e-07
8.817163338928281519e+03 6.558737367999999590e-06
8.822163338928281519e+03 4.098149366000000340e-06
8.827163338928281519e+03 3.599999999999999943e-07
8.832163338928281519e+03 5.711424746999999312e-06
8.837163338928281519e+03 4.957288038000000819e-06
8.842163338928281519e+03 6.834443193000000458e-06
8.847163338928281519e+03 6.121682236000000549e-06
8.852163338928281519e+03 1.155923091999999930e-06
8.857163338928281519e+03 -6.880000000000000197e-07
8.862163338928281519e+03 1.192027047999999841e-06
8.867163338928281519e+03 6.745746940999999555e-06
8.872163338928281519e+03 1.674619125000000051e-06
8.877163338928281519e+03 1.156952465000000105e-05
8.882163338928281519e+03 2.877155492999999973e-06
8.887163338928281519e+03 8.110000000000000491e-07
8.892163338928281519e+03 3.202013613000000153e-06
8.897163338928281519e+03 1.490245048999999980e-06
8.902163338928281519e+03 3.954641578999999534e-06
8.907163338928281519e+03 6.363351713000000418e-06
8.912163338928281519e+03 1.095343323000000050e-06
8.917163338928281519e+03 -6.216570618999999313e-06
8.922163338928281519e+03 -4.020000000000000263e-07
8.927163338928281519e+03 1.011294195999999824e-05
8.932163338928281519e+03 9.010981302999999406e-06
8.937163338928281519e+03 8.860501110999998754e-06
8.942163338928281519e+03 -7.499999999999999131e-07
8.947163338928281519e+03 1.341980968999999919e-06
8.952163338928281519e+03 7.266667671999999859e-06
8.957163338928281519e+03 1.292601664000000022e-06
8.962163338928281519e+03 1.011559623000000027e-05
8.967163338928281519e+03 8.506870363000000834e-06
8.972163338928281519e+03 8.489938335999999960e-06
8.977163338928281519e+03 1.458638230999999852e-05
8.982163338928281519e+03 1.086554956000000062e-05
8.987163338928281519e+03 1.203727908000000028e-05
8.992163338928281519e+03 1.099569722999999993e-05
8.997163338928281519e+03 5.927046295000000078e-06
9.002163338928281519e+03 1.438265782999999839e-05
9.007163338928281519e+03 -1.269935746999999873e-06
9.012163338928281519e+03 -3.334536450000000304e-06
9.017163338928281519e+03 3.619970811999999645e-06
9.022163338928281519e+03 -3.333896457000000133e-06
9.027163338928281519e+03 -3.330000000000000305e-07
9.032163338928281519e+03 -3.249999999999999588e-07
9.037163338928281519e+03 5.806300322999999371e-06
9.042163338928281519e+03 8.299999999999999942e-07
9.047163338928281519e+03 7.712785154999999703e-06
9.052163338928281519e+03 8.020000000000000082e-07
9.057163338928281519e+03 1.486794091999999892e-05
9.062163338928281519e+03 6.075089913999999277e-06
9.067163338928281519e+03 4.093748866999999788e-06
9.072163338928281519e+03 -4.430249100999999659e-06
9.077163338928281519e+03 -4.285236063999999602e-06
9.082163338928281519e+03 1.396908191999999986e-06
9.087163338928281519e+03 -2.180000000000000198e-07
9.092163338928281519e+03 1.203080639000000145e-05
9.097163338928281519e+03 1.598600646999999946e-06
9.102163338928281519e+03 1.285579055999999944e-05
9.107163338928281519e+03 1.880566706000000058e-05
9.112163338928281519e+03 1.685111782999999745e-05
9.117163338928281519e+03 7.133127074000000109e-06
9.122163338928281519e+03 4.160817771000000237e-06
9.127163338928281519e+03 3.879962604999999890e-06
9.132163338928281519e+03 2.896298246999999796e-06
9.137163338928281519e+03 3.582464706000000090e-06
9.142163338928281519e+03 8.846027195000000169e-06
9.147163338928281519e+03 1.451766467999999971e-05
9.152163338928281519e+03 1.179661601999999994e-05
9.157163338928281519e+03 8.931645425000000097e-06
9.162163338928281519e+03 1.171756418999999932e-05
9.167163338928281519e+03 1.317819813000000093e-05
9.172163338928281519e+03 7.715898099999999565e-06
9.177163338928281519e+03 9.441520086999999854e-06
9.182163338928281519e+03 1.163335050999999885e-05
9.187163338928281519e+03 6.751938490000000176e-06
9.192163338928281519e+03 1.280105206999999928e-05
9.197163338928281519e+03 1.741296145999999951e-05
9.202163338928281519e+03 7.614248898000000011e-06
9.207163338928281519e+03 1.919221133000000005e-05
9.212163338928281519e+03 1.348539487999999973e-05
9.217163338928281519e+03 1.631404506000000209e-05
9.222163338928281519e+03 9.285601553999999158e-06
9.227163338928281519e+03 3.553861461000000252e-06
9.232163338928281519e+03 1.169656519999999993e-05
9.237163338928281519e+03 7.773125544000000501e-06
9.242163338928281519e+03 4.416247538999999930e-06
9.247163338928281519e+03 9.523822227000000460e-06
9.252163338928281519e+03 6.773479981000000574e-06
9.257163338928281519e+03 8.457760558999999486e-06
9.262163338928281519e+03 1.030100742000000037e-05
9.267163338928281519e+03 1.296590780999999913e-05
9.272163338928281519e+03 5.733994767000000678e-06
9.277163338928281519e+03 9.217343176999999218e-06
9.282163338928281519e+03 2.078869728999999897e-06
9.287163338928281519e+03 9.877651463999999584e-06
9.292163338928281519e+03 6.509920930999999932e-06
9.297163338928281519e+03 1.426556845999999893e-05
9.302163338928281519e+03 5.587422637999999392e-06
9.307163338928281519e+03 1.071179052999999983e-05
9.312163338928281519e+03 1.230488182000000025e-05
9.317163338928281519e+03 -9.952225954999999581e-06
9.322163338928281519e+03 6.693865288999999321e-06
9.327163338928281519e+03 1.186609617000000091e-05
9.332163338928281519e+03 1.258922042000000048e-05
9.337163338928281519e+03 -3.210881840999999706e-06
9.342163338928281519e+03 1.425398280999999950e-05
9.347163338928281519e+03 7.478924817000000219e-06
9.352163338928281519e+03 1.434816950000000086e-06
9.357163338928281519e+03 2.804509713000000399e-06
9.362163338928281519e+03 8.673269766999999739e-06
9.367163338928281519e+03 8.354261517999999318e-06
9.372163338928281519e+03 4.485512035999999698e-06
9.377163338928281519e+03 4.919802303999999777e-06
9.382163338928281519e+03 1.185092842000000135e-05
9.387163338928281519e+03 8.016421924999999829e-06
9.392163338928281519e+03 5.160000000000000148e-07
9.397163338928281519e+03 -8.740000000000000176e-07
9.402163338928281519e+03 1.514092321000000029e-05
9.407163338928281519e+03 -2.239189634999999869e-06
9.412163338928281519e+03 1.803928521000000058e-05
9.417163338928281519e+03 5.861905519999999424e-06
9.422163338928281519e+03 6.344865541999999747e-06
9.427163338928281519e+03 8.350192802000000049e-06
9.432163338928281519e+03 4.484988457999999682e-06
9.437163338928281519e+03 1.066309413999999910e-06
9.442163338928281519e+03 6.155329173999999487e-06
9.447163338928281519e+03 2.639039885000000217e-06
9.452163338928281519e+03 8.878744556999999962e-06
9.457163338928281519e+03 7.698694244000000379e-06
9.462163338928281519e+03 1.026994664999999931e-05
9.467163338928281519e+03 -5.464943824000000549e-06
9.472163338928281519e+03 1.147309317999999972e-05
9.477163338928281519e+03 6.570000000000000200e-07
9.482163338928281519e+03 1.258422852999999882e-06
9.487163338928281519e+03 5.251566762999999647e-06
9.492163338928281519e+03 -4.151265311999999917e-06
9.497163338928281519e+03 -5.888062879000000132e-06
9.502163338928281519e+03 1.251598587000000073e-05
9.507163338928281519e+03 8.818274364000000521e-06
9.512163338928281519e+03 2.571912481999999639e-06
9.517163338928281519e+03 -2.972113725000000016e-06
9.522163338928281519e+03 4.686423926999999799e-06
9.527163338928281519e+03 1.130242249999999860e-05
9.532163338928281519e+03 3.218688653000000015e-06
9.537163338928281519e+03 2.449999999999999836e-07
9.542163338928281519e+03 1.554376095999999914e-05
9.547163338928281519e+03 1.070825383000000090e-05
9.552163338928281519e+03 1.575957431000000089e-06
9.557163338928281519e+03 5.673037958000000410e-06
9.562163338928281519e+03 5.898438393999999444e-06
9.567163338928281519e+03 7.083404344000000319e-06
9.572163338928281519e+03 1.617805829000000069e-06
9.577163338928281519e+03 -1.388017699000000028e-06
9.582163338928281519e+03 -4.380000000000000310e-07
9.587163338928281519e+03 -9.350680629999999510e-06
9.592163338928281519e+03 2.228344091999999763e-06
9.597163338928281519e+03 -1.090679550999999951e-05
9.602163338928281519e+03 7.355675916000000028e-06
9.607163338928281519e+03 7.643885328000000765e-06
9.612163338928281519e+03 4.189788887999999604e-06
9.617163338928281519e+03 2.255425206000000206e-06
9.622163338928281519e+03 2.112555229999999914e-06
9.627163338928281519e+03 6.892438978000000008e-06
9.632163338928281519e+03 8.547649486000000272e-06
9.637163338928281519e+03 -1.634729997000000070e-06
9.642163338928281519e+03 1.034449203999999973e-05
9.647163338928281519e+03 1.110150943999999902e-05
9.652163338928281519e+03 9.956548456000000741e-06
9.657163338928281519e+03 5.506171146000000899e-06
9.662163338928281519e+03 1.110014854999999912e-05
9.667163338928281519e+03 -2.999999999999999864e-07
9.672163338928281519e+03 8.715572185000000253e-06
9.677163338928281519e+03 -1.233500428000000076e-05
9.682163338928281519e+03 -2.400000000000000315e-07
9.687163338928281519e+03 5.616250563999999731e-06
9.692163338928281519e+03 4.496638138999999824e-06
9.697163338928281519e+03 6.502362666999999986e-06
9.702163338928281519e+03 4.405690997000000287e-06
9.707163338928281519e+03 1.585268881000000140e-05
9.712163338928281519e+03 5.544949671999999821e-06
9.717163338928281519e+03 -8.913075435000000199e-06
9.722163338928281519e+03 4.699887649999999555e-06
9.727163338928281519e+03 2.750000000000000140e-07
9.732163338928281519e+03 1.175623153999999984e-05
9.737163338928281519e+03 5.914516514000000270e-06
9.742163338928281519e+03 -8.321104106000000116e-06
9.747163338928281519e+03 3.413976518999999895e-06
9.752163338928281519e+03 7.432740531000000599e-06
9.757163338928281519e+03 6.127763771999999462e-06
9.762163338928281519e+03 1.465203705999999983e-05
9.767163338928281519e+03 9.180000000000000146e-08
9.772163338928281519e+03 5.349638522999999656e-06
9.777163338928281519e+03 -4.147488216000000130e-06
9.782163338928281519e+03 7.230000000000000022e-07
9.787163338928281519e+03 7.225350709999999601e-06
9.792163338928281519e+03 1.255211420000000118e-05
9.797163338928281519e+03 1.406246331000000141e-05
9.802163338928281519e+03 1.779944636000000067e-05
9.807163338928281519e+03 6.179994670999999956e-06
9.812163338928281519e+03 5.602041492000000060e-06
9.817163338928281519e+03 -1.087388081999999923e-06
9.822163338928281519e+03 1.421966153000000041e-06
9.827163338928281519e+03 -1.435498270000000140e-06
9.832163338928281519e+03 1.357634086000000035e-05
9.837163338928281519e+03 1.447962480999999940e-05
9.842163338928281519e+03 2.785826217999999680e-06
9.847163338928281519e+03 3.074097912999999872e-06
9.852163338928281519e+03 1.193941570999999832e-05
9.857163338928281519e+03 8.236982393999999529e-06
9.862163338928281519e+03 5.957740358999999275e-06
9.867163338928281519e+03 -3.553223796000000055e-06
9.872163338928281519e+03 6.312347249999999773e-06
9.877163338928281519e+03 2.461438417000000184e-06
9.882163338928281519e+03 8.851473685000000869e-06
9.887163338928281519e+03 4.918980994000000130e-06
9.892163338928281519e+03 7.653589710000000026e-06
9.897163338928281519e+03 1.019321615000000044e-05
9.902163338928281519e+03 1.049172365999999971e-05
9.907163338928281519e+03 7.181972031999999359e-06
9.912163338928281519e+03 9.640343486999999723e-06
9.917163338928281519e+03 -2.539860142999999970e-06
9.922163338928281519e+03 7.346032652999999390e-06
9.927163338928281519e+03 -1.859230250999999858e-06
9.932163338928281519e+03 -1.230000000000000029e-07
9.937163338928281519e+03 1.774666888999999986e-06
9.942163338928281519e+03 7.066827965999999846e-06
9.947163338928281519e+03 4.879189073000000294e-06
9.952163338928281519e+03 7.057106122000000558e-06
9.957163338928281519e+03 3.909872321000000324e-06
9.962163338928281519e+03 1.726809423000000120e-05
9.967163338928281519e+03 1.581855002000000086e-05
9.972163338928281519e+03 -7.713064550999999735e-06
9.977163338928281519e+03 1.313979504999999958e-05
9.982163338928281519e+03 -1.954373437999999868e-06
9.987163338928281519e+03 1.959891523999999820e-06
9.992163338928281519e+03 3.436981932999999874e-06
9.997163338928281519e+03 1.121686771999999992e-05
1.000216333892828152e+04 7.341019227000000074e-06
1.000716333892828152e+04 5.545626044999999399e-06
1.001216333892828152e+04 6.402602884999999677e-06
1.001716333892828152e+04 4.228208563000000274e-06
1.002216333892828152e+04 -6.046889466000000192e-06
1.002716333892828152e+04 -7.290452485999999712e-06
1.003216333892828152e+04 9.780435357000000663e-06
1.003716333892828152e+04 -4.750000000000000050e-07
1.004216333892828152e+04 -1.713912643000000031e-06
1.004716333892828152e+04 1.070173107999999962e-05
1.005216333892828152e+04 1.001555239999999957e-05
1.005716333892828152e+04 1.095607528000000013e-05
1.006216333892828152e+04 7.266684551999999258e-06
1.006716333892828152e+04 -7.819999999999999879e-07
1.007216333892828152e+04 2.729790867000000115e-06
1.007716333892828152e+04 1.159074018000000032e-05
1.008216333892828152e+04 2.045001311000000105e-06
1.008716333892828152e+04 7.148850709000000097e-06
1.009216333892828152e+04 9.037388953999999603e-06
1.009716333892828152e+04 1.700819121000000100e-06
1.010216333892828152e+04 3.640431386999999944e-06
1.010716333892828152e+04 1.518723438000000067e-05
1.011216333892828152e+04 1.857726602000000167e-06
1.011716333892828152e+04 4.888896946999999093e-06
1.012216333892828152e+04 -1.449713018000000071e-06
1.012716333892828152e+04 4.030113922999999541e-06
1.013216333892828152e+04 1.127371914000000140e-05
1.013716333892828152e+04 8.380143554000000686e-06
1.014216333892828152e+04 1.544835686000000082e-06
1.014716333892828152e+04 9.951079263999999640e-06
1.015216333892828152e+04 -6.826033931999999373e-06
1.015716333892828152e+04 1.955641666000000037e-05
1.016216333892828152e+04 1.350105856999999879e-05
1.016716333892828152e+04 -1.884905796000000005e-06
1.017216333892828152e+04 6.760773248999999552e-06
1.017716333892828152e+04 1.448687835000000019e-06
1.018216333892828152e+04 9.321477845999999923e-06
1.018716333892828152e+04 1.323728124000000001e-05
1.019216333892828152e+04 5.130000000000000011e-07
1.019716333892828152e+04 3.788179018999999807e-06
1.020216333892828152e+04 4.699082638000000373e-06
1.020716333892828152e+04 8.765043458000000668e-06
1.021216333892828152e+04 1.433085649999999963e-05
1.021716333892828152e+04 7.309999999999999680e-07
1.022216333892828152e+04 9.927270002999999515e-06
1.022716333892828152e+04 5.867638391999999876e-06
1.023216333892828152e+04 -1.375639549000000007e-06
1.023716333892828152e+04 -5.199999999999999976e-07
1.024216333892828152e+04 7.722208392999999789e-06
1.024716333892828152e+04 -4.339999999999999952e-07
1.025216333892828152e+04 -1.309999999999999951e-07
1.025716333892828152e+04 1.033672131999999906e-05
1.026216333892828152e+04 1.114292186999999873e-05
1.026716333892828152e+04 2.589999999999999766e-07
1.027216333892828152e+04 1.279682736000000017e-05
1.027716333892828152e+04 -1.461507344999999967e-06
1.028216333892828152e+04 1.119832740999999927e-05
1.028716333892828152e+04 5.620596929999999687e-06
1.029216333892828152e+04 -1.423555949999999890e-06
1.029716333892828152e+04 2.284851653000000201e-06
1.030216333892828152e+04 -3.225500113000000169e-06
1.030716333892828152e+04 2.230460523000000296e-05
1.031216333892828152e+04 5.770832649000000040e-06
1.031716333892828152e+04 1.247306354000000036e-05
1.032216333892828152e+04 1.105096190999999899e-05
1.032716333892828152e+04 -3.216828917999999926e-06
1.033216333892828152e+04 1.699454384000000115e-05
1.033716333892828152e+04 2.726390376000000090e-06
1.034216333892828152e+04 4.474486923000000207e-06
1.034716333892828152e+04 -3.982870547999999906e-06
1.035216333892828152e+04 1.661318470999999941e-05
1.035716333892828152e+04 7.870938280000000262e-06
1.036216333892828152e+04 2.492061758000000225e-06
1.036716333892828152e+04 5.301499041000000206e-06
1.037216333892828152e+04 4.561956738999999568e-06
1.037716333892828152e+04 -5.360406940000000568e-06
1.038216333892828152e+04 1.218382153000000179e-05
1.038716333892828152e+04 5.671919206999999753e-06
1.039216333892828152e+04 2.273578430000000114e-05
1.039716333892828152e+04 1.258819829999999852e-05
1.040216333892828152e+04 1.467644003999999934e-05
1.040716333892828152e+04 3.069999999999999829e-07
1.041216333892828152e+04 3.797875833999999888e-06
1.041716333892828152e+04 4.187625600000000051e-06
1.042216333892828152e+04 1.083802781000000012e-05
1.042716333892828152e+04 4.350000000000000174e-07
1.043216333892828152e+04 -4.250000000000000072e-07
1.043716333892828152e+04 9.344156715000000044e-06
1.044216333892828152e+04 -1.703743765000000140e-06
1.044716333892828152e+04 9.850848000000000251e-06
1.045216333892828152e+04 2.045752248000000045e-05
1.045716333892828152e+04 7.910251733999999079e-06
1.046216333892828152e+04 3.493952681000000113e-06
1.046716333892828152e+04 2.052525524000000092e-05
1.047216333892828152e+04 5.670000000000000347e-07
1.047716333892828152e+04 1.508425572000000004e-05
1.048216333892828152e+04 5.178504506999999993e-06
1.048716333892828152e+04 1.627542428000000089e-05
1.049216333892828152e+04 1.057935296999999932e-05
1.049716333892828152e+04 4.898284095999999239e-06
1.050216333892828152e+04 7.160734384999999586e-06
1.050716333892828152e+04 9.513858239999999796e-06
1.051216333892828152e+04 7.519091013999999521e-06
1.051716333892828152e+04 1.901787123999999950e-05
1.052216333892828152e+04 1.853763591000000022e-05
1.052716333892828152e+04 1.292519852999999989e-05
1.053216333892828152e+04 6.742732948999999819e-06
1.053716333892828152e+04 1.387152821000000056e-05
1.054216333892828152e+04 1.466565416000000062e-05
1.054716333892828152e+04 1.137992367000000062e-05
1.055216333892828152e+04 1.791233429999999907e-05
1.055716333892828152e+04 2.076655859000000367e-05
1.056216333892828152e+04 2.028808929000000137e-05
1.056716333892828152e+04 2.947269008000000118e-05
1.057216333892828152e+04 2.303764923000000122e-05
1.057716333892828152e+04 2.355171368000000067e-05
1.058216333892828152e+04 2.277115127000000109e-05
1.058716333892828152e+04 2.496284897999999862e-05
1.059216333892828152e+04 1.444608090000000023e-05
1.059716333892828152e+04 9.188901166999999913e-06
1.060216333892828152e+04 1.574266236000000074e-05
1.060716333892828152e+04 5.713091814000000572e-06
1.061216333892828152e+04 7.128824362999999798e-06
1.061716333892828152e+04 4.982842947000000006e-06
1.062216333892828152e+04 7.240406121000000667e-06
1.062716333892828152e+04 5.428940057999999218e-06
1.063216333892828152e+04 3.694825573000000093e-06
1.063716333892828152e+04 8.770000000000000313e-07
1.064216333892828152e+04 7.133817998999999958e-06
1.064716333892828152e+04 8.321607020000000560e-06
1.065216333892828152e+04 3.196941688999999759e-06
1.065716333892828152e+04 3.115310973999999842e-06
1.066216333892828152e+04 1.088981166999999883e-05
1.066716333892828152e+04 2.128872146999999931e-06
1.067216333892828152e+04 1.498112338999999910e-05
1.067716333892828152e+04 8.339261403000000633e-06
1.068216333892828152e+04 5.710000000000000176e-08
1.068716333892828152e+04 6.452620728000000502e-06
1.069216333892828152e+04 1.139792148000000059e-05
1.069716333892828152e+04 8.871177561000000104e-06
1.070216333892828152e+04 9.709957521000000592e-06
1.070716333892828152e+04 7.877297467000001031e-06
1.071216333892828152e+04 6.349999999999999785e-09
1.071716333892828152e+04 1.129294745999999885e-05
1.072216333892828152e+04 1.035621389999999923e-05
1.072716333892828152e+04 3.520000000000000418e-08
1.073216333892828152e+04 -3.550000000000000422e-07
1.073716333892828152e+04 1.426543108999999889e-05
1.074216333892828152e+04 5.639630252999999703e-06
1.074716333892828152e+04 3.895860573000000278e-06
1.075216333892828152e+04 4.539217042999999767e-06
1.075716333892828152e+04 1.107349410000000014e-05
1.076216333892828152e+04 7.219791878000000287e-06
1.076716333892828152e+04 -7.130103186000000051e-06
1.077216333892828152e+04 5.234744748999999633e-06
1.077716333892828152e+04 5.920000000000000071e-07
1.078216333892828152e+04 7.874673465000000801e-06
1.078716333892828152e+04 -1.903757947999999804e-06
1.079216333892828152e+04 1.224568347000000073e-05
1.079716333892828152e+04 8.931386982999999630e-06
1.080216333892828152e+04 6.255883491000000890e-06
1.080716333892828152e+04 6.424309686000000250e-06
1.081216333892828152e+04 1.651699275999999915e-06
1.081716333892828152e+04 5.589268985000000468e-06
1.082216333892828152e+04 5.368618877000000334e-06
1.082716333892828152e+04 8.535944507000001343e-06
1.083216333892828152e+04 1.365726580999999910e-05
1.083716333892828152e+04 6.568542449000000017e-06
1.084216333892828152e+04 9.449326317000000805e-06
1.084716333892828152e+04 4.292703234000000083e-06
1.085216333892828152e+04 8.375862963000000995e-06
1.085716333892828152e+04 4.544534604000000022e-06
1.086216333892828152e+04 2.725360972999999976e-06
1.086716333892828152e+04 3.878653806000000167e-06
1.087216333892828152e+04 2.288733842000000026e-05
1.087716333892828152e+04 4.380914615000000030e-06
1.088216333892828152e+04 5.090000000000000580e-08
1.088716333892828152e+04 9.477715939000000233e-06
1.089216333892828152e+04 2.188723302000000274e-05
1.089716333892828152e+04 1.941063208999999943e-05
1.090216333892828152e+04 7.394025451999999426e-06
1.090716333892828152e+04 5.280000000000000693e-07
1.091216333892828152e+04 7.478641345999999699e-06
1.091716333892828152e+04 1.808928441999999872e-05
1.092216333892828152e+04 7.388899685000000124e-06
1.092716333892828152e+04 1.135098747999999973e-05
1.093216333892828152e+04 1.261461293000000127e-05
1.093716333892828152e+04 1.890145358999999978e-05
1.094216333892828152e+04 1.706065842999999847e-05
1.094716333892828152e+04 2.475920132999999873e-05
1.095216333892828152e+04 1.909870422000000111e-05
1.095716333892828152e+04 2.468832069999999802e-05
1.096216333892828152e+04 2.501138952000000004e-05
1.096716333892828152e+04 2.632920165000000011e-05
1.097216333892828152e+04 2.533204155000000005e-05
1.097716333892828152e+04 1.921675866000000248e-05
1.098216333892828152e+04 4.451604093999999851e-05
1.098716333892828152e+04 3.296790178999999899e-05
1.099216333892828152e+04 3.549714573000000323e-05
1.099716333892828152e+04 3.921685274999999284e-05
1.100216333892828152e+04 2.894028788000000064e-05
1.100716333892828152e+04 3.288627369000000146e-05
1.101216333892828152e+04 3.205036512000000287e-05
1.101716333892828152e+04 3.799505531999999614e-05
1.102216333892828152e+04 1.837134361000000189e-05
1.102716333892828152e+04 1.567973987999999981e-05
