1.100000000000000000e+04 9.779740906000000678e-01
1.099000000000000000e+04 9.780551909999999349e-01
1.098000000000000000e+04 9.784799194000000089e-01
1.097000000000000000e+04 9.790753173999999781e-01
1.096000000000000000e+04 9.792173766999999751e-01
1.095000000000000000e+04 9.792687225000000772e-01
1.094000000000000000e+04 9.795846557999999815e-01
1.093000000000000000e+04 9.799072266000000697e-01
1.092000000000000000e+04 9.800717925999999913e-01
1.091000000000000000e+04 9.802903748000000306e-01
1.090000000000000000e+04 9.803314972000000127e-01
1.089000000000000000e+04 9.806549835000000215e-01
1.088000000000000000e+04 9.808290863000000970e-01
1.087000000000000000e+04 9.810783386000000439e-01
1.086000000000000000e+04 9.812544250000000412e-01
1.085000000000000000e+04 9.816997527999999917e-01
1.084000000000000000e+04 9.814522552000000122e-01
1.083000000000000000e+04 9.819511414000000604e-01
1.082000000000000000e+04 9.820680237000000146e-01
1.081000000000000000e+04 9.820129394999999040e-01
1.080000000000000000e+04 9.823865508999999330e-01
1.079000000000000000e+04 9.823336792000000317e-01
1.078000000000000000e+04 9.822071837999999389e-01
1.077000000000000000e+04 9.825406647000000104e-01
1.076000000000000000e+04 9.830097197999999592e-01
1.075000000000000000e+04 9.832866669000001059e-01
1.074000000000000000e+04 9.831159210000000037e-01
1.073000000000000000e+04 9.828165436000000366e-01
1.072000000000000000e+04 9.832096862999999409e-01
1.071000000000000000e+04 9.832524109000000401e-01
1.070000000000000000e+04 9.833354187000000746e-01
1.069000000000000000e+04 9.835501098999999137e-01
1.068000000000000000e+04 9.831924438000000377e-01
1.067000000000000000e+04 9.835355377000000177e-01
1.066000000000000000e+04 9.836213684000000290e-01
1.065000000000000000e+04 9.835514831999999652e-01
1.064000000000000000e+04 9.838034820999999042e-01
1.063000000000000000e+04 9.837972259999999691e-01
1.062000000000000000e+04 9.835211945000000844e-01
1.061000000000000000e+04 9.840089416999999727e-01
1.060000000000000000e+04 9.839838408999999064e-01
1.059000000000000000e+04 9.838391875999999980e-01
1.058000000000000000e+04 9.840129852000000232e-01
1.057000000000000000e+04 9.839926146999999901e-01
1.056000000000000000e+04 9.838802338000001146e-01
1.055000000000000000e+04 9.840362548999999071e-01
1.054000000000000000e+04 9.838853455000000636e-01
1.053000000000000000e+04 9.840630341000000669e-01
1.052000000000000000e+04 9.839076233000000338e-01
1.051000000000000000e+04 9.838812256000000200e-01
1.050000000000000000e+04 9.839373016000000360e-01
1.049000000000000000e+04 9.836885070999999980e-01
1.048000000000000000e+04 9.842533874999999099e-01
1.047000000000000000e+04 9.841573334000000006e-01
1.046000000000000000e+04 9.838513946999999371e-01
1.045000000000000000e+04 9.838706969999999608e-01
1.044000000000000000e+04 9.840071868999999971e-01
1.043000000000000000e+04 9.837675475999999586e-01
1.042000000000000000e+04 9.839963530999998875e-01
1.041000000000000000e+04 9.835618590999999356e-01
1.040000000000000000e+04 9.839002228000000017e-01
1.039000000000000000e+04 9.835980225000000576e-01
1.038000000000000000e+04 9.836571503000000050e-01
1.037000000000000000e+04 9.836260986000000539e-01
1.036000000000000000e+04 9.836599730999999736e-01
1.035000000000000000e+04 9.837211609000000578e-01
1.034000000000000000e+04 9.834924315999999944e-01
1.033000000000000000e+04 9.835865784000000778e-01
1.032000000000000000e+04 9.835713958999999784e-01
1.031000000000000000e+04 9.834667206000000661e-01
1.030000000000000000e+04 9.835191344999999474e-01
1.029000000000000000e+04 9.832710265999999866e-01
1.028000000000000000e+04 9.835900879000000208e-01
1.027000000000000000e+04 9.833978270999998994e-01
1.026000000000000000e+04 9.835435486000000394e-01
1.025000000000000000e+04 9.831095122999999880e-01
1.024000000000000000e+04 9.834201049999999888e-01
1.023000000000000000e+04 9.830924987999999365e-01
1.022000000000000000e+04 9.831045532000000087e-01
1.021000000000000000e+04 9.831884002999999872e-01
1.020000000000000000e+04 9.827964783000000537e-01
1.019000000000000000e+04 9.831513977000000404e-01
1.018000000000000000e+04 9.829827117999999642e-01
1.017000000000000000e+04 9.829928588999998773e-01
1.016000000000000000e+04 9.828526306000000545e-01
1.015000000000000000e+04 9.827127837999999338e-01
1.014000000000000000e+04 9.827533721999999194e-01
1.013000000000000000e+04 9.827426147000000167e-01
1.012000000000000000e+04 9.828125762999999626e-01
1.011000000000000000e+04 9.827818297999999508e-01
1.010000000000000000e+04 9.826814269999999407e-01
1.009000000000000000e+04 9.827833556999999720e-01
1.008000000000000000e+04 9.826462555000000654e-01
1.007000000000000000e+04 9.826828002999999923e-01
1.006000000000000000e+04 9.828375244000000510e-01
1.005000000000000000e+04 9.824369812000000035e-01
1.004000000000000000e+04 9.825994873000000185e-01
1.003000000000000000e+04 9.825929259999999221e-01
1.002000000000000000e+04 9.824603270999999749e-01
1.001000000000000000e+04 9.824364470999999988e-01
1.000000000000000000e+04 9.825501250999999492e-01
9.990000000000000000e+03 9.824649811000000232e-01
9.980000000000000000e+03 9.825645446999999866e-01
9.970000000000000000e+03 9.823686981000000484e-01
9.960000000000000000e+03 9.824663544000000748e-01
9.950000000000000000e+03 9.824258423000000739e-01
9.940000000000000000e+03 9.825160216999999641e-01
9.930000000000000000e+03 9.824285888999999550e-01
9.920000000000000000e+03 9.824183655000000570e-01
9.910000000000000000e+03 9.822924041999999689e-01
9.900000000000000000e+03 9.821318816999999868e-01
9.890000000000000000e+03 9.824616240999999306e-01
9.880000000000000000e+03 9.823023987000000234e-01
9.870000000000000000e+03 9.824317168999999739e-01
9.860000000000000000e+03 9.822437285999999768e-01
9.850000000000000000e+03 9.822843933000000582e-01
9.840000000000000000e+03 9.823724364999999459e-01
9.830000000000000000e+03 9.822982787999999799e-01
9.820000000000000000e+03 9.823999023000000719e-01
9.810000000000000000e+03 9.822392273000000174e-01
9.800000000000000000e+03 9.824537659000001089e-01
9.790000000000000000e+03 9.823071289000000483e-01
9.780000000000000000e+03 9.822917175000001055e-01
9.770000000000000000e+03 9.826223754999999782e-01
9.760000000000000000e+03 9.823255156999999294e-01
9.750000000000000000e+03 9.824588013000000730e-01
9.740000000000000000e+03 9.825348662999999760e-01
9.730000000000000000e+03 9.825628661999999958e-01
9.720000000000000000e+03 9.825471496999998999e-01
9.710000000000000000e+03 9.824435424999999888e-01
9.700000000000000000e+03 9.825714111000000139e-01
9.690000000000000000e+03 9.826146697999998958e-01
9.680000000000000000e+03 9.822527313000000149e-01
9.670000000000000000e+03 9.827363585999999707e-01
9.660000000000000000e+03 9.826210785000000225e-01
9.650000000000000000e+03 9.828220367000000124e-01
9.640000000000000000e+03 9.830113982999999500e-01
9.630000000000000000e+03 9.826987457000000425e-01
9.620000000000000000e+03 9.827723693999999011e-01
9.610000000000000000e+03 9.827175139999999587e-01
9.600000000000000000e+03 9.829924773999999532e-01
9.590000000000000000e+03 9.828113555999999917e-01
9.580000000000000000e+03 9.830097960999999440e-01
9.570000000000000000e+03 9.829232787999999665e-01
9.560000000000000000e+03 9.829413605000000276e-01
9.550000000000000000e+03 9.831931305000000121e-01
9.540000000000000000e+03 9.830115508999999197e-01
9.530000000000000000e+03 9.831348419000000005e-01
9.520000000000000000e+03 9.831887817000000140e-01
9.510000000000000000e+03 9.833762360000000147e-01
9.500000000000000000e+03 9.832742309999999986e-01
9.490000000000000000e+03 9.834927367999999337e-01
9.480000000000000000e+03 9.835076141000000938e-01
9.470000000000000000e+03 9.836292267000000811e-01
9.460000000000000000e+03 9.836604309000001045e-01
9.450000000000000000e+03 9.836751555999999619e-01
9.440000000000000000e+03 9.836467743000000263e-01
9.430000000000000000e+03 9.835404967999999970e-01
9.420000000000000000e+03 9.837533568999999867e-01
9.410000000000000000e+03 9.838456725999999986e-01
9.400000000000000000e+03 9.837789153999999536e-01
9.390000000000000000e+03 9.839105224999999955e-01
9.380000000000000000e+03 9.839536285000000104e-01
9.370000000000000000e+03 9.840917969000000376e-01
9.360000000000000000e+03 9.841049956999999848e-01
9.350000000000000000e+03 9.841114044000000005e-01
9.340000000000000000e+03 9.843241118999999095e-01
9.330000000000000000e+03 9.842711638999999124e-01
9.320000000000000000e+03 9.843517303000000052e-01
9.310000000000000000e+03 9.844085692999999804e-01
9.300000000000000000e+03 9.846886444000000349e-01
9.290000000000000000e+03 9.845209502999999751e-01
9.280000000000000000e+03 9.845744324000000880e-01
9.270000000000000000e+03 9.846534728999999375e-01
9.260000000000000000e+03 9.845689391999999929e-01
9.250000000000000000e+03 9.847976685000000563e-01
9.240000000000000000e+03 9.847754668999999517e-01
9.230000000000000000e+03 9.848377990999999110e-01
9.220000000000000000e+03 9.849616240999999883e-01
9.210000000000000000e+03 9.848759459999999466e-01
9.200000000000000000e+03 9.848017882999999806e-01
9.190000000000000000e+03 9.851764679000000191e-01
9.180000000000000000e+03 9.850930022999999647e-01
9.170000000000000000e+03 9.851338959000000006e-01
9.160000000000000000e+03 9.852413177000000077e-01
9.150000000000000000e+03 9.854106140000000735e-01
9.140000000000000000e+03 9.852008057000000152e-01
9.130000000000000000e+03 9.852585602000000220e-01
9.120000000000000000e+03 9.851234436000000372e-01
9.110000000000000000e+03 9.854707336000000373e-01
9.100000000000000000e+03 9.856085967999999031e-01
9.090000000000000000e+03 9.856324005000000055e-01
9.080000000000000000e+03 9.854170226999999782e-01
9.070000000000000000e+03 9.855646514999999441e-01
9.060000000000000000e+03 9.856206511999999753e-01
9.050000000000000000e+03 9.855922699000000398e-01
9.040000000000000000e+03 9.858518218999999805e-01
9.030000000000000000e+03 9.856053162000000256e-01
9.020000000000000000e+03 9.856945038000000103e-01
9.010000000000000000e+03 9.857537842000000383e-01
9.000000000000000000e+03 9.857849120999999659e-01
8.990000000000000000e+03 9.856306458000000381e-01
8.980000000000000000e+03 9.859530639999999346e-01
8.970000000000000000e+03 9.857778167999999841e-01
8.960000000000000000e+03 9.859645080999999145e-01
8.950000000000000000e+03 9.857647704999998872e-01
8.940000000000000000e+03 9.859930420000000417e-01
8.930000000000000000e+03 9.859516144000000093e-01
8.920000000000000000e+03 9.860951233000000427e-01
8.910000000000000000e+03 9.857903289999999652e-01
8.900000000000000000e+03 9.859591675000000111e-01
8.890000000000000000e+03 9.858528899999999817e-01
8.880000000000000000e+03 9.860307312000000657e-01
8.870000000000000000e+03 9.859578704999999443e-01
8.860000000000000000e+03 9.858920288000000420e-01
8.850000000000000000e+03 9.859158325000000334e-01
8.840000000000000000e+03 9.859718322999999618e-01
8.830000000000000000e+03 9.859549712999999826e-01
8.820000000000000000e+03 9.860406494000000244e-01
8.810000000000000000e+03 9.859262847999999968e-01
8.800000000000000000e+03 9.858557892000000544e-01
8.790000000000000000e+03 9.859846496999999932e-01
8.780000000000000000e+03 9.858197783999999020e-01
8.770000000000000000e+03 9.858584595000000617e-01
8.760000000000000000e+03 9.860434723000000012e-01
8.750000000000000000e+03 9.858349609000000013e-01
8.740000000000000000e+03 9.856527710000000386e-01
8.730000000000000000e+03 9.858897399999999589e-01
8.720000000000000000e+03 9.858176422000000105e-01
8.710000000000000000e+03 9.858121490000000264e-01
8.700000000000000000e+03 9.856195830999999741e-01
8.690000000000000000e+03 9.859565734999999886e-01
8.680000000000000000e+03 9.858231353999999946e-01
8.670000000000000000e+03 9.856275939999999958e-01
8.660000000000000000e+03 9.855900574000000525e-01
8.650000000000000000e+03 9.855755614999999192e-01
8.640000000000000000e+03 9.854740142999999231e-01
8.630000000000000000e+03 9.853328704999999577e-01
8.620000000000000000e+03 9.856465911999999774e-01
8.610000000000000000e+03 9.855931090999999755e-01
8.600000000000000000e+03 9.855242157000000391e-01
8.590000000000000000e+03 9.853650665000001085e-01
8.580000000000000000e+03 9.852240753000000018e-01
8.570000000000000000e+03 9.854604340000000517e-01
8.560000000000000000e+03 9.852290343999999811e-01
8.550000000000000000e+03 9.851093292000000501e-01
8.540000000000000000e+03 9.850485991999999857e-01
8.530000000000000000e+03 9.854010773000000389e-01
8.520000000000000000e+03 9.849321747000000515e-01
8.510000000000000000e+03 9.851548767000000151e-01
8.500000000000000000e+03 9.850370026000000445e-01
8.490000000000000000e+03 9.847585297000001070e-01
8.480000000000000000e+03 9.849406432999999739e-01
8.470000000000000000e+03 9.844996643000000214e-01
8.460000000000000000e+03 9.844972228999999686e-01
8.450000000000000000e+03 9.842272948999999382e-01
8.440000000000000000e+03 9.842804717999998898e-01
8.430000000000000000e+03 9.844094085999999244e-01
8.420000000000000000e+03 9.840101624000000546e-01
8.410000000000000000e+03 9.839936066000000148e-01
8.400000000000000000e+03 9.840634154999999827e-01
8.390000000000000000e+03 9.840173340000000213e-01
8.380000000000000000e+03 9.836157226999999725e-01
8.370000000000000000e+03 9.837697601000000569e-01
8.360000000000000000e+03 9.838070679000000540e-01
8.350000000000000000e+03 9.836595916999999467e-01
8.340000000000000000e+03 9.836885833999999829e-01
8.330000000000000000e+03 9.832000732000000243e-01
8.320000000000000000e+03 9.834996032999999693e-01
8.310000000000000000e+03 9.834530639999999879e-01
8.300000000000000000e+03 9.830852508999999850e-01
8.290000000000000000e+03 9.834219360000000520e-01
8.280000000000000000e+03 9.830661773999999076e-01
8.270000000000000000e+03 9.832593536000000523e-01
8.260000000000000000e+03 9.831197357000001080e-01
8.250000000000000000e+03 9.830348205999999145e-01
8.240000000000000000e+03 9.828003692999999208e-01
8.230000000000000000e+03 9.830710602000000131e-01
8.220000000000000000e+03 9.828960419000000170e-01
8.210000000000000000e+03 9.824633025999999214e-01
8.200000000000000000e+03 9.828906250000000178e-01
8.190000000000000000e+03 9.828369904000000545e-01
8.180000000000000000e+03 9.826738738999999390e-01
8.170000000000000000e+03 9.826296234000000407e-01
8.160000000000000000e+03 9.826056671000000797e-01
8.150000000000000000e+03 9.826988220000000274e-01
8.140000000000000000e+03 9.825929259999999221e-01
8.130000000000000000e+03 9.826061248999999886e-01
8.120000000000000000e+03 9.826519012000000108e-01
8.110000000000000000e+03 9.826377868999999210e-01
8.100000000000000000e+03 9.825181579999999748e-01
8.090000000000000000e+03 9.826125336000000043e-01
8.080000000000000000e+03 9.824066925000000117e-01
8.070000000000000000e+03 9.825238036999999203e-01
8.060000000000000000e+03 9.826236724999999339e-01
8.050000000000000000e+03 9.823291779000000723e-01
8.040000000000000000e+03 9.823212433000000354e-01
8.030000000000000000e+03 9.822241210999999028e-01
8.020000000000000000e+03 9.826958466000000891e-01
8.010000000000000000e+03 9.826676940999999887e-01
8.000000000000000000e+03 9.825592803999999569e-01
7.990000000000000000e+03 9.828157042999999815e-01
7.980000000000000000e+03 9.824762726000000335e-01
7.970000000000000000e+03 9.823013306000000222e-01
7.960000000000000000e+03 9.829736327999999412e-01
7.950000000000000000e+03 9.825442504999999382e-01
7.940000000000000000e+03 9.826286315999999132e-01
7.930000000000000000e+03 9.829621124000000876e-01
7.920000000000000000e+03 9.824657439999999742e-01
7.910000000000000000e+03 9.827583312999998988e-01
7.900000000000000000e+03 9.828778075999999864e-01
7.890000000000000000e+03 9.826260376000000019e-01
7.880000000000000000e+03 9.826026154000000457e-01
7.870000000000000000e+03 9.829648589999999686e-01
7.860000000000000000e+03 9.829375458000000343e-01
7.850000000000000000e+03 9.829550170999999947e-01
7.840000000000000000e+03 9.827705383000000516e-01
7.830000000000000000e+03 9.832125091999999178e-01
7.820000000000000000e+03 9.829127502000000183e-01
7.810000000000000000e+03 9.828926085999999396e-01
7.800000000000000000e+03 9.831250763000000115e-01
7.790000000000000000e+03 9.832128142999999598e-01
7.780000000000000000e+03 9.832478332999999848e-01
7.770000000000000000e+03 9.833188629000000347e-01
7.760000000000000000e+03 9.831850433000000056e-01
7.750000000000000000e+03 9.834394835999999973e-01
7.740000000000000000e+03 9.837424469000000116e-01
7.730000000000000000e+03 9.833879851999999255e-01
7.720000000000000000e+03 9.837010956000000750e-01
7.710000000000000000e+03 9.833999634000000212e-01
7.700000000000000000e+03 9.839076233000000338e-01
7.690000000000000000e+03 9.838721465999999971e-01
7.680000000000000000e+03 9.839212799000001120e-01
7.670000000000000000e+03 9.838211823000000411e-01
7.660000000000000000e+03 9.837963867000000251e-01
7.650000000000000000e+03 9.839479065000000801e-01
7.640000000000000000e+03 9.839339447000000627e-01
7.630000000000000000e+03 9.839141083000000343e-01
7.620000000000000000e+03 9.844142913999999189e-01
7.610000000000000000e+03 9.840899657999999661e-01
7.600000000000000000e+03 9.840776062000000657e-01
7.590000000000000000e+03 9.845568084999999359e-01
7.580000000000000000e+03 9.845842742999999508e-01
7.570000000000000000e+03 9.845139312999999781e-01
7.560000000000000000e+03 9.846131133999999063e-01
7.550000000000000000e+03 9.846894072999999858e-01
7.540000000000000000e+03 9.848352814000000954e-01
7.530000000000000000e+03 9.848065185999999027e-01
7.520000000000000000e+03 9.848625946000000297e-01
7.510000000000000000e+03 9.846838379000000252e-01
7.500000000000000000e+03 9.853089904999999815e-01
7.490000000000000000e+03 9.849958800999999431e-01
7.480000000000000000e+03 9.847963714999999896e-01
7.470000000000000000e+03 9.852093506000000334e-01
7.460000000000000000e+03 9.852226256999999654e-01
7.450000000000000000e+03 9.851612090999999349e-01
7.440000000000000000e+03 9.850637054000001003e-01
7.430000000000000000e+03 9.851320647999999291e-01
7.420000000000000000e+03 9.849792480000000294e-01
7.410000000000000000e+03 9.854067992999999692e-01
7.400000000000000000e+03 9.853435516000000893e-01
7.390000000000000000e+03 9.854585265999999955e-01
7.380000000000000000e+03 9.854692077999999134e-01
7.370000000000000000e+03 9.856069182999999123e-01
7.360000000000000000e+03 9.854951477000000182e-01
7.350000000000000000e+03 9.854929352000000309e-01
7.340000000000000000e+03 9.856668091000000409e-01
7.330000000000000000e+03 9.856651306000000501e-01
7.320000000000000000e+03 9.857689666999999156e-01
7.310000000000000000e+03 9.851834869000000161e-01
7.300000000000000000e+03 9.854351044000000392e-01
7.290000000000000000e+03 9.856049346999999905e-01
7.280000000000000000e+03 9.856368255999999883e-01
7.270000000000000000e+03 9.856563567999999664e-01
7.260000000000000000e+03 9.858347320999999441e-01
7.250000000000000000e+03 9.854628753999999935e-01
7.240000000000000000e+03 9.855370331000000705e-01
7.230000000000000000e+03 9.857439422999999534e-01
7.220000000000000000e+03 9.852835846000000952e-01
7.210000000000000000e+03 9.857177733999999969e-01
7.200000000000000000e+03 9.854950714000000334e-01
7.190000000000000000e+03 9.857131194999999568e-01
7.180000000000000000e+03 9.853542328000000072e-01
7.170000000000000000e+03 9.855000305000000127e-01
7.160000000000000000e+03 9.855293273999999881e-01
7.150000000000000000e+03 9.853219603999999743e-01
7.140000000000000000e+03 9.851502227999999750e-01
7.130000000000000000e+03 9.852552795000000252e-01
7.120000000000000000e+03 9.855863189999999330e-01
7.110000000000000000e+03 9.852628326000000270e-01
7.100000000000000000e+03 9.849494934000000423e-01
7.090000000000000000e+03 9.851883698000000189e-01
7.080000000000000000e+03 9.852612304999999182e-01
7.070000000000000000e+03 9.849143981999999298e-01
7.060000000000000000e+03 9.850238036999999780e-01
7.050000000000000000e+03 9.846787261999999652e-01
7.040000000000000000e+03 9.850274657999998906e-01
7.030000000000000000e+03 9.846489716000000891e-01
7.020000000000000000e+03 9.846213530999999852e-01
7.010000000000000000e+03 9.845713043000000608e-01
7.000000000000000000e+03 9.844263457999999911e-01
6.990000000000000000e+03 9.843586731000000256e-01
6.980000000000000000e+03 9.841630553999999309e-01
6.970000000000000000e+03 9.845642089999999680e-01
6.960000000000000000e+03 9.841702271000000168e-01
6.950000000000000000e+03 9.841361236999999207e-01
6.940000000000000000e+03 9.841168975999999846e-01
6.930000000000000000e+03 9.839290619000000682e-01
6.920000000000000000e+03 9.842440032999999477e-01
6.910000000000000000e+03 9.831199646000000625e-01
6.900000000000000000e+03 9.839364623999999893e-01
6.890000000000000000e+03 9.837857818999999893e-01
6.880000000000000000e+03 9.832154846000000781e-01
6.870000000000000000e+03 9.833148955999999608e-01
6.860000000000000000e+03 9.836318206999998814e-01
6.850000000000000000e+03 9.834249877999999834e-01
6.840000000000000000e+03 9.830606842000000345e-01
6.830000000000000000e+03 9.832401276000000134e-01
6.820000000000000000e+03 9.829835509999998999e-01
6.810000000000000000e+03 9.831214904999999726e-01
6.800000000000000000e+03 9.827582549999999140e-01
6.790000000000000000e+03 9.828083800999999342e-01
6.780000000000000000e+03 9.826956939999998974e-01
6.770000000000000000e+03 9.827816009999998936e-01
6.760000000000000000e+03 9.826206207000000026e-01
6.750000000000000000e+03 9.824407958999999968e-01
6.740000000000000000e+03 9.824103546000000353e-01
6.730000000000000000e+03 9.821796417000000501e-01
6.720000000000000000e+03 9.822148131999999254e-01
6.710000000000000000e+03 9.824612426999999037e-01
6.700000000000000000e+03 9.823922728999999743e-01
6.690000000000000000e+03 9.823806000000000482e-01
6.680000000000000000e+03 9.819426727000000188e-01
6.670000000000000000e+03 9.819852448000000456e-01
6.660000000000000000e+03 9.819725800000000948e-01
6.650000000000000000e+03 9.819951630000000042e-01
6.640000000000000000e+03 9.816773224000000519e-01
6.630000000000000000e+03 9.816396331999999170e-01
6.620000000000000000e+03 9.820044708000000844e-01
6.610000000000000000e+03 9.817259979000000358e-01
6.600000000000000000e+03 9.819622040000000052e-01
6.590000000000000000e+03 9.815592957000000007e-01
6.580000000000000000e+03 9.814402008000000510e-01
6.570000000000000000e+03 9.817750549000000548e-01
6.560000000000000000e+03 9.816171264999999924e-01
6.550000000000000000e+03 9.815466309000000500e-01
6.540000000000000000e+03 9.812844848999999758e-01
6.530000000000000000e+03 9.811557007000000219e-01
6.520000000000000000e+03 9.814242554000000007e-01
6.510000000000000000e+03 9.814536284999999527e-01
6.500000000000000000e+03 9.812908935999999915e-01
6.490000000000000000e+03 9.811571503000000583e-01
6.480000000000000000e+03 9.814717864999999986e-01
6.470000000000000000e+03 9.810485076999999610e-01
6.460000000000000000e+03 9.811064910999999222e-01
6.450000000000000000e+03 9.812167358000000172e-01
6.440000000000000000e+03 9.810449219000000332e-01
6.430000000000000000e+03 9.813817595999999588e-01
6.420000000000000000e+03 9.813050078999999704e-01
6.410000000000000000e+03 9.815040587999999122e-01
6.400000000000000000e+03 9.813962555000000920e-01
6.390000000000000000e+03 9.812963104000000936e-01
6.380000000000000000e+03 9.809124755999999445e-01
6.370000000000000000e+03 9.812091827000000155e-01
6.360000000000000000e+03 9.811770629999999604e-01
6.350000000000000000e+03 9.811817169000000005e-01
6.340000000000000000e+03 9.813190459999999726e-01
6.330000000000000000e+03 9.812095641999999396e-01
6.320000000000000000e+03 9.814669037000000040e-01
6.310000000000000000e+03 9.812374114999999897e-01
6.300000000000000000e+03 9.810144042999999758e-01
6.290000000000000000e+03 9.814188385000000014e-01
6.280000000000000000e+03 9.809774016999999180e-01
6.270000000000000000e+03 9.815529632999999698e-01
6.260000000000000000e+03 9.812382506999999254e-01
6.250000000000000000e+03 9.813536834999999625e-01
6.240000000000000000e+03 9.816710663000001169e-01
6.230000000000000000e+03 9.811935425000000155e-01
6.220000000000000000e+03 9.812300109999999576e-01
6.210000000000000000e+03 9.811855315999999938e-01
6.200000000000000000e+03 9.813331603999999597e-01
6.190000000000000000e+03 9.814221190999999900e-01
6.180000000000000000e+03 9.811859131000000289e-01
6.170000000000000000e+03 9.812905120999999564e-01
6.160000000000000000e+03 9.812942504999999649e-01
6.150000000000000000e+03 9.813096618999999077e-01
6.140000000000000000e+03 9.813022614000000976e-01
6.130000000000000000e+03 9.810295104999999793e-01
6.120000000000000000e+03 9.809471130000000372e-01
6.110000000000000000e+03 9.813301849000000132e-01
6.100000000000000000e+03 9.812909697999999681e-01
6.090000000000000000e+03 9.811574554000001003e-01
6.080000000000000000e+03 9.811080932999999282e-01
6.070000000000000000e+03 9.810176848999999644e-01
6.060000000000000000e+03 9.808460236000000609e-01
6.050000000000000000e+03 9.808708953999999425e-01
6.040000000000000000e+03 9.812055968999999767e-01
6.030000000000000000e+03 9.811765289000000667e-01
6.020000000000000000e+03 9.804663085999999472e-01
6.010000000000000000e+03 9.810206604000000219e-01
6.000000000000000000e+03 9.808324432000000703e-01
5.990000000000000000e+03 9.808168030000000703e-01
5.980000000000000000e+03 9.806388855000000015e-01
5.970000000000000000e+03 9.803045653999999942e-01
5.960000000000000000e+03 9.806491088999998995e-01
5.950000000000000000e+03 9.804487610000000020e-01
5.940000000000000000e+03 9.803578186000000416e-01
5.930000000000000000e+03 9.801853943000000680e-01
5.920000000000000000e+03 9.798300170999999503e-01
5.910000000000000000e+03 9.799904632999999476e-01
5.900000000000000000e+03 9.798105621000000598e-01
5.890000000000000000e+03 9.804594421000000226e-01
5.880000000000000000e+03 9.801582335999999840e-01
5.870000000000000000e+03 9.802873992999999730e-01
5.860000000000000000e+03 9.802714539000000338e-01
5.850000000000000000e+03 9.799839020000000733e-01
5.840000000000000000e+03 9.796577453999999463e-01
5.830000000000000000e+03 9.803173065000000408e-01
5.820000000000000000e+03 9.797689055999999619e-01
5.810000000000000000e+03 9.800093841999999444e-01
5.800000000000000000e+03 9.797501373000000457e-01
5.790000000000000000e+03 9.797406768999999960e-01
5.780000000000000000e+03 9.800390624999999467e-01
5.770000000000000000e+03 9.798725890999999688e-01
5.760000000000000000e+03 9.800087738000000659e-01
5.750000000000000000e+03 9.800518798999999781e-01
5.740000000000000000e+03 9.799686431999999892e-01
5.730000000000000000e+03 9.794031524999999849e-01
5.720000000000000000e+03 9.795895385999999760e-01
5.710000000000000000e+03 9.798665619000000993e-01
5.700000000000000000e+03 9.801010132000000930e-01
5.690000000000000000e+03 9.802569579999999005e-01
5.680000000000000000e+03 9.797568511999998897e-01
5.670000000000000000e+03 9.800836944999999911e-01
5.660000000000000000e+03 9.803443909000000289e-01
5.650000000000000000e+03 9.801450348000000368e-01
5.640000000000000000e+03 9.804383850000000233e-01
5.630000000000000000e+03 9.802513122999999551e-01
5.620000000000000000e+03 9.804927062999999610e-01
5.610000000000000000e+03 9.808787537000001056e-01
5.600000000000000000e+03 9.805748748999999487e-01
5.590000000000000000e+03 9.806479645000000245e-01
5.580000000000000000e+03 9.812096404999999244e-01
5.570000000000000000e+03 9.813602448000000589e-01
5.560000000000000000e+03 9.809724425999999387e-01
5.550000000000000000e+03 9.812220001000000469e-01
5.540000000000000000e+03 9.817424773999999799e-01
5.530000000000000000e+03 9.814952850000000506e-01
5.520000000000000000e+03 9.818045806999999847e-01
5.510000000000000000e+03 9.821984100000000772e-01
5.500000000000000000e+03 9.814604187000000035e-01
5.490000000000000000e+03 9.819387054000000559e-01
5.480000000000000000e+03 9.825613402999999746e-01
5.470000000000000000e+03 9.823053740999999617e-01
5.460000000000000000e+03 9.825485992000000390e-01
5.450000000000000000e+03 9.826528931000000355e-01
5.440000000000000000e+03 9.828205108999999995e-01
5.430000000000000000e+03 9.829961394999999769e-01
5.420000000000000000e+03 9.829650116000000493e-01
5.410000000000000000e+03 9.831336211999999186e-01
5.400000000000000000e+03 9.833699035999999838e-01
5.390000000000000000e+03 9.839102173000000562e-01
5.380000000000000000e+03 9.836856842000000212e-01
5.370000000000000000e+03 9.836334229000001095e-01
5.360000000000000000e+03 9.836196898999999272e-01
5.350000000000000000e+03 9.834471892999999687e-01
5.340000000000000000e+03 9.836003112999999187e-01
5.330000000000000000e+03 9.836898041000000648e-01
5.320000000000000000e+03 9.841165161000000605e-01
5.310000000000000000e+03 9.837521362000000158e-01
5.300000000000000000e+03 9.838072968000000085e-01
5.290000000000000000e+03 9.835666655999999453e-01
5.280000000000000000e+03 9.838049316000000433e-01
5.270000000000000000e+03 9.837646483999999969e-01
5.260000000000000000e+03 9.836252594000000071e-01
5.250000000000000000e+03 9.833838654000000012e-01
5.240000000000000000e+03 9.835453795999999915e-01
5.230000000000000000e+03 9.832371521000000669e-01
5.220000000000000000e+03 9.833932495000000662e-01
5.210000000000000000e+03 9.827536010999999849e-01
5.200000000000000000e+03 9.828813171000000404e-01
5.190000000000000000e+03 9.828427123999999848e-01
5.180000000000000000e+03 9.829882050000000593e-01
5.170000000000000000e+03 9.825573730000001227e-01
5.160000000000000000e+03 9.826440429999999671e-01
5.150000000000000000e+03 9.818099213000001102e-01
5.140000000000000000e+03 9.819491576999999083e-01
5.130000000000000000e+03 9.817852019999999680e-01
5.120000000000000000e+03 9.809890746999999633e-01
5.110000000000000000e+03 9.812537383999999641e-01
5.100000000000000000e+03 9.808917236000000983e-01
5.090000000000000000e+03 9.801451874000000064e-01
5.080000000000000000e+03 9.803320313000000175e-01
5.070000000000000000e+03 9.799125670999999649e-01
5.060000000000000000e+03 9.797586060000000874e-01
5.050000000000000000e+03 9.801392364999998996e-01
5.040000000000000000e+03 9.797375487999999688e-01
5.030000000000000000e+03 9.790460967999998765e-01
5.020000000000000000e+03 9.789526367000001006e-01
5.010000000000000000e+03 9.788500976999999770e-01
5.000000000000000000e+03 9.786456298999999248e-01
4.990000000000000000e+03 9.782823181000001034e-01
4.980000000000000000e+03 9.786101532000001102e-01
4.970000000000000000e+03 9.784448242000000073e-01
4.960000000000000000e+03 9.782059479000000390e-01
4.950000000000000000e+03 9.778853607000000947e-01
4.940000000000000000e+03 9.776615906000000189e-01
4.930000000000000000e+03 9.771195221000000819e-01
4.920000000000000000e+03 9.772450256000000390e-01
4.910000000000000000e+03 9.776346588000000004e-01
4.900000000000000000e+03 9.772692107999999545e-01
4.890000000000000000e+03 9.775340271000000358e-01
4.880000000000000000e+03 9.770555115000000290e-01
4.870000000000000000e+03 9.770298766999999662e-01
4.860000000000000000e+03 9.774111937999999666e-01
4.850000000000000000e+03 9.773181915000000997e-01
4.840000000000000000e+03 9.775579833999999968e-01
4.830000000000000000e+03 9.775321197999999878e-01
4.820000000000000000e+03 9.776679993000000346e-01
4.810000000000000000e+03 9.779714203000000605e-01
4.800000000000000000e+03 9.786457824999998945e-01
4.790000000000000000e+03 9.781789397999999247e-01
4.780000000000000000e+03 9.778122711000000189e-01
4.770000000000000000e+03 9.785735320999999765e-01
4.760000000000000000e+03 9.789846801999999570e-01
4.750000000000000000e+03 9.788304900999998948e-01
4.740000000000000000e+03 9.789004516999999517e-01
4.730000000000000000e+03 9.789943694999999613e-01
4.720000000000000000e+03 9.794198608000000972e-01
4.710000000000000000e+03 9.800909423999999426e-01
4.700000000000000000e+03 9.803634643999999954e-01
4.690000000000000000e+03 9.802522278000000977e-01
4.680000000000000000e+03 9.804343414000000756e-01
4.670000000000000000e+03 9.803202057000000025e-01
4.660000000000000000e+03 9.811582183999999485e-01
4.650000000000000000e+03 9.809216308999999523e-01
4.640000000000000000e+03 9.809549712999999782e-01
4.630000000000000000e+03 9.814295197000000304e-01
4.620000000000000000e+03 9.818874359000000496e-01
4.610000000000000000e+03 9.813338469999999258e-01
4.600000000000000000e+03 9.813639068999999715e-01
4.590000000000000000e+03 9.815301513999998839e-01
4.580000000000000000e+03 9.812285613999999212e-01
4.570000000000000000e+03 9.812577820000000228e-01
4.560000000000000000e+03 9.819834136999999741e-01
4.550000000000000000e+03 9.820391082999999632e-01
4.540000000000000000e+03 9.815284729000000041e-01
4.530000000000000000e+03 9.815344237999999999e-01
4.520000000000000000e+03 9.813384247000001004e-01
4.510000000000000000e+03 9.810845183999999941e-01
4.500000000000000000e+03 9.818373108000000293e-01
4.490000000000000000e+03 9.806269073000000169e-01
4.480000000000000000e+03 9.808667755000000099e-01
4.470000000000000000e+03 9.810511016999999834e-01
4.460000000000000000e+03 9.801908874999999410e-01
4.450000000000000000e+03 9.813574981999999558e-01
4.440000000000000000e+03 9.805691528000000101e-01
4.430000000000000000e+03 9.802389526000000464e-01
4.420000000000000000e+03 9.795034027000000254e-01
4.410000000000000000e+03 9.795302581999999481e-01
4.400000000000000000e+03 9.797613524999999601e-01
4.390000000000000000e+03 9.789305115000001001e-01
4.380000000000000000e+03 9.794818114999999104e-01
4.370000000000000000e+03 9.787489318999998966e-01
4.360000000000000000e+03 9.787705993999999965e-01
4.350000000000000000e+03 9.793384552000000687e-01
4.340000000000000000e+03 9.787120819000000305e-01
4.330000000000000000e+03 9.783221435999999160e-01
4.320000000000000000e+03 9.782784271000000142e-01
4.310000000000000000e+03 9.784062194999999518e-01
4.300000000000000000e+03 9.784486389000000006e-01
4.290000000000000000e+03 9.782015991000000410e-01
4.280000000000000000e+03 9.794603729000000980e-01
4.270000000000000000e+03 9.788491057999999523e-01
4.260000000000000000e+03 9.787225342000001049e-01
4.250000000000000000e+03 9.791917419000000233e-01
4.240000000000000000e+03 9.790016937000000086e-01
4.230000000000000000e+03 9.787692260999999450e-01
4.220000000000000000e+03 9.794755553999999753e-01
4.210000000000000000e+03 9.789980316000000959e-01
4.200000000000000000e+03 9.799353790000000508e-01
4.190000000000000000e+03 9.796815490999999376e-01
4.180000000000000000e+03 9.798558807000000703e-01
4.170000000000000000e+03 9.798443604000000029e-01
4.160000000000000000e+03 9.802307129000000785e-01
4.150000000000000000e+03 9.806253814999998930e-01
4.140000000000000000e+03 9.800976563000000086e-01
4.130000000000000000e+03 9.806347655999999580e-01
4.120000000000000000e+03 9.809593200999999763e-01
4.110000000000000000e+03 9.802753448000000036e-01
4.100000000000000000e+03 9.802064513999999562e-01
4.090000000000000000e+03 9.807711028999999137e-01
4.080000000000000000e+03 9.801540375000000749e-01
4.070000000000000000e+03 9.797496033000000493e-01
4.060000000000000000e+03 9.800356292999999885e-01
4.050000000000000000e+03 9.798149109000000578e-01
4.040000000000000000e+03 9.792938995000000091e-01
4.030000000000000000e+03 9.791040039000000750e-01
4.020000000000000000e+03 9.790571593999999322e-01
4.010000000000000000e+03 9.784249114999999941e-01
4.000000000000000000e+03 9.781851195999999860e-01
3.990000000000000000e+03 9.783226012999999277e-01
3.980000000000000000e+03 9.777653503000000024e-01
3.970000000000000000e+03 9.771926116999999357e-01
3.960000000000000000e+03 9.768789673000000118e-01
3.950000000000000000e+03 9.766318511999999563e-01
3.940000000000000000e+03 9.765876006999999470e-01
3.930000000000000000e+03 9.758966827000000732e-01
3.920000000000000000e+03 9.759936523000000141e-01
3.910000000000000000e+03 9.765732574000000055e-01
3.900000000000000000e+03 9.760869597999999314e-01
3.890000000000000000e+03 9.764602661000000294e-01
3.880000000000000000e+03 9.762253570999999130e-01
3.870000000000000000e+03 9.762133789000000395e-01
3.860000000000000000e+03 9.767921447999999840e-01
3.850000000000000000e+03 9.765290832999999893e-01
3.840000000000000000e+03 9.769661713000000747e-01
3.830000000000000000e+03 9.777439879999999528e-01
3.820000000000000000e+03 9.782346344000000249e-01
3.810000000000000000e+03 9.783180237000000945e-01
3.800000000000000000e+03 9.797757721000001085e-01
3.790000000000000000e+03 9.796868895999999438e-01
3.780000000000000000e+03 9.803879546999999528e-01
3.770000000000000000e+03 9.811032867000000213e-01
3.760000000000000000e+03 9.814451599000000304e-01
3.750000000000000000e+03 9.819568633999999907e-01
3.740000000000000000e+03 9.824381255999999896e-01
3.730000000000000000e+03 9.827579497999999747e-01
3.720000000000000000e+03 9.831025696000000869e-01
3.710000000000000000e+03 9.826358794999999757e-01
3.700000000000000000e+03 9.834967041000000076e-01
3.690000000000000000e+03 9.832193755999999452e-01
3.680000000000000000e+03 9.833086394999999147e-01
3.670000000000000000e+03 9.832289885999999646e-01
3.660000000000000000e+03 9.826092529000000075e-01
3.650000000000000000e+03 9.813393402000000210e-01
3.640000000000000000e+03 9.816950225999999669e-01
3.630000000000000000e+03 9.800833129999999560e-01
3.620000000000000000e+03 9.798805237000000057e-01
3.610000000000000000e+03 9.790776062000000612e-01
3.600000000000000000e+03 9.783163451999999927e-01
3.590000000000000000e+03 9.770180510999999512e-01
3.580000000000000000e+03 9.763611602999999750e-01
3.570000000000000000e+03 9.755397797000000537e-01
3.560000000000000000e+03 9.741103363000001014e-01
3.550000000000000000e+03 9.735644530999999491e-01
3.540000000000000000e+03 9.729146575999999547e-01
3.530000000000000000e+03 9.721840668000000241e-01
3.520000000000000000e+03 9.719973754999999827e-01
3.510000000000000000e+03 9.714575195000000329e-01
3.500000000000000000e+03 9.720334625000000006e-01
3.490000000000000000e+03 9.721675872999999690e-01
3.480000000000000000e+03 9.719961548000000118e-01
3.470000000000000000e+03 9.721713257000000885e-01
3.460000000000000000e+03 9.723028564000000262e-01
3.450000000000000000e+03 9.729970551000000079e-01
3.440000000000000000e+03 9.730698395000000334e-01
3.430000000000000000e+03 9.738681029999999295e-01
3.420000000000000000e+03 9.739053345000000528e-01
3.410000000000000000e+03 9.743181610000000159e-01
3.400000000000000000e+03 9.745457457999999740e-01
3.390000000000000000e+03 9.750253295999999903e-01
3.380000000000000000e+03 9.744010925000000656e-01
3.370000000000000000e+03 9.744010925000000656e-01
3.360000000000000000e+03 9.735356902999999784e-01
3.350000000000000000e+03 9.723474120999999748e-01
3.340000000000000000e+03 9.712424468999999450e-01
3.330000000000000000e+03 9.700378417999999670e-01
3.320000000000000000e+03 9.687618256000000150e-01
3.310000000000000000e+03 9.674430846999999556e-01
3.300000000000000000e+03 9.664852141999999979e-01
3.290000000000000000e+03 9.657474517999999897e-01
3.280000000000000000e+03 9.648393249999999144e-01
3.270000000000000000e+03 9.638170623999999798e-01
3.260000000000000000e+03 9.641449737999999714e-01
3.250000000000000000e+03 9.640961455999998986e-01
3.240000000000000000e+03 9.645937346999999829e-01
3.230000000000000000e+03 9.653697968000000129e-01
3.220000000000000000e+03 9.664277649000000414e-01
3.210000000000000000e+03 9.675821686000000144e-01
3.200000000000000000e+03 9.688335419000000392e-01
3.190000000000000000e+03 9.700381470000000173e-01
3.180000000000000000e+03 9.707272338999999306e-01
3.170000000000000000e+03 9.711182404000000545e-01
3.160000000000000000e+03 9.709426116999999579e-01
3.150000000000000000e+03 9.696752167000000089e-01
3.140000000000000000e+03 9.678024292000000361e-01
3.130000000000000000e+03 9.648149109000000445e-01
3.120000000000000000e+03 9.610515593999999773e-01
3.110000000000000000e+03 9.558442687999999521e-01
3.100000000000000000e+03 9.495431519000000486e-01
3.090000000000000000e+03 9.424755859000000235e-01
3.080000000000000000e+03 9.332622528000000806e-01
3.070000000000000000e+03 9.231146239999999947e-01
3.060000000000000000e+03 9.105344390999999815e-01
3.050000000000000000e+03 8.954015349999999707e-01
3.040000000000000000e+03 8.774853516000000742e-01
3.030000000000000000e+03 8.562228393999999909e-01
3.020000000000000000e+03 8.308142090000000257e-01
3.010000000000000000e+03 8.026916504000000119e-01
3.000000000000000000e+03 7.710414124000000147e-01
