2.000000000000000000e+03 0.000000000000000000e+00
2.030100334448160538e+03 5.877471754111437540e-39
2.060200668896321076e+03 4.701977403289150032e-38
2.090301003344481614e+03 0.000000000000000000e+00
2.120401337792642153e+03 0.000000000000000000e+00
2.150501672240802691e+03 0.000000000000000000e+00
2.180602006688963229e+03 0.000000000000000000e+00
2.210702341137123767e+03 0.000000000000000000e+00
2.240802675585284305e+03 4.814824860968089633e-35
2.270903010033444843e+03 0.000000000000000000e+00
2.301003344481605382e+03 0.000000000000000000e+00
2.331103678929765920e+03 0.000000000000000000e+00
2.361204013377926458e+03 1.232595164407830946e-32
2.391304347826086996e+03 0.000000000000000000e+00
2.421404682274247534e+03 0.000000000000000000e+00
2.451505016722408072e+03 0.000000000000000000e+00
2.481605351170568611e+03 0.000000000000000000e+00
2.511705685618729149e+03 0.000000000000000000e+00
2.541806020066889687e+03 0.000000000000000000e+00
2.571906354515050680e+03 0.000000000000000000e+00
2.602006688963210763e+03 4.038967834731580444e-28
2.632107023411371301e+03 0.000000000000000000e+00
2.662207357859531839e+03 0.000000000000000000e+00
2.692307692307692832e+03 0.000000000000000000e+00
2.722408026755852916e+03 0.000000000000000000e+00
2.752508361204013454e+03 0.000000000000000000e+00
2.782608695652173992e+03 1.654361225106055350e-24
2.812709030100334530e+03 0.000000000000000000e+00
2.842809364548495523e+03 1.323488980084844280e-23
2.872909698996655607e+03 0.000000000000000000e+00
2.903010033444816145e+03 0.000000000000000000e+00
2.933110367892977138e+03 0.000000000000000000e+00
2.963210702341137676e+03 0.000000000000000000e+00
2.993311036789297759e+03 0.000000000000000000e+00
3.023411371237458297e+03 0.000000000000000000e+00
3.053511705685618836e+03 0.000000000000000000e+00
3.083612040133779828e+03 0.000000000000000000e+00
3.113712374581939912e+03 2.906769272666067522e-02
3.143812709030100450e+03 7.818645216605907278e-02
3.173913043478261443e+03 1.406640417708052149e-01
3.204013377926421981e+03 2.135478774004022084e-01
3.234113712374582065e+03 2.984785450353037439e-01
3.264214046822742603e+03 3.904055902314558235e-01
3.294314381270903141e+03 4.867547358464654472e-01
3.324414715719064134e+03 5.925970406936098556e-01
3.354515050167224217e+03 6.653494782666885543e-01
3.384615384615384755e+03 6.954797190812609387e-01
3.414715719063545748e+03 7.266951234647753832e-01
3.444816053511705832e+03 7.565837920586552245e-01
3.474916387959866370e+03 7.841630651997605339e-01
3.505016722408026908e+03 8.125924361971142984e-01
3.535117056856187446e+03 8.314099126452683119e-01
3.565217391304348439e+03 8.406959137545650940e-01
3.595317725752508522e+03 8.491291353005616660e-01
3.625418060200669061e+03 8.563399405705476308e-01
3.655518394648830053e+03 8.620634019777269064e-01
3.685618729096990137e+03 8.673546786077175330e-01
3.715719063545151130e+03 8.698773537339203887e-01
3.745819397993311213e+03 8.703673209123091725e-01
3.775919732441471751e+03 8.704669601130907708e-01
3.806020066889632744e+03 8.702694519347219382e-01
3.836120401337793282e+03 8.699217608325885420e-01
3.866220735785953366e+03 8.691531023802459011e-01
3.896321070234114359e+03 8.678661469615766011e-01
3.926421404682274442e+03 8.660647910821814843e-01
3.956521739130435435e+03 8.645587070492000148e-01
3.986622073578595518e+03 8.624785175921206859e-01
4.016722408026756057e+03 8.603405041022351707e-01
4.046822742474917050e+03 8.584519699641814938e-01
4.076923076923076678e+03 8.565304636498736190e-01
4.107023411371237671e+03 8.544450168480165475e-01
4.137123745819398209e+03 8.527033358024893595e-01
4.167224080267558747e+03 8.512005512641869220e-01
4.197324414715719286e+03 8.496821020100843169e-01
4.227424749163879824e+03 8.485755584590781719e-01
4.257525083612040362e+03 8.474524707666377665e-01
4.287625418060201810e+03 8.465673738286318972e-01
4.317725752508361438e+03 8.459140175413742968e-01
4.347826086956521976e+03 8.456298324103779240e-01
4.377926421404682515e+03 8.451723275601891183e-01
4.408026755852843053e+03 8.450391194941121453e-01
4.438127090301003591e+03 8.451065351503235235e-01
4.468227424749164129e+03 8.454057152646872186e-01
4.498327759197324667e+03 8.459335514332231298e-01
4.528428093645485205e+03 8.463949615696999551e-01
4.558528428093645744e+03 8.469533995599894949e-01
4.588628762541806282e+03 8.474322634614828154e-01
4.618729096989966820e+03 8.482545887369381532e-01
4.648829431438127358e+03 8.490366198808553255e-01
4.678929765886287896e+03 8.498002948564995496e-01
4.709030100334448434e+03 8.506690862599789460e-01
4.739130434782608972e+03 8.514785037033184567e-01
4.769230769230769511e+03 8.522206428123010324e-01
4.799331103678930049e+03 8.530404876271429071e-01
4.829431438127090587e+03 8.536355871458392031e-01
4.859531772575251125e+03 8.545736445699325667e-01
4.889632107023411663e+03 8.553389780738952508e-01
4.919732441471572201e+03 8.561752250745117143e-01
4.949832775919732740e+03 8.569696875290769844e-01
4.979933110367893278e+03 8.574673556242691230e-01
5.010033444816052906e+03 8.580019852900454547e-01
5.040133779264214354e+03 8.586282384051602268e-01
5.070234113712374892e+03 8.589607014507250060e-01
5.100334448160535430e+03 8.590449075794609479e-01
5.130434782608695969e+03 8.592962357383193694e-01
5.160535117056857416e+03 8.593642988868639421e-01
5.190635451505017045e+03 8.593612930338108136e-01
5.220735785953177583e+03 8.593952659530113003e-01
5.250836120401339031e+03 8.593646535036197909e-01
5.280936454849498659e+03 8.592699906432268442e-01
5.311036789297659197e+03 8.592085221597500766e-01
5.341137123745820645e+03 8.589956566166611074e-01
5.371237458193980274e+03 8.588393870019368492e-01
5.401337792642139902e+03 8.586430870815142669e-01
5.431438127090302260e+03 8.583718221859931718e-01
5.461538461538461888e+03 8.581355399002486006e-01
5.491638795986621517e+03 8.578416359732304874e-01
5.521739130434782965e+03 8.575698040360758556e-01
5.551839464882943503e+03 8.571208094758323570e-01
5.581939799331104041e+03 8.567850671960126618e-01
5.612040133779264579e+03 8.565259425108077140e-01
5.642140468227426027e+03 8.561226457187537386e-01
5.672240802675585655e+03 8.557819952566482202e-01
5.702341137123746194e+03 8.555139369732756016e-01
5.732441471571907641e+03 8.551545476692697934e-01
5.762541806020067270e+03 8.549007333491360772e-01
5.792642140468227808e+03 8.545500156311718332e-01
5.822742474916389256e+03 8.542513378882973241e-01
5.852842809364548884e+03 8.539628987878601363e-01
5.882943143812708513e+03 8.536961429979824656e-01
5.913043478260869961e+03 8.533435062959976447e-01
5.943143812709030499e+03 8.531621519522267771e-01
5.973244147157191037e+03 8.530169023909927040e-01
6.003344481605351575e+03 8.528238310286430091e-01
6.033444816053513023e+03 8.527126614256945736e-01
6.063545150501672651e+03 8.525021364547045177e-01
6.093645484949833190e+03 8.525233326078417440e-01
6.123745819397994637e+03 8.525738724224976028e-01
6.153846153846154266e+03 8.525492652155572948e-01
6.183946488294314804e+03 8.526337584355816457e-01
6.214046822742476252e+03 8.527366139581291637e-01
6.244147157190635880e+03 8.530998782242749101e-01
6.274247491638795509e+03 8.535140480336590452e-01
6.304347826086957866e+03 8.538494943121515135e-01
6.334448160535117495e+03 8.543325553117553373e-01
6.364548494983277124e+03 8.547459528622991520e-01
6.394648829431438571e+03 8.553141827052263002e-01
6.424749163879599109e+03 8.559006223478358155e-01
6.454849498327759648e+03 8.564581525288869068e-01
6.484949832775920186e+03 8.570495917584179946e-01
6.515050167224081633e+03 8.576476901251250951e-01
6.545150501672241262e+03 8.582377987175542344e-01
6.575250836120401800e+03 8.588962452178325879e-01
6.605351170568563248e+03 8.595253243597111847e-01
6.635451505016722876e+03 8.602043968779485850e-01
6.665551839464883415e+03 8.611310537439766932e-01
6.695652173913044862e+03 8.619296977086090550e-01
6.725752508361204491e+03 8.624753725330236431e-01
6.755852842809364120e+03 8.634320037181175689e-01
6.785953177257526477e+03 8.642663730894619700e-01
6.816053511705686105e+03 8.651545983868232925e-01
6.846153846153846644e+03 8.659153949430091757e-01
6.876254180602007182e+03 8.667247285403627544e-01
6.906354515050168629e+03 8.676053217954452501e-01
6.936454849498328258e+03 8.685034219759023566e-01
6.966555183946488796e+03 8.693413936718539237e-01
6.996655518394650244e+03 8.701340742784038351e-01
7.026755852842809873e+03 8.709585742789673901e-01
7.056856187290969501e+03 8.716137034512695392e-01
7.086956521739131858e+03 8.722896301087053050e-01
7.117056856187291487e+03 8.731515947964292312e-01
7.147157190635451116e+03 8.736818796950936994e-01
7.177257525083613473e+03 8.742574984420060646e-01
7.207357859531773101e+03 8.749889784183353392e-01
7.237458193979932730e+03 8.757772604953755202e-01
7.267558528428095087e+03 8.762927980354580093e-01
7.297658862876254716e+03 8.771282231398113138e-01
7.327759197324415254e+03 8.775842001496869660e-01
7.357859531772576702e+03 8.780991705073134534e-01
7.387959866220737240e+03 8.786574981379923210e-01
7.418060200668896869e+03 8.790576644603336209e-01
7.448160535117056497e+03 8.798274083614576746e-01
7.478260869565218854e+03 8.803507916210758788e-01
7.508361204013378483e+03 8.806999908042107972e-01
7.538461538461538112e+03 8.814069810934346272e-01
7.568561872909700469e+03 8.816719627192487474e-01
7.598662207357860098e+03 8.818986656127623114e-01
7.628762541806019726e+03 8.824172837964286975e-01
7.658862876254182083e+03 8.826891404493353299e-01
7.688963210702341712e+03 8.829257548610631723e-01
7.719063545150502250e+03 8.832668179433931233e-01
7.749163879598663698e+03 8.836453371709954707e-01
7.779264214046823326e+03 8.839874254682309473e-01
7.809364548494983865e+03 8.843112871401097586e-01
7.839464882943143493e+03 8.843610574016248504e-01
7.869565217391305850e+03 8.846064246048648272e-01
7.899665551839465479e+03 8.847144955661023769e-01
7.929765886287625108e+03 8.845887994230171580e-01
7.959866220735787465e+03 8.848335927618341534e-01
7.989966555183947094e+03 8.851448181811275573e-01
8.020066889632106722e+03 8.847933924397758387e-01
8.050167224080269079e+03 8.847867747162609930e-01
8.080267558528428708e+03 8.847236076080686740e-01
8.110367892976588337e+03 8.843582483936659466e-01
8.140468227424750694e+03 8.845236484285730061e-01
8.170568561872910323e+03 8.840713846361909489e-01
8.200668896321070861e+03 8.839315677096698520e-01
8.230769230769232308e+03 8.839128136632760091e-01
8.260869565217391937e+03 8.834909882887231891e-01
8.290969899665551566e+03 8.832525617848596688e-01
8.321070234113713013e+03 8.829748791187548296e-01
8.351170568561874461e+03 8.826807359610877590e-01
8.381270903010034090e+03 8.820064101798315015e-01
8.411371237458193718e+03 8.820788152381768832e-01
8.441471571906355166e+03 8.817830249608514803e-01
8.471571906354516614e+03 8.812797449437816955e-01
8.501672240802676242e+03 8.802298188102086751e-01
8.531772575250837690e+03 8.801921011434267195e-01
8.561872909698997319e+03 8.791398324952011123e-01
8.591973244147156947e+03 8.793005011418881800e-01
8.622073578595320214e+03 8.786507092255710916e-01
8.652173913043479843e+03 8.777996996539284558e-01
8.682274247491639471e+03 8.765870083413871416e-01
8.712374581939800919e+03 8.758648863042455268e-01
8.742474916387960548e+03 8.747753175839785289e-01
8.772575250836120176e+03 8.738493920745680210e-01
8.802675585284281624e+03 8.731426892651477090e-01
8.832775919732443072e+03 8.720341176150113727e-01
8.862876254180602700e+03 8.710853432944192232e-01
8.892976588628762329e+03 8.701009366623160268e-01
8.923076923076923777e+03 8.692719631052301388e-01
8.953177257525085224e+03 8.682308915047830533e-01
8.983277591973244853e+03 8.671550538326290303e-01
9.013377926421406301e+03 8.661844609794185912e-01
9.043478260869565929e+03 8.650590760199073914e-01
9.073578595317725558e+03 8.642801361219423217e-01
9.103678929765888824e+03 8.632752541546648839e-01
9.133779264214048453e+03 8.622152378869073486e-01
9.163879598662208082e+03 8.610993128051325218e-01
9.193979933110367710e+03 8.600279521614222489e-01
9.224080267558529158e+03 8.589041562760673099e-01
9.254180602006688787e+03 8.579123062200477712e-01
9.284280936454850234e+03 8.566183740566835070e-01
9.314381270903011682e+03 8.555158898589405592e-01
9.344481605351171311e+03 8.543837286058267866e-01
9.374581939799330939e+03 8.532683007617135607e-01
9.404682274247494206e+03 8.519836613919689050e-01
9.434782608695653835e+03 8.509071426690112405e-01
9.464882943143813463e+03 8.497038932014477908e-01
9.494983277591974911e+03 8.483654828052724639e-01
9.525083612040134540e+03 8.471999534888344785e-01
9.555183946488294168e+03 8.459305415366376035e-01
9.585284280936457435e+03 8.446009813275353606e-01
9.615384615384617064e+03 8.433379478975587817e-01
9.645484949832776692e+03 8.420353251221833757e-01
9.675585284280936321e+03 8.407262322700252977e-01
9.705685618729097769e+03 8.394314137240623808e-01
9.735785953177259216e+03 8.381530982300802179e-01
9.765886287625418845e+03 8.368020046433921610e-01
9.795986622073580293e+03 8.355309317340062769e-01
9.826086956521739921e+03 8.342876884439639484e-01
9.856187290969899550e+03 8.329520957295116768e-01
9.886287625418062817e+03 8.315410363267302651e-01
9.916387959866222445e+03 8.301866831411134351e-01
9.946488294314382074e+03 8.288363027798740790e-01
9.976588628762543522e+03 8.275008758660579167e-01
1.000668896321070315e+04 8.261517070527262252e-01
1.003678929765886278e+04 8.247517103930434024e-01
1.006688963210702423e+04 8.233138546928794321e-01
1.009698996655518567e+04 8.219267413734790972e-01
1.012709030100334530e+04 8.205660693195422350e-01
1.015719063545150493e+04 8.192099976505324843e-01
1.018729096989966638e+04 8.178130665589491421e-01
1.021739130434782783e+04 8.164206045055867333e-01
1.024749163879598746e+04 8.150335997295539148e-01
1.027759197324414890e+04 8.136656537190160021e-01
1.030769230769230853e+04 8.122024520785933177e-01
1.033779264214046816e+04 8.108567455592903261e-01
1.036789297658863143e+04 8.094458751181771161e-01
1.039799331103679106e+04 8.080255133586586869e-01
1.042809364548495068e+04 8.066311720986226730e-01
1.045819397993311213e+04 8.052464042088776086e-01
1.048829431438127176e+04 8.038010610817436508e-01
1.051839464882943139e+04 8.024159380796604957e-01
1.054849498327759284e+04 8.009940633412068189e-01
1.057859531772575428e+04 7.996089276930568035e-01
1.060869565217391391e+04 7.982852675737901471e-01
1.063879598662207354e+04 7.968941126459739843e-01
1.066889632107023499e+04 7.956249465737993409e-01
1.069899665551839644e+04 7.942576528376774636e-01
1.072909698996655607e+04 7.929490027132717334e-01
1.075919732441471751e+04 7.916100979333267063e-01
1.078929765886287714e+04 7.902082705310456978e-01
1.081939799331103677e+04 7.888778939101755983e-01
1.084949832775920004e+04 7.875386415180603006e-01
1.087959866220735967e+04 7.862189045876679661e-01
1.090969899665551930e+04 7.847901388761977515e-01
1.093979933110367892e+04 7.835201691866500173e-01
1.096989966555184037e+04 7.821611060505814228e-01
1.100000000000000000e+04 7.808276813441087372e-01
