1.100000000000000000e+04 2.397439999999999988e-02
1.099500000000000000e+04 2.368579999999999991e-02
1.099000000000000000e+04 2.388879999999999823e-02
1.098500000000000000e+04 2.364029999999999951e-02
1.098000000000000000e+04 2.304110000000000186e-02
1.097500000000000000e+04 2.311780000000000085e-02
1.097000000000000000e+04 2.257119999999999960e-02
1.096500000000000000e+04 2.228460000000000163e-02
1.096000000000000000e+04 2.184919999999999918e-02
1.095500000000000000e+04 2.144829999999999653e-02
1.095000000000000000e+04 2.126939999999999734e-02
1.094500000000000000e+04 2.061519999999999672e-02
1.094000000000000000e+04 1.969999999999999876e-02
1.093500000000000000e+04 1.958870000000000056e-02
1.093000000000000000e+04 1.867160000000000000e-02
1.092500000000000000e+04 1.838359999999999994e-02
1.092000000000000000e+04 1.813560000000000172e-02
1.091500000000000000e+04 1.758329999999999962e-02
1.091000000000000000e+04 1.696430000000000160e-02
1.090500000000000000e+04 1.669920000000000085e-02
1.090000000000000000e+04 1.622370000000000062e-02
1.089500000000000000e+04 1.588300000000000128e-02
1.089000000000000000e+04 1.586179999999999882e-02
1.088500000000000000e+04 1.529439999999999966e-02
1.088000000000000000e+04 1.505079999999999960e-02
1.087500000000000000e+04 1.439820000000000162e-02
1.087000000000000000e+04 1.469370000000000051e-02
1.086500000000000000e+04 1.444870000000000182e-02
1.086000000000000000e+04 1.430490000000000060e-02
1.085500000000000000e+04 1.435810000000000038e-02
1.085000000000000000e+04 1.437369999999999967e-02
1.084500000000000000e+04 1.447939999999999991e-02
1.084000000000000000e+04 1.477109999999999881e-02
1.083500000000000000e+04 1.502289999999999875e-02
1.083000000000000000e+04 1.517600000000000025e-02
1.082500000000000000e+04 1.534419999999999881e-02
1.082000000000000000e+04 1.562829999999999775e-02
1.081500000000000000e+04 1.592000000000000012e-02
1.081000000000000000e+04 1.631979999999999889e-02
1.080500000000000000e+04 1.662730000000000111e-02
1.080000000000000000e+04 1.713939999999999908e-02
1.079500000000000000e+04 1.737419999999999937e-02
1.079000000000000000e+04 1.796930000000000055e-02
1.078500000000000000e+04 1.801360000000000114e-02
1.078000000000000000e+04 1.848039999999999752e-02
1.077500000000000000e+04 1.886190000000000089e-02
1.077000000000000000e+04 1.928380000000000025e-02
1.076500000000000000e+04 2.003260000000000110e-02
1.076000000000000000e+04 1.988660000000000080e-02
1.075500000000000000e+04 2.021140000000000089e-02
1.075000000000000000e+04 2.080220000000000333e-02
1.074500000000000000e+04 2.068700000000000053e-02
1.074000000000000000e+04 2.116849999999999982e-02
1.073500000000000000e+04 2.129939999999999958e-02
1.073000000000000000e+04 2.159080000000000027e-02
1.072500000000000000e+04 2.150110000000000215e-02
1.072000000000000000e+04 2.160750000000000171e-02
1.071500000000000000e+04 2.163809999999999692e-02
1.071000000000000000e+04 2.153549999999999909e-02
1.070500000000000000e+04 2.176379999999999981e-02
1.070000000000000000e+04 2.161620000000000208e-02
1.069500000000000000e+04 2.145460000000000075e-02
1.069000000000000000e+04 2.138030000000000139e-02
1.068500000000000000e+04 2.110710000000000017e-02
1.068000000000000000e+04 2.111219999999999763e-02
1.067500000000000000e+04 2.058759999999999757e-02
1.067000000000000000e+04 2.044080000000000202e-02
1.066500000000000000e+04 2.032789999999999944e-02
1.066000000000000000e+04 2.014039999999999928e-02
1.065500000000000000e+04 1.984009999999999940e-02
1.065000000000000000e+04 1.951129999999999878e-02
1.064500000000000000e+04 1.909819999999999920e-02
1.064000000000000000e+04 1.924170000000000047e-02
1.063500000000000000e+04 1.857380000000000142e-02
1.063000000000000000e+04 1.810739999999999919e-02
1.062500000000000000e+04 1.831609999999999835e-02
1.062000000000000000e+04 1.809339999999999907e-02
1.061500000000000000e+04 1.801320000000000005e-02
1.061000000000000000e+04 1.791299999999999837e-02
1.060500000000000000e+04 1.749509999999999954e-02
1.060000000000000000e+04 1.733960000000000015e-02
1.059500000000000000e+04 1.738800000000000068e-02
1.059000000000000000e+04 1.706700000000000231e-02
1.058500000000000000e+04 1.703140000000000209e-02
1.058000000000000000e+04 1.731800000000000006e-02
1.057500000000000000e+04 1.727129999999999985e-02
1.057000000000000000e+04 1.718220000000000164e-02
1.056500000000000000e+04 1.746259999999999826e-02
1.056000000000000000e+04 1.740449999999999983e-02
1.055500000000000000e+04 1.749600000000000113e-02
1.055000000000000000e+04 1.765430000000000124e-02
1.054500000000000000e+04 1.776259999999999992e-02
1.054000000000000000e+04 1.786019999999999969e-02
1.053500000000000000e+04 1.798459999999999989e-02
1.053000000000000000e+04 1.813369999999999913e-02
1.052500000000000000e+04 1.831419999999999923e-02
1.052000000000000000e+04 1.838659999999999947e-02
1.051500000000000000e+04 1.863379999999999898e-02
1.051000000000000000e+04 1.902840000000000087e-02
1.050500000000000000e+04 1.890939999999999982e-02
1.050000000000000000e+04 1.929319999999999993e-02
1.049500000000000000e+04 1.952839999999999784e-02
1.049000000000000000e+04 1.942730000000000151e-02
1.048500000000000000e+04 1.947559999999999916e-02
1.048000000000000000e+04 1.947210000000000260e-02
1.047500000000000000e+04 1.970099999999999976e-02
1.047000000000000000e+04 1.933030000000000165e-02
1.046500000000000000e+04 1.961840000000000112e-02
1.046000000000000000e+04 1.959729999999999805e-02
1.045500000000000000e+04 1.972120000000000123e-02
1.045000000000000000e+04 1.956360000000000043e-02
1.044500000000000000e+04 1.949689999999999757e-02
1.044000000000000000e+04 1.967249999999999902e-02
1.043500000000000000e+04 1.935310000000000155e-02
1.043000000000000000e+04 1.918299999999999866e-02
1.042500000000000000e+04 1.890119999999999995e-02
1.042000000000000000e+04 1.885229999999999892e-02
1.041500000000000000e+04 1.860940000000000163e-02
1.041000000000000000e+04 1.843269999999999978e-02
1.040500000000000000e+04 1.800960000000000061e-02
1.040000000000000000e+04 1.799490000000000117e-02
1.039500000000000000e+04 1.772390000000000077e-02
1.039000000000000000e+04 1.753419999999999979e-02
1.038500000000000000e+04 1.754080000000000222e-02
1.038000000000000000e+04 1.730589999999999906e-02
1.037500000000000000e+04 1.704220000000000040e-02
1.037000000000000000e+04 1.696380000000000110e-02
1.036500000000000000e+04 1.699070000000000094e-02
1.036000000000000000e+04 1.674600000000000047e-02
1.035500000000000000e+04 1.669160000000000088e-02
1.035000000000000000e+04 1.653010000000000243e-02
1.034500000000000000e+04 1.689829999999999804e-02
1.034000000000000000e+04 1.672819999999999863e-02
1.033500000000000000e+04 1.696680000000000063e-02
1.033000000000000000e+04 1.705629999999999993e-02
1.032500000000000000e+04 1.722879999999999898e-02
1.032000000000000000e+04 1.750590000000000132e-02
1.031500000000000000e+04 1.776999999999999760e-02
1.031000000000000000e+04 1.824169999999999958e-02
1.030500000000000000e+04 1.866299999999999903e-02
1.030000000000000000e+04 1.895919999999999897e-02
1.029500000000000000e+04 1.941199999999999870e-02
1.029000000000000000e+04 2.007080000000000322e-02
1.028500000000000000e+04 2.016630000000000159e-02
1.028000000000000000e+04 2.079950000000000201e-02
1.027500000000000000e+04 2.127149999999999874e-02
1.027000000000000000e+04 2.162060000000000023e-02
1.026500000000000000e+04 2.275419999999999873e-02
1.026000000000000000e+04 2.292040000000000050e-02
1.025500000000000000e+04 2.336259999999999726e-02
1.025000000000000000e+04 2.447859999999999966e-02
1.024500000000000000e+04 2.444119999999999973e-02
1.024000000000000000e+04 2.502379999999999882e-02
1.023500000000000000e+04 2.590939999999999910e-02
1.023000000000000000e+04 2.634979999999999961e-02
1.022500000000000000e+04 2.687209999999999946e-02
1.022000000000000000e+04 2.662149999999999933e-02
1.021500000000000000e+04 2.727669999999999748e-02
1.021000000000000000e+04 2.760390000000000066e-02
1.020500000000000000e+04 2.784139999999999879e-02
1.020000000000000000e+04 2.807710000000000067e-02
1.019500000000000000e+04 2.851030000000000231e-02
1.019000000000000000e+04 2.849900000000000003e-02
1.018500000000000000e+04 2.861909999999999801e-02
1.018000000000000000e+04 2.871379999999999766e-02
1.017500000000000000e+04 2.885860000000000161e-02
1.017000000000000000e+04 2.877949999999999953e-02
1.016500000000000000e+04 2.856059999999999849e-02
1.016000000000000000e+04 2.845209999999999753e-02
1.015500000000000000e+04 2.813519999999999910e-02
1.015000000000000000e+04 2.793829999999999925e-02
1.014500000000000000e+04 2.745760000000000214e-02
1.014000000000000000e+04 2.708779999999999868e-02
1.013500000000000000e+04 2.691709999999999936e-02
1.013000000000000000e+04 2.625610000000000097e-02
1.012500000000000000e+04 2.586050000000000154e-02
1.012000000000000000e+04 2.537910000000000166e-02
1.011500000000000000e+04 2.484329999999999872e-02
1.011000000000000000e+04 2.445800000000000057e-02
1.010500000000000000e+04 2.380490000000000037e-02
1.010000000000000000e+04 2.352720000000000158e-02
1.009500000000000000e+04 2.300910000000000108e-02
1.009000000000000000e+04 2.242440000000000058e-02
1.008500000000000000e+04 2.179440000000000197e-02
1.008000000000000000e+04 2.131419999999999842e-02
1.007500000000000000e+04 2.112699999999999648e-02
1.007000000000000000e+04 2.053210000000000104e-02
1.006500000000000000e+04 2.029680000000000026e-02
1.006000000000000000e+04 1.958410000000000012e-02
1.005500000000000000e+04 1.942920000000000064e-02
1.005000000000000000e+04 1.916040000000000104e-02
1.004500000000000000e+04 1.910610000000000086e-02
1.004000000000000000e+04 1.884710000000000205e-02
1.003500000000000000e+04 1.890580000000000038e-02
1.003000000000000000e+04 1.849630000000000024e-02
1.002500000000000000e+04 1.829269999999999854e-02
1.002000000000000000e+04 1.830460000000000073e-02
1.001500000000000000e+04 1.847630000000000106e-02
1.001000000000000000e+04 1.869350000000000178e-02
1.000500000000000000e+04 1.882299999999999945e-02
1.000000000000000000e+04 1.922789999999999916e-02
9.995000000000000000e+03 1.925239999999999937e-02
9.990000000000000000e+03 1.974750000000000116e-02
9.985000000000000000e+03 1.972789999999999960e-02
9.980000000000000000e+03 1.999290000000000095e-02
9.975000000000000000e+03 2.025999999999999676e-02
9.970000000000000000e+03 2.026930000000000051e-02
9.965000000000000000e+03 2.078009999999999927e-02
9.960000000000000000e+03 2.120659999999999906e-02
9.955000000000000000e+03 2.137879999999999989e-02
9.950000000000000000e+03 2.169109999999999788e-02
9.945000000000000000e+03 2.173770000000000216e-02
9.940000000000000000e+03 2.214329999999999771e-02
9.935000000000000000e+03 2.238690000000000124e-02
9.930000000000000000e+03 2.263180000000000053e-02
9.925000000000000000e+03 2.264969999999999831e-02
9.920000000000000000e+03 2.292429999999999815e-02
9.915000000000000000e+03 2.304080000000000017e-02
9.910000000000000000e+03 2.297079999999999955e-02
9.905000000000000000e+03 2.324079999999999896e-02
9.900000000000000000e+03 2.311170000000000238e-02
9.895000000000000000e+03 2.310830000000000176e-02
9.890000000000000000e+03 2.290280000000000094e-02
9.885000000000000000e+03 2.281979999999999772e-02
9.880000000000000000e+03 2.274160000000000070e-02
9.875000000000000000e+03 2.223469999999999960e-02
9.870000000000000000e+03 2.209850000000000009e-02
9.865000000000000000e+03 2.193000000000000158e-02
9.860000000000000000e+03 2.139920000000000017e-02
9.855000000000000000e+03 2.126300000000000065e-02
9.850000000000000000e+03 2.103640000000000024e-02
9.845000000000000000e+03 2.067349999999999743e-02
9.840000000000000000e+03 2.048970000000000305e-02
9.835000000000000000e+03 2.035580000000000028e-02
9.830000000000000000e+03 2.005980000000000263e-02
9.825000000000000000e+03 1.963279999999999886e-02
9.820000000000000000e+03 1.941779999999999895e-02
9.815000000000000000e+03 1.929329999999999934e-02
9.810000000000000000e+03 1.887869999999999826e-02
9.805000000000000000e+03 1.906659999999999952e-02
9.800000000000000000e+03 1.873879999999999990e-02
9.795000000000000000e+03 1.898419999999999969e-02
9.790000000000000000e+03 1.849220000000000030e-02
9.785000000000000000e+03 1.866809999999999997e-02
9.780000000000000000e+03 1.869189999999999741e-02
9.775000000000000000e+03 1.867800000000000016e-02
9.770000000000000000e+03 1.894060000000000188e-02
9.765000000000000000e+03 1.896290000000000128e-02
9.760000000000000000e+03 1.938350000000000142e-02
9.755000000000000000e+03 1.931149999999999881e-02
9.750000000000000000e+03 1.985270000000000090e-02
9.745000000000000000e+03 2.014919999999999906e-02
9.740000000000000000e+03 2.044859999999999733e-02
9.735000000000000000e+03 2.041899999999999965e-02
9.730000000000000000e+03 2.082520000000000204e-02
9.725000000000000000e+03 2.135510000000000186e-02
9.720000000000000000e+03 2.155639999999999987e-02
9.715000000000000000e+03 2.221639999999999726e-02
9.710000000000000000e+03 2.233809999999999962e-02
9.705000000000000000e+03 2.269600000000000090e-02
9.700000000000000000e+03 2.320430000000000062e-02
9.695000000000000000e+03 2.300730000000000136e-02
9.690000000000000000e+03 2.338590000000000113e-02
9.685000000000000000e+03 2.373319999999999944e-02
9.680000000000000000e+03 2.375169999999999712e-02
9.675000000000000000e+03 2.412210000000000049e-02
9.670000000000000000e+03 2.399679999999999869e-02
9.665000000000000000e+03 2.437330000000000052e-02
9.660000000000000000e+03 2.437090000000000090e-02
9.655000000000000000e+03 2.413279999999999939e-02
9.650000000000000000e+03 2.411960000000000146e-02
9.645000000000000000e+03 2.394380000000000119e-02
9.640000000000000000e+03 2.391669999999999907e-02
9.635000000000000000e+03 2.365530000000000063e-02
9.630000000000000000e+03 2.327610000000000096e-02
9.625000000000000000e+03 2.283549999999999816e-02
9.620000000000000000e+03 2.250500000000000070e-02
9.615000000000000000e+03 2.214989999999999667e-02
9.610000000000000000e+03 2.173849999999999741e-02
9.605000000000000000e+03 2.112019999999999870e-02
9.600000000000000000e+03 2.068449999999999803e-02
9.595000000000000000e+03 2.003150000000000069e-02
9.590000000000000000e+03 1.952649999999999872e-02
9.585000000000000000e+03 1.903250000000000081e-02
9.580000000000000000e+03 1.845600000000000018e-02
9.575000000000000000e+03 1.813549999999999884e-02
9.570000000000000000e+03 1.768540000000000043e-02
9.565000000000000000e+03 1.756999999999999881e-02
9.560000000000000000e+03 1.662609999999999782e-02
9.555000000000000000e+03 1.649609999999999965e-02
9.550000000000000000e+03 1.619680000000000078e-02
9.545000000000000000e+03 1.596759999999999846e-02
9.540000000000000000e+03 1.565249999999999975e-02
9.535000000000000000e+03 1.550299999999999942e-02
9.530000000000000000e+03 1.555349999999999962e-02
9.525000000000000000e+03 1.583309999999999926e-02
9.520000000000000000e+03 1.573930000000000121e-02
9.515000000000000000e+03 1.609969999999999804e-02
9.510000000000000000e+03 1.614420000000000091e-02
9.505000000000000000e+03 1.614569999999999894e-02
9.500000000000000000e+03 1.662469999999999920e-02
9.495000000000000000e+03 1.671260000000000107e-02
9.490000000000000000e+03 1.743689999999999823e-02
9.485000000000000000e+03 1.777710000000000054e-02
9.480000000000000000e+03 1.802530000000000104e-02
9.475000000000000000e+03 1.883550000000000155e-02
9.470000000000000000e+03 1.952720000000000150e-02
9.465000000000000000e+03 1.957799999999999818e-02
9.460000000000000000e+03 2.031089999999999979e-02
9.455000000000000000e+03 2.087570000000000051e-02
9.450000000000000000e+03 2.164070000000000230e-02
9.445000000000000000e+03 2.190430000000000155e-02
9.440000000000000000e+03 2.228580000000000144e-02
9.435000000000000000e+03 2.272990000000000080e-02
9.430000000000000000e+03 2.345540000000000125e-02
9.425000000000000000e+03 2.340580000000000091e-02
9.420000000000000000e+03 2.398810000000000178e-02
9.415000000000000000e+03 2.432049999999999837e-02
9.410000000000000000e+03 2.456020000000000078e-02
9.405000000000000000e+03 2.481240000000000182e-02
9.400000000000000000e+03 2.471169999999999964e-02
9.395000000000000000e+03 2.467659999999999992e-02
9.390000000000000000e+03 2.465310000000000071e-02
9.385000000000000000e+03 2.488259999999999778e-02
9.380000000000000000e+03 2.477850000000000191e-02
9.375000000000000000e+03 2.468090000000000214e-02
9.370000000000000000e+03 2.425559999999999869e-02
9.365000000000000000e+03 2.416799999999999851e-02
9.360000000000000000e+03 2.339019999999999988e-02
9.355000000000000000e+03 2.372100000000000250e-02
9.350000000000000000e+03 2.346060000000000159e-02
9.345000000000000000e+03 2.318010000000000209e-02
9.340000000000000000e+03 2.276709999999999845e-02
9.335000000000000000e+03 2.226710000000000148e-02
9.330000000000000000e+03 2.226890000000000119e-02
9.325000000000000000e+03 2.197460000000000038e-02
9.320000000000000000e+03 2.176650000000000112e-02
9.315000000000000000e+03 2.113890000000000213e-02
9.310000000000000000e+03 2.139250000000000179e-02
9.305000000000000000e+03 2.149369999999999753e-02
9.300000000000000000e+03 2.130240000000000258e-02
9.295000000000000000e+03 2.090800000000000297e-02
9.290000000000000000e+03 2.096130000000000215e-02
9.285000000000000000e+03 2.082250000000000073e-02
9.280000000000000000e+03 2.099180000000000143e-02
9.275000000000000000e+03 2.090289999999999856e-02
9.270000000000000000e+03 2.131219999999999989e-02
9.265000000000000000e+03 2.135029999999999914e-02
9.260000000000000000e+03 2.188040000000000124e-02
9.255000000000000000e+03 2.188089999999999827e-02
9.250000000000000000e+03 2.245210000000000261e-02
9.245000000000000000e+03 2.224740000000000051e-02
9.240000000000000000e+03 2.236330000000000262e-02
9.235000000000000000e+03 2.323560000000000209e-02
9.230000000000000000e+03 2.333349999999999660e-02
9.225000000000000000e+03 2.363339999999999885e-02
9.220000000000000000e+03 2.377489999999999812e-02
9.215000000000000000e+03 2.435700000000000365e-02
9.210000000000000000e+03 2.418829999999999938e-02
9.205000000000000000e+03 2.434659999999999949e-02
9.200000000000000000e+03 2.492160000000000208e-02
9.195000000000000000e+03 2.445190000000000211e-02
9.190000000000000000e+03 2.468410000000000049e-02
9.185000000000000000e+03 2.469820000000000002e-02
9.180000000000000000e+03 2.460760000000000031e-02
9.175000000000000000e+03 2.411290000000000308e-02
9.170000000000000000e+03 2.407719999999999999e-02
9.165000000000000000e+03 2.349759999999999696e-02
9.160000000000000000e+03 2.345169999999999894e-02
9.155000000000000000e+03 2.262760000000000118e-02
9.150000000000000000e+03 2.241849999999999746e-02
9.145000000000000000e+03 2.147740000000000066e-02
9.140000000000000000e+03 2.080179999999999876e-02
9.135000000000000000e+03 2.033290000000000097e-02
9.130000000000000000e+03 1.927850000000000050e-02
9.125000000000000000e+03 1.868270000000000000e-02
9.120000000000000000e+03 1.819489999999999996e-02
9.115000000000000000e+03 1.725629999999999872e-02
9.110000000000000000e+03 1.678589999999999943e-02
9.105000000000000000e+03 1.571859999999999924e-02
9.100000000000000000e+03 1.488459999999999957e-02
9.095000000000000000e+03 1.462010000000000046e-02
9.090000000000000000e+03 1.383280000000000100e-02
9.085000000000000000e+03 1.389780000000000008e-02
9.080000000000000000e+03 1.262850000000000084e-02
9.075000000000000000e+03 1.252389999999999927e-02
9.070000000000000000e+03 1.189669999999999964e-02
9.065000000000000000e+03 1.245800000000000032e-02
9.060000000000000000e+03 1.233079999999999940e-02
9.055000000000000000e+03 1.202830000000000045e-02
9.050000000000000000e+03 1.244129999999999889e-02
9.045000000000000000e+03 1.296920000000000017e-02
9.040000000000000000e+03 1.292440000000000082e-02
9.035000000000000000e+03 1.344850000000000038e-02
9.030000000000000000e+03 1.442889999999999971e-02
9.025000000000000000e+03 1.523509999999999968e-02
9.020000000000000000e+03 1.577539999999999845e-02
9.015000000000000000e+03 1.666950000000000029e-02
9.010000000000000000e+03 1.759760000000000144e-02
9.005000000000000000e+03 1.847170000000000062e-02
9.000000000000000000e+03 1.982739999999999850e-02
8.995000000000000000e+03 2.045440000000000105e-02
8.990000000000000000e+03 2.200549999999999728e-02
8.985000000000000000e+03 2.311950000000000116e-02
8.980000000000000000e+03 2.404440000000000049e-02
8.975000000000000000e+03 2.493480000000000002e-02
8.970000000000000000e+03 2.579299999999999995e-02
8.965000000000000000e+03 2.652250000000000094e-02
8.960000000000000000e+03 2.711669999999999706e-02
8.955000000000000000e+03 2.842240000000000044e-02
8.950000000000000000e+03 2.834550000000000264e-02
8.945000000000000000e+03 2.900329999999999922e-02
8.940000000000000000e+03 2.947879999999999945e-02
8.935000000000000000e+03 2.968679999999999930e-02
8.930000000000000000e+03 2.989220000000000071e-02
8.925000000000000000e+03 2.984389999999999959e-02
8.920000000000000000e+03 2.981359999999999913e-02
8.915000000000000000e+03 2.968200000000000005e-02
8.910000000000000000e+03 2.970719999999999958e-02
8.905000000000000000e+03 2.830589999999999842e-02
8.900000000000000000e+03 2.848650000000000140e-02
8.895000000000000000e+03 2.786280000000000007e-02
8.890000000000000000e+03 2.679330000000000253e-02
8.885000000000000000e+03 2.605370000000000255e-02
8.880000000000000000e+03 2.577130000000000046e-02
8.875000000000000000e+03 2.453050000000000022e-02
8.870000000000000000e+03 2.358750000000000083e-02
8.865000000000000000e+03 2.277839999999999726e-02
8.860000000000000000e+03 2.146329999999999766e-02
8.855000000000000000e+03 2.138609999999999817e-02
8.850000000000000000e+03 1.969610000000000111e-02
8.845000000000000000e+03 1.932949999999999946e-02
8.840000000000000000e+03 1.833069999999999838e-02
8.835000000000000000e+03 1.758320000000000022e-02
8.830000000000000000e+03 1.746539999999999898e-02
8.825000000000000000e+03 1.659570000000000142e-02
8.820000000000000000e+03 1.622060000000000168e-02
8.815000000000000000e+03 1.581139999999999976e-02
8.810000000000000000e+03 1.563229999999999828e-02
8.805000000000000000e+03 1.521549999999999986e-02
8.800000000000000000e+03 1.533430000000000036e-02
8.795000000000000000e+03 1.569179999999999880e-02
8.790000000000000000e+03 1.612560000000000035e-02
8.785000000000000000e+03 1.602740000000000067e-02
8.780000000000000000e+03 1.626160000000000105e-02
8.775000000000000000e+03 1.630949999999999761e-02
8.770000000000000000e+03 1.795439999999999883e-02
8.765000000000000000e+03 1.863459999999999769e-02
8.760000000000000000e+03 1.879259999999999958e-02
8.755000000000000000e+03 1.935059999999999905e-02
8.750000000000000000e+03 2.033410000000000079e-02
8.745000000000000000e+03 2.048459999999999864e-02
8.740000000000000000e+03 2.133089999999999986e-02
8.735000000000000000e+03 2.252569999999999920e-02
8.730000000000000000e+03 2.300780000000000186e-02
8.725000000000000000e+03 2.364890000000000048e-02
8.720000000000000000e+03 2.457080000000000028e-02
8.715000000000000000e+03 2.521620000000000111e-02
8.710000000000000000e+03 2.540909999999999697e-02
8.705000000000000000e+03 2.560360000000000066e-02
8.700000000000000000e+03 2.663600000000000342e-02
8.695000000000000000e+03 2.626900000000000068e-02
8.690000000000000000e+03 2.627180000000000140e-02
8.685000000000000000e+03 2.622920000000000113e-02
8.680000000000000000e+03 2.645109999999999822e-02
8.675000000000000000e+03 2.761660000000000156e-02
8.670000000000000000e+03 2.658529999999999921e-02
8.665000000000000000e+03 2.651180000000000203e-02
8.660000000000000000e+03 2.574030000000000068e-02
8.655000000000000000e+03 2.588439999999999838e-02
8.650000000000000000e+03 2.545450000000000143e-02
8.645000000000000000e+03 2.466359999999999733e-02
8.640000000000000000e+03 2.428539999999999865e-02
8.635000000000000000e+03 2.419719999999999857e-02
8.630000000000000000e+03 2.356909999999999908e-02
8.625000000000000000e+03 2.233639999999999931e-02
8.620000000000000000e+03 2.248409999999999645e-02
8.615000000000000000e+03 2.231339999999999713e-02
8.610000000000000000e+03 2.101809999999999790e-02
8.605000000000000000e+03 1.976630000000000054e-02
8.600000000000000000e+03 1.956770000000000037e-02
8.595000000000000000e+03 1.919629999999999947e-02
8.590000000000000000e+03 1.851939999999999836e-02
8.585000000000000000e+03 1.788129999999999928e-02
8.580000000000000000e+03 1.772790000000000130e-02
8.575000000000000000e+03 1.731239999999999862e-02
8.570000000000000000e+03 1.667870000000000116e-02
8.565000000000000000e+03 1.644189999999999888e-02
8.560000000000000000e+03 1.633159999999999820e-02
8.555000000000000000e+03 1.641510000000000191e-02
8.550000000000000000e+03 1.556240000000000054e-02
8.545000000000000000e+03 1.603090000000000070e-02
8.540000000000000000e+03 1.577160000000000020e-02
8.535000000000000000e+03 1.560699999999999935e-02
8.530000000000000000e+03 1.496070000000000039e-02
8.525000000000000000e+03 1.607600000000000001e-02
8.520000000000000000e+03 1.511710000000000137e-02
8.515000000000000000e+03 1.596320000000000031e-02
8.510000000000000000e+03 1.619910000000000100e-02
8.505000000000000000e+03 1.639130000000000101e-02
8.500000000000000000e+03 1.643189999999999928e-02
8.495000000000000000e+03 1.712040000000000090e-02
8.490000000000000000e+03 1.734259999999999968e-02
8.485000000000000000e+03 1.745319999999999858e-02
8.480000000000000000e+03 1.781300000000000244e-02
8.475000000000000000e+03 1.810219999999999885e-02
8.470000000000000000e+03 1.906139999999999918e-02
8.465000000000000000e+03 1.960109999999999977e-02
8.460000000000000000e+03 1.974789999999999879e-02
8.455000000000000000e+03 2.036879999999999941e-02
8.450000000000000000e+03 2.126540000000000027e-02
8.445000000000000000e+03 2.219040000000000248e-02
8.440000000000000000e+03 2.277159999999999948e-02
8.435000000000000000e+03 2.302189999999999792e-02
8.430000000000000000e+03 2.456619999999999984e-02
8.425000000000000000e+03 2.460160000000000124e-02
8.420000000000000000e+03 2.473679999999999976e-02
8.415000000000000000e+03 2.532519999999999910e-02
8.410000000000000000e+03 2.652369999999999728e-02
8.405000000000000000e+03 2.639170000000000058e-02
8.400000000000000000e+03 2.753919999999999979e-02
8.395000000000000000e+03 2.703320000000000028e-02
8.390000000000000000e+03 2.764509999999999884e-02
8.385000000000000000e+03 2.856629999999999933e-02
8.380000000000000000e+03 2.828539999999999874e-02
8.375000000000000000e+03 2.809530000000000013e-02
8.370000000000000000e+03 2.830709999999999824e-02
8.365000000000000000e+03 2.860320000000000223e-02
8.360000000000000000e+03 2.858969999999999914e-02
8.355000000000000000e+03 2.835259999999999864e-02
8.350000000000000000e+03 2.844460000000000044e-02
8.345000000000000000e+03 2.799059999999999743e-02
8.340000000000000000e+03 2.788090000000000013e-02
8.335000000000000000e+03 2.622320000000000206e-02
8.330000000000000000e+03 2.635769999999999780e-02
8.325000000000000000e+03 2.520750000000000074e-02
8.320000000000000000e+03 2.506019999999999776e-02
8.315000000000000000e+03 2.427179999999999963e-02
8.310000000000000000e+03 2.290900000000000228e-02
8.305000000000000000e+03 2.210890000000000077e-02
8.300000000000000000e+03 2.202589999999999756e-02
8.295000000000000000e+03 2.127189999999999984e-02
8.290000000000000000e+03 1.959400000000000031e-02
8.285000000000000000e+03 1.921729999999999966e-02
8.280000000000000000e+03 1.834519999999999901e-02
8.275000000000000000e+03 1.853180000000000105e-02
8.270000000000000000e+03 1.768969999999999917e-02
8.265000000000000000e+03 1.632050000000000167e-02
8.260000000000000000e+03 1.572759999999999783e-02
8.255000000000000000e+03 1.524980000000000085e-02
8.250000000000000000e+03 1.505619999999999875e-02
8.245000000000000000e+03 1.416490000000000110e-02
8.240000000000000000e+03 1.431850000000000137e-02
8.235000000000000000e+03 1.415289999999999951e-02
8.230000000000000000e+03 1.361669999999999894e-02
8.225000000000000000e+03 1.363969999999999939e-02
8.220000000000000000e+03 1.367920000000000073e-02
8.215000000000000000e+03 1.421079999999999913e-02
8.210000000000000000e+03 1.398890000000000029e-02
8.205000000000000000e+03 1.329959999999999996e-02
8.200000000000000000e+03 1.337879999999999972e-02
8.195000000000000000e+03 1.463000000000000064e-02
8.190000000000000000e+03 1.483680000000000068e-02
8.185000000000000000e+03 1.455129999999999965e-02
8.180000000000000000e+03 1.527760000000000055e-02
8.175000000000000000e+03 1.632669999999999955e-02
8.170000000000000000e+03 1.543160000000000018e-02
8.165000000000000000e+03 1.690049999999999886e-02
8.160000000000000000e+03 1.700950000000000031e-02
8.155000000000000000e+03 1.723309999999999773e-02
8.150000000000000000e+03 1.801859999999999920e-02
8.145000000000000000e+03 1.890019999999999895e-02
8.140000000000000000e+03 1.979250000000000106e-02
8.135000000000000000e+03 1.973029999999999923e-02
8.130000000000000000e+03 2.077319999999999861e-02
8.125000000000000000e+03 2.104140000000000177e-02
8.120000000000000000e+03 2.138639999999999985e-02
8.115000000000000000e+03 2.192629999999999926e-02
8.110000000000000000e+03 2.292819999999999928e-02
8.105000000000000000e+03 2.380739999999999940e-02
8.100000000000000000e+03 2.549629999999999952e-02
8.095000000000000000e+03 2.513110000000000344e-02
8.090000000000000000e+03 2.605199999999999877e-02
8.085000000000000000e+03 2.639930000000000054e-02
8.080000000000000000e+03 2.778809999999999961e-02
8.075000000000000000e+03 2.786999999999999894e-02
8.070000000000000000e+03 2.878309999999999896e-02
8.065000000000000000e+03 2.931900000000000131e-02
8.060000000000000000e+03 3.020010000000000056e-02
8.055000000000000000e+03 3.083460000000000020e-02
8.050000000000000000e+03 3.062979999999999869e-02
8.045000000000000000e+03 3.137090000000000017e-02
8.040000000000000000e+03 3.183319999999999900e-02
8.035000000000000000e+03 3.073929999999999718e-02
8.030000000000000000e+03 3.144109999999999960e-02
8.025000000000000000e+03 3.126189999999999525e-02
8.020000000000000000e+03 3.120159999999999947e-02
8.015000000000000000e+03 3.084620000000000070e-02
8.010000000000000000e+03 3.111409999999999870e-02
8.005000000000000000e+03 3.003639999999999782e-02
8.000000000000000000e+03 3.000919999999999976e-02
7.995000000000000000e+03 2.746989999999999849e-02
7.990000000000000000e+03 2.594120000000000106e-02
7.985000000000000000e+03 2.547880000000000283e-02
7.980000000000000000e+03 2.412840000000000124e-02
7.975000000000000000e+03 2.333410000000000345e-02
7.970000000000000000e+03 2.179709999999999981e-02
7.965000000000000000e+03 2.053460000000000008e-02
7.960000000000000000e+03 1.958860000000000115e-02
7.955000000000000000e+03 1.823299999999999921e-02
7.950000000000000000e+03 1.686759999999999995e-02
7.945000000000000000e+03 1.569129999999999830e-02
7.940000000000000000e+03 1.413539999999999935e-02
7.935000000000000000e+03 1.319499999999999840e-02
7.930000000000000000e+03 1.302359999999999976e-02
7.925000000000000000e+03 1.189419999999999887e-02
7.920000000000000000e+03 1.175480000000000101e-02
7.915000000000000000e+03 1.107990000000000017e-02
7.910000000000000000e+03 1.051630000000000099e-02
7.905000000000000000e+03 1.110389999999999988e-02
7.900000000000000000e+03 1.111359999999999952e-02
7.895000000000000000e+03 1.125869999999999996e-02
7.890000000000000000e+03 1.174900000000000076e-02
7.885000000000000000e+03 1.239239999999999960e-02
7.880000000000000000e+03 1.287109999999999990e-02
7.875000000000000000e+03 1.282690000000000045e-02
7.870000000000000000e+03 1.386169999999999937e-02
7.865000000000000000e+03 1.484329999999999851e-02
7.860000000000000000e+03 1.473600000000000083e-02
7.855000000000000000e+03 1.585999999999999910e-02
7.850000000000000000e+03 1.663529999999999870e-02
7.845000000000000000e+03 1.647919999999999940e-02
7.840000000000000000e+03 1.749880000000000185e-02
7.835000000000000000e+03 1.793420000000000084e-02
7.830000000000000000e+03 1.825030000000000055e-02
7.825000000000000000e+03 1.799530000000000227e-02
7.820000000000000000e+03 1.822539999999999924e-02
7.815000000000000000e+03 1.821350000000000052e-02
7.810000000000000000e+03 1.796939999999999996e-02
7.805000000000000000e+03 1.798419999999999880e-02
7.800000000000000000e+03 1.742569999999999883e-02
7.795000000000000000e+03 1.873479999999999937e-02
7.790000000000000000e+03 1.700710000000000069e-02
7.785000000000000000e+03 1.724279999999999910e-02
7.780000000000000000e+03 1.735010000000000024e-02
7.775000000000000000e+03 1.683859999999999871e-02
7.770000000000000000e+03 1.643410000000000010e-02
7.765000000000000000e+03 1.609290000000000026e-02
7.760000000000000000e+03 1.618999999999999953e-02
7.755000000000000000e+03 1.591650000000000009e-02
7.750000000000000000e+03 1.611579999999999957e-02
7.745000000000000000e+03 1.558389999999999949e-02
7.740000000000000000e+03 1.611189999999999845e-02
7.735000000000000000e+03 1.606789999999999954e-02
7.730000000000000000e+03 1.646260000000000084e-02
7.725000000000000000e+03 1.679749999999999993e-02
7.720000000000000000e+03 1.649509999999999865e-02
7.715000000000000000e+03 1.700390000000000235e-02
7.710000000000000000e+03 1.692420000000000035e-02
7.705000000000000000e+03 1.738539999999999877e-02
7.700000000000000000e+03 1.763200000000000184e-02
7.695000000000000000e+03 1.737510000000000096e-02
7.690000000000000000e+03 1.742130000000000067e-02
7.685000000000000000e+03 1.699979999999999894e-02
7.680000000000000000e+03 1.696040000000000048e-02
7.675000000000000000e+03 1.698460000000000247e-02
7.670000000000000000e+03 1.664299999999999807e-02
7.665000000000000000e+03 1.695310000000000220e-02
7.660000000000000000e+03 1.612850000000000047e-02
7.655000000000000000e+03 1.574760000000000049e-02
7.650000000000000000e+03 1.584959999999999841e-02
7.645000000000000000e+03 1.527389999999999998e-02
7.640000000000000000e+03 1.524980000000000085e-02
7.635000000000000000e+03 1.467519999999999936e-02
7.630000000000000000e+03 1.454540000000000000e-02
7.625000000000000000e+03 1.470320000000000134e-02
7.620000000000000000e+03 1.486730000000000169e-02
7.615000000000000000e+03 1.494750000000000072e-02
7.610000000000000000e+03 1.524140000000000043e-02
7.605000000000000000e+03 1.597630000000000230e-02
7.600000000000000000e+03 1.608089999999999867e-02
7.595000000000000000e+03 1.695110000000000020e-02
7.590000000000000000e+03 1.829509999999999817e-02
7.585000000000000000e+03 1.913950000000000026e-02
7.580000000000000000e+03 2.005619999999999972e-02
7.575000000000000000e+03 2.111580000000000054e-02
7.570000000000000000e+03 2.195279999999999801e-02
7.565000000000000000e+03 2.286070000000000116e-02
7.560000000000000000e+03 2.314770000000000369e-02
7.555000000000000000e+03 2.508690000000000225e-02
7.550000000000000000e+03 2.528760000000000036e-02
7.545000000000000000e+03 2.557440000000000060e-02
7.540000000000000000e+03 2.596189999999999956e-02
7.535000000000000000e+03 2.599349999999999924e-02
7.530000000000000000e+03 2.576260000000000008e-02
7.525000000000000000e+03 2.602050000000000196e-02
7.520000000000000000e+03 2.584280000000000257e-02
7.515000000000000000e+03 2.471809999999999979e-02
7.510000000000000000e+03 2.395480000000000179e-02
7.505000000000000000e+03 2.348839999999999956e-02
7.500000000000000000e+03 2.243660000000000099e-02
7.495000000000000000e+03 2.144169999999999757e-02
7.490000000000000000e+03 2.012509999999999646e-02
7.485000000000000000e+03 1.954799999999999940e-02
7.480000000000000000e+03 1.861669999999999991e-02
7.475000000000000000e+03 1.741550000000000042e-02
7.470000000000000000e+03 1.653440000000000118e-02
7.465000000000000000e+03 1.555879999999999937e-02
7.460000000000000000e+03 1.559959999999999992e-02
7.455000000000000000e+03 1.494560000000000159e-02
7.450000000000000000e+03 1.458549999999999951e-02
7.445000000000000000e+03 1.454290000000000097e-02
7.440000000000000000e+03 1.455189999999999956e-02
7.435000000000000000e+03 1.443540000000000101e-02
7.430000000000000000e+03 1.537039999999999934e-02
7.425000000000000000e+03 1.578799999999999995e-02
7.420000000000000000e+03 1.641950000000000007e-02
7.415000000000000000e+03 1.680490000000000109e-02
7.410000000000000000e+03 1.772829999999999892e-02
7.405000000000000000e+03 1.838230000000000072e-02
7.400000000000000000e+03 1.882419999999999927e-02
7.395000000000000000e+03 1.946469999999999798e-02
7.390000000000000000e+03 2.013619999999999993e-02
7.385000000000000000e+03 2.018419999999999936e-02
7.380000000000000000e+03 2.042839999999999934e-02
7.375000000000000000e+03 2.073840000000000058e-02
7.370000000000000000e+03 2.097189999999999818e-02
7.365000000000000000e+03 2.092470000000000094e-02
7.360000000000000000e+03 2.109379999999999936e-02
7.355000000000000000e+03 2.109619999999999898e-02
7.350000000000000000e+03 2.121669999999999806e-02
7.345000000000000000e+03 2.081970000000000001e-02
7.340000000000000000e+03 2.074669999999999639e-02
7.335000000000000000e+03 2.057449999999999904e-02
7.330000000000000000e+03 2.026800000000000129e-02
7.325000000000000000e+03 2.038380000000000053e-02
7.320000000000000000e+03 1.977939999999999907e-02
7.315000000000000000e+03 1.989230000000000165e-02
7.310000000000000000e+03 1.958909999999999818e-02
7.305000000000000000e+03 1.935879999999999893e-02
7.300000000000000000e+03 1.952900000000000122e-02
7.295000000000000000e+03 1.931539999999999993e-02
7.290000000000000000e+03 1.878929999999999836e-02
7.285000000000000000e+03 1.911159999999999942e-02
7.280000000000000000e+03 1.839299999999999963e-02
7.275000000000000000e+03 1.796440000000000189e-02
7.270000000000000000e+03 1.749689999999999926e-02
7.265000000000000000e+03 1.670730000000000132e-02
7.260000000000000000e+03 1.606640000000000151e-02
7.255000000000000000e+03 1.546750000000000035e-02
7.250000000000000000e+03 1.483619999999999904e-02
7.245000000000000000e+03 1.344649999999999838e-02
7.240000000000000000e+03 1.262410000000000095e-02
7.235000000000000000e+03 1.201549999999999840e-02
7.230000000000000000e+03 1.112789999999999960e-02
7.225000000000000000e+03 1.005439999999999806e-02
7.220000000000000000e+03 9.315300000000000316e-03
7.215000000000000000e+03 8.729100000000000054e-03
7.210000000000000000e+03 8.119599999999999387e-03
7.205000000000000000e+03 8.093799999999999953e-03
7.200000000000000000e+03 8.168399999999999272e-03
7.195000000000000000e+03 7.762999999999999935e-03
7.190000000000000000e+03 7.687199999999999936e-03
7.185000000000000000e+03 8.108499999999999389e-03
7.180000000000000000e+03 8.353300000000001002e-03
7.175000000000000000e+03 9.389200000000000323e-03
7.170000000000000000e+03 9.464399999999999549e-03
7.165000000000000000e+03 1.018089999999999967e-02
7.160000000000000000e+03 1.076249999999999950e-02
7.155000000000000000e+03 1.138459999999999993e-02
7.150000000000000000e+03 1.186539999999999991e-02
7.145000000000000000e+03 1.213649999999999972e-02
7.140000000000000000e+03 1.280729999999999889e-02
7.135000000000000000e+03 1.305530000000000058e-02
7.130000000000000000e+03 1.358810000000000053e-02
7.125000000000000000e+03 1.354749999999999878e-02
7.120000000000000000e+03 1.402519999999999982e-02
7.115000000000000000e+03 1.404099999999999966e-02
7.110000000000000000e+03 1.423450000000000062e-02
7.105000000000000000e+03 1.481919999999999939e-02
7.100000000000000000e+03 1.500139999999999980e-02
7.095000000000000000e+03 1.516059999999999977e-02
7.090000000000000000e+03 1.582109999999999767e-02
7.085000000000000000e+03 1.637229999999999935e-02
7.080000000000000000e+03 1.672400000000000275e-02
7.075000000000000000e+03 1.776170000000000179e-02
7.070000000000000000e+03 1.836849999999999941e-02
7.065000000000000000e+03 1.898999999999999994e-02
7.060000000000000000e+03 1.964310000000000014e-02
7.055000000000000000e+03 2.032369999999999663e-02
7.050000000000000000e+03 2.077920000000000114e-02
7.045000000000000000e+03 2.112070000000000267e-02
7.040000000000000000e+03 2.128999999999999990e-02
7.035000000000000000e+03 2.155100000000000071e-02
7.030000000000000000e+03 2.226719999999999741e-02
7.025000000000000000e+03 2.276150000000000048e-02
7.020000000000000000e+03 2.386809999999999973e-02
7.015000000000000000e+03 2.547510000000000052e-02
7.010000000000000000e+03 2.828579999999999983e-02
7.005000000000000000e+03 3.200060000000000404e-02
7.000000000000000000e+03 3.780110000000000414e-02
6.995000000000000000e+03 4.498789999999999734e-02
6.990000000000000000e+03 5.484639999999999654e-02
6.985000000000000000e+03 6.659339999999999704e-02
6.980000000000000000e+03 8.139409999999999701e-02
6.975000000000000000e+03 9.819819999999999938e-02
6.970000000000000000e+03 1.175623000000000085e-01
6.965000000000000000e+03 1.389138000000000039e-01
6.960000000000000000e+03 1.613587999999999967e-01
6.955000000000000000e+03 1.859588000000000074e-01
6.950000000000000000e+03 2.116977999999999915e-01
6.945000000000000000e+03 2.369924999999999948e-01
6.940000000000000000e+03 2.636879000000000306e-01
6.935000000000000000e+03 2.893507000000000162e-01
6.930000000000000000e+03 3.152617999999999809e-01
6.925000000000000000e+03 3.389956000000000080e-01
6.920000000000000000e+03 3.623920999999999948e-01
6.915000000000000000e+03 3.860323000000000504e-01
6.910000000000000000e+03 4.081488999999999812e-01
6.905000000000000000e+03 4.273169999999999469e-01
6.900000000000000000e+03 4.453690000000000149e-01
6.895000000000000000e+03 4.632274000000000114e-01
6.890000000000000000e+03 4.792690000000000561e-01
6.885000000000000000e+03 4.949936000000000336e-01
6.880000000000000000e+03 5.106393000000000182e-01
6.875000000000000000e+03 5.262643000000000182e-01
6.870000000000000000e+03 5.422091999999999468e-01
6.865000000000000000e+03 5.599798999999999749e-01
6.860000000000000000e+03 5.774321000000000037e-01
6.855000000000000000e+03 5.974388999999999950e-01
6.850000000000000000e+03 6.183361000000000551e-01
6.845000000000000000e+03 6.388156000000000390e-01
6.840000000000000000e+03 6.611055000000000126e-01
6.835000000000000000e+03 6.827853000000000394e-01
6.830000000000000000e+03 7.063544000000000489e-01
6.825000000000000000e+03 7.271992000000000456e-01
6.820000000000000000e+03 7.489141999999999744e-01
6.815000000000000000e+03 7.685434999999999350e-01
6.810000000000000000e+03 7.867489999999999206e-01
6.805000000000000000e+03 8.031351999999999380e-01
6.800000000000000000e+03 8.181939000000000295e-01
6.795000000000000000e+03 8.331971000000000238e-01
6.790000000000000000e+03 8.446561000000000208e-01
6.785000000000000000e+03 8.544374000000000136e-01
6.780000000000000000e+03 8.634182999999999719e-01
6.775000000000000000e+03 8.713796999999999793e-01
6.770000000000000000e+03 8.771822000000000230e-01
6.765000000000000000e+03 8.835682999999999732e-01
6.760000000000000000e+03 8.875241999999999853e-01
6.755000000000000000e+03 8.910571000000000463e-01
6.750000000000000000e+03 8.942109000000000307e-01
6.745000000000000000e+03 8.967412000000000161e-01
6.740000000000000000e+03 8.987712999999999397e-01
6.735000000000000000e+03 9.026914999999999800e-01
6.730000000000000000e+03 9.063354999999999606e-01
6.725000000000000000e+03 9.094847999999999821e-01
6.720000000000000000e+03 9.145121000000000500e-01
6.715000000000000000e+03 9.208701999999999721e-01
6.710000000000000000e+03 9.274130999999999903e-01
6.705000000000000000e+03 9.342019000000000295e-01
6.700000000000000000e+03 9.421608999999999678e-01
6.695000000000000000e+03 9.495846000000000009e-01
6.690000000000000000e+03 9.567061999999999511e-01
6.685000000000000000e+03 9.621216999999999686e-01
6.680000000000000000e+03 9.683911000000000602e-01
6.675000000000000000e+03 9.725268999999999719e-01
6.670000000000000000e+03 9.769748999999999794e-01
6.665000000000000000e+03 9.806758000000000974e-01
6.660000000000000000e+03 9.824930000000000607e-01
6.655000000000000000e+03 9.854091999999999851e-01
6.650000000000000000e+03 9.868045999999999207e-01
6.645000000000000000e+03 9.881328000000000333e-01
6.640000000000000000e+03 9.885211999999999888e-01
6.635000000000000000e+03 9.909345999999998877e-01
6.630000000000000000e+03 9.909957000000000349e-01
6.625000000000000000e+03 9.918069999999999942e-01
6.620000000000000000e+03 9.928484000000000753e-01
6.615000000000000000e+03 9.932550999999999464e-01
6.610000000000000000e+03 9.935504000000000557e-01
6.605000000000000000e+03 9.936829000000000356e-01
6.600000000000000000e+03 9.932223999999999497e-01
6.595000000000000000e+03 9.934965000000000046e-01
6.590000000000000000e+03 9.943581000000000225e-01
6.585000000000000000e+03 9.951130999999999727e-01
6.580000000000000000e+03 9.950128999999999779e-01
6.575000000000000000e+03 9.944532999999999845e-01
6.570000000000000000e+03 9.940991000000000133e-01
6.565000000000000000e+03 9.943594000000000044e-01
6.560000000000000000e+03 9.942898999999999488e-01
6.555000000000000000e+03 9.945161000000000140e-01
6.550000000000000000e+03 9.940524000000000582e-01
6.545000000000000000e+03 9.956371000000000526e-01
6.540000000000000000e+03 9.946890999999999927e-01
6.535000000000000000e+03 9.959932999999999703e-01
6.530000000000000000e+03 9.949876000000000831e-01
6.525000000000000000e+03 9.950995000000000257e-01
6.520000000000000000e+03 9.955549999999999677e-01
6.515000000000000000e+03 9.943004999999999205e-01
6.510000000000000000e+03 9.947906000000000803e-01
6.505000000000000000e+03 9.947311000000000902e-01
6.500000000000000000e+03 9.944701000000000235e-01
6.495000000000000000e+03 9.945139000000000618e-01
6.490000000000000000e+03 9.938062999999999203e-01
6.485000000000000000e+03 9.934946999999999528e-01
6.480000000000000000e+03 9.923380000000000534e-01
6.475000000000000000e+03 9.923363000000000600e-01
6.470000000000000000e+03 9.909799999999999720e-01
6.465000000000000000e+03 9.899541000000000590e-01
6.460000000000000000e+03 9.890792999999998836e-01
6.455000000000000000e+03 9.884157999999999555e-01
6.450000000000000000e+03 9.879559999999999453e-01
6.445000000000000000e+03 9.871841000000000088e-01
6.440000000000000000e+03 9.870837000000000083e-01
6.435000000000000000e+03 9.875717000000000523e-01
6.430000000000000000e+03 9.885239000000000109e-01
6.425000000000000000e+03 9.883281999999999901e-01
6.420000000000000000e+03 9.896170999999999163e-01
6.415000000000000000e+03 9.903548000000000906e-01
6.410000000000000000e+03 9.914998999999999896e-01
6.405000000000000000e+03 9.910162999999999611e-01
6.400000000000000000e+03 9.927070999999999534e-01
6.395000000000000000e+03 9.923608000000000429e-01
6.390000000000000000e+03 9.927818000000000476e-01
6.385000000000000000e+03 9.941276999999999475e-01
6.380000000000000000e+03 9.931257999999999475e-01
6.375000000000000000e+03 9.939725000000000366e-01
6.370000000000000000e+03 9.932800000000000518e-01
6.365000000000000000e+03 9.941907999999999301e-01
6.360000000000000000e+03 9.934950000000000170e-01
6.355000000000000000e+03 9.938120000000000287e-01
6.350000000000000000e+03 9.932349000000000316e-01
6.345000000000000000e+03 9.933273999999999715e-01
6.340000000000000000e+03 9.935015000000000374e-01
6.335000000000000000e+03 9.929957000000000367e-01
6.330000000000000000e+03 9.925264999999999782e-01
6.325000000000000000e+03 9.923417999999999406e-01
6.320000000000000000e+03 9.909510000000000263e-01
6.315000000000000000e+03 9.905608999999999664e-01
6.310000000000000000e+03 9.900190999999999297e-01
6.305000000000000000e+03 9.877616999999999647e-01
6.300000000000000000e+03 9.868201000000000889e-01
6.295000000000000000e+03 9.859524999999998984e-01
6.290000000000000000e+03 9.834108000000000294e-01
6.285000000000000000e+03 9.812393000000000365e-01
6.280000000000000000e+03 9.778615999999999975e-01
6.275000000000000000e+03 9.752096000000000098e-01
6.270000000000000000e+03 9.700360000000000094e-01
6.265000000000000000e+03 9.672399000000000413e-01
6.260000000000000000e+03 9.649464999999999293e-01
6.255000000000000000e+03 9.620649000000000006e-01
6.250000000000000000e+03 9.609010000000001162e-01
6.245000000000000000e+03 9.599606000000000527e-01
6.240000000000000000e+03 9.599237999999999937e-01
6.235000000000000000e+03 9.600132000000001220e-01
6.230000000000000000e+03 9.619047999999998932e-01
6.225000000000000000e+03 9.609076000000000839e-01
6.220000000000000000e+03 9.627888000000000002e-01
6.215000000000000000e+03 9.623281000000000196e-01
6.210000000000000000e+03 9.627552999999999805e-01
6.205000000000000000e+03 9.643062000000000022e-01
6.200000000000000000e+03 9.647507000000000721e-01
6.195000000000000000e+03 9.652522000000000046e-01
6.190000000000000000e+03 9.651191000000000075e-01
6.185000000000000000e+03 9.650594999999999590e-01
6.180000000000000000e+03 9.662142000000000230e-01
6.175000000000000000e+03 9.681869000000000725e-01
6.170000000000000000e+03 9.687187999999999910e-01
6.165000000000000000e+03 9.690896999999999428e-01
6.160000000000000000e+03 9.711428999999999201e-01
6.155000000000000000e+03 9.727424000000000071e-01
6.150000000000000000e+03 9.754659999999999442e-01
6.145000000000000000e+03 9.774455000000000782e-01
6.140000000000000000e+03 9.784509000000000123e-01
6.135000000000000000e+03 9.806434000000000539e-01
6.130000000000000000e+03 9.827460000000001195e-01
6.125000000000000000e+03 9.849856000000000167e-01
6.120000000000000000e+03 9.857581000000000815e-01
6.115000000000000000e+03 9.869506999999999586e-01
6.110000000000000000e+03 9.869262000000000867e-01
6.105000000000000000e+03 9.890828000000000397e-01
6.100000000000000000e+03 9.888934999999999809e-01
6.095000000000000000e+03 9.897882000000000069e-01
6.090000000000000000e+03 9.904184999999999794e-01
6.085000000000000000e+03 9.915054000000000922e-01
6.080000000000000000e+03 9.904976000000000891e-01
6.075000000000000000e+03 9.917951999999999879e-01
6.070000000000000000e+03 9.917814999999999825e-01
6.065000000000000000e+03 9.917821000000001108e-01
6.060000000000000000e+03 9.915467000000000031e-01
6.055000000000000000e+03 9.916204999999999048e-01
6.050000000000000000e+03 9.903281999999999918e-01
6.045000000000000000e+03 9.905075999999999325e-01
6.040000000000000000e+03 9.895812999999999970e-01
6.035000000000000000e+03 9.903889999999999638e-01
6.030000000000000000e+03 9.905062999999999507e-01
6.025000000000000000e+03 9.906171000000000282e-01
6.020000000000000000e+03 9.893760000000000332e-01
6.015000000000000000e+03 9.909654999999999436e-01
6.010000000000000000e+03 9.913826000000000027e-01
6.005000000000000000e+03 9.922020999999999757e-01
6.000000000000000000e+03 9.922691000000000150e-01
5.995000000000000000e+03 9.924486000000000141e-01
5.990000000000000000e+03 9.940707000000000848e-01
5.985000000000000000e+03 9.942644999999999955e-01
5.980000000000000000e+03 9.945341000000000875e-01
5.975000000000000000e+03 9.949133000000000004e-01
5.970000000000000000e+03 9.943395999999999901e-01
5.965000000000000000e+03 9.946608000000000116e-01
5.960000000000000000e+03 9.947620999999999825e-01
5.955000000000000000e+03 9.955303999999999265e-01
5.950000000000000000e+03 9.959498999999999436e-01
5.945000000000000000e+03 9.955703000000000191e-01
5.940000000000000000e+03 9.950877000000000194e-01
5.935000000000000000e+03 9.960433000000000758e-01
5.930000000000000000e+03 9.965486000000000066e-01
5.925000000000000000e+03 9.961803999999999659e-01
5.920000000000000000e+03 9.956189999999999207e-01
5.915000000000000000e+03 9.954332999999999654e-01
5.910000000000000000e+03 9.959244999999999903e-01
5.905000000000000000e+03 9.955325000000000424e-01
5.900000000000000000e+03 9.961516000000000259e-01
5.895000000000000000e+03 9.952550999999999481e-01
5.890000000000000000e+03 9.958414000000000987e-01
5.885000000000000000e+03 9.959441999999999462e-01
5.880000000000000000e+03 9.957277999999999407e-01
5.875000000000000000e+03 9.948649000000000520e-01
5.870000000000000000e+03 9.948055999999999566e-01
5.865000000000000000e+03 9.950738999999999557e-01
5.860000000000000000e+03 9.959177000000000168e-01
5.855000000000000000e+03 9.950132999999999894e-01
5.850000000000000000e+03 9.948565999999999798e-01
5.845000000000000000e+03 9.961378999999999095e-01
5.840000000000000000e+03 9.949836000000000791e-01
5.835000000000000000e+03 9.956780000000000630e-01
5.830000000000000000e+03 9.951921000000000239e-01
5.825000000000000000e+03 9.956469000000000014e-01
5.820000000000000000e+03 9.954745999999999873e-01
5.815000000000000000e+03 9.951340000000000741e-01
5.810000000000000000e+03 9.948501000000000705e-01
5.805000000000000000e+03 9.942194999999999228e-01
5.800000000000000000e+03 9.940345000000000431e-01
5.795000000000000000e+03 9.936660999999999966e-01
5.790000000000000000e+03 9.934135000000000604e-01
5.785000000000000000e+03 9.943883999999999501e-01
5.780000000000000000e+03 9.944755999999999041e-01
5.775000000000000000e+03 9.937892999999999866e-01
5.770000000000000000e+03 9.945757999999998988e-01
5.765000000000000000e+03 9.936791999999999847e-01
5.760000000000000000e+03 9.941343999999999737e-01
5.755000000000000000e+03 9.947681999999999913e-01
5.750000000000000000e+03 9.950006000000000128e-01
5.745000000000000000e+03 9.937011999999999512e-01
5.740000000000000000e+03 9.938223000000000473e-01
5.735000000000000000e+03 9.945026000000000144e-01
5.730000000000000000e+03 9.950830000000000508e-01
5.725000000000000000e+03 9.942396999999999485e-01
5.720000000000000000e+03 9.953445000000000764e-01
5.715000000000000000e+03 9.946827999999999781e-01
5.710000000000000000e+03 9.942442000000000224e-01
5.705000000000000000e+03 9.945106999999999697e-01
5.700000000000000000e+03 9.948537000000000630e-01
5.695000000000000000e+03 9.940556999999999865e-01
5.690000000000000000e+03 9.929756000000000693e-01
5.685000000000000000e+03 9.938416999999999391e-01
5.680000000000000000e+03 9.924553000000000402e-01
5.675000000000000000e+03 9.921322000000000196e-01
5.670000000000000000e+03 9.918628999999999918e-01
5.665000000000000000e+03 9.912533999999999512e-01
5.660000000000000000e+03 9.912582000000000892e-01
5.655000000000000000e+03 9.916025000000000533e-01
5.650000000000000000e+03 9.923094000000000081e-01
5.645000000000000000e+03 9.923279999999999879e-01
5.640000000000000000e+03 9.930849000000000482e-01
5.635000000000000000e+03 9.934162000000000825e-01
5.630000000000000000e+03 9.931834999999999969e-01
5.625000000000000000e+03 9.946101999999999999e-01
5.620000000000000000e+03 9.945256999999999570e-01
5.615000000000000000e+03 9.946251999999999871e-01
5.610000000000000000e+03 9.953346000000000693e-01
5.605000000000000000e+03 9.955428000000000610e-01
5.600000000000000000e+03 9.955353999999999592e-01
5.595000000000000000e+03 9.955128000000000865e-01
5.590000000000000000e+03 9.962459000000000175e-01
5.585000000000000000e+03 9.964648999999999868e-01
5.580000000000000000e+03 9.959746999999999906e-01
5.575000000000000000e+03 9.956979000000000246e-01
5.570000000000000000e+03 9.966737999999999431e-01
5.565000000000000000e+03 9.959166999999999881e-01
5.560000000000000000e+03 9.959386999999999546e-01
5.555000000000000000e+03 9.957884000000000180e-01
5.550000000000000000e+03 9.958186999999999456e-01
5.545000000000000000e+03 9.969656999999999547e-01
5.540000000000000000e+03 9.958024000000000875e-01
5.535000000000000000e+03 9.955459999999999310e-01
5.530000000000000000e+03 9.958687000000000511e-01
5.525000000000000000e+03 9.960426999999999476e-01
5.520000000000000000e+03 9.958671000000000051e-01
5.515000000000000000e+03 9.959237000000000783e-01
5.510000000000000000e+03 9.956437999999999677e-01
5.505000000000000000e+03 9.947707000000000077e-01
5.500000000000000000e+03 9.956266999999999756e-01
5.495000000000000000e+03 9.959995999999999849e-01
5.490000000000000000e+03 9.955997000000000874e-01
5.485000000000000000e+03 9.957888000000000295e-01
5.480000000000000000e+03 9.951198999999999462e-01
5.475000000000000000e+03 9.949559999999999516e-01
5.470000000000000000e+03 9.950874000000000663e-01
5.465000000000000000e+03 9.953918000000000488e-01
5.460000000000000000e+03 9.940923999999999872e-01
5.455000000000000000e+03 9.938694999999999613e-01
5.450000000000000000e+03 9.939123999999999182e-01
5.445000000000000000e+03 9.937513000000000041e-01
5.440000000000000000e+03 9.936517000000000266e-01
5.435000000000000000e+03 9.941077000000000385e-01
5.430000000000000000e+03 9.945384999999999920e-01
5.425000000000000000e+03 9.946593000000000240e-01
5.420000000000000000e+03 9.948692000000000091e-01
5.415000000000000000e+03 9.955443999999999960e-01
5.410000000000000000e+03 9.958066999999999336e-01
5.405000000000000000e+03 9.948496000000000006e-01
5.400000000000000000e+03 9.947177999999999853e-01
5.395000000000000000e+03 9.960188999999999293e-01
5.390000000000000000e+03 9.964245999999999936e-01
5.385000000000000000e+03 9.956926999999999861e-01
5.380000000000000000e+03 9.967915000000000525e-01
5.375000000000000000e+03 9.966072999999999737e-01
5.370000000000000000e+03 9.971853999999999996e-01
5.365000000000000000e+03 9.954735999999999585e-01
5.360000000000000000e+03 9.969050000000000411e-01
5.355000000000000000e+03 9.964874000000000231e-01
5.350000000000000000e+03 9.954058000000000073e-01
5.345000000000000000e+03 9.953745000000000509e-01
5.340000000000000000e+03 9.958135000000000181e-01
5.335000000000000000e+03 9.954121000000000219e-01
5.330000000000000000e+03 9.949813000000000685e-01
5.325000000000000000e+03 9.943554000000000004e-01
5.320000000000000000e+03 9.951082999999999457e-01
5.315000000000000000e+03 9.958365000000000133e-01
5.310000000000000000e+03 9.956038999999999861e-01
5.305000000000000000e+03 9.948551999999999396e-01
5.300000000000000000e+03 9.959339000000000386e-01
5.295000000000000000e+03 9.970072999999999297e-01
5.290000000000000000e+03 9.965994999999999715e-01
5.285000000000000000e+03 9.966630000000000766e-01
5.280000000000000000e+03 9.967728000000000144e-01
5.275000000000000000e+03 9.965372000000001229e-01
5.270000000000000000e+03 9.969356999999999802e-01
5.265000000000000000e+03 9.980169999999999320e-01
5.260000000000000000e+03 9.974365000000000592e-01
5.255000000000000000e+03 9.974900999999999351e-01
5.250000000000000000e+03 9.974590000000000956e-01
5.245000000000000000e+03 9.961480000000000334e-01
5.240000000000000000e+03 9.965701000000000143e-01
5.235000000000000000e+03 9.968888999999999667e-01
5.230000000000000000e+03 9.972163000000000554e-01
5.225000000000000000e+03 9.972851999999999828e-01
5.220000000000000000e+03 9.967884999999999662e-01
5.215000000000000000e+03 9.968829999999999636e-01
5.210000000000000000e+03 9.962400999999999618e-01
5.205000000000000000e+03 9.977070000000000105e-01
5.200000000000000000e+03 9.973082999999999254e-01
5.195000000000000000e+03 9.966459999999999209e-01
5.190000000000000000e+03 9.971397000000000732e-01
5.185000000000000000e+03 9.968635999999999608e-01
5.180000000000000000e+03 9.972269000000000272e-01
5.175000000000000000e+03 9.970428999999999542e-01
5.170000000000000000e+03 9.966304999999999747e-01
5.165000000000000000e+03 9.960357999999999157e-01
5.160000000000000000e+03 9.957002000000000352e-01
5.155000000000000000e+03 9.942201000000000510e-01
5.150000000000000000e+03 9.924973000000000267e-01
5.145000000000000000e+03 9.902975000000000527e-01
5.140000000000000000e+03 9.892895000000000438e-01
5.135000000000000000e+03 9.862724999999999964e-01
5.130000000000000000e+03 9.856538999999999717e-01
5.125000000000000000e+03 9.856798000000001059e-01
5.120000000000000000e+03 9.865837000000000634e-01
5.115000000000000000e+03 9.873714000000000102e-01
5.110000000000000000e+03 9.888877999999999835e-01
5.105000000000000000e+03 9.906283999999999645e-01
5.100000000000000000e+03 9.920887000000000455e-01
5.095000000000000000e+03 9.921568999999998972e-01
5.090000000000000000e+03 9.930347000000000479e-01
5.085000000000000000e+03 9.923708000000001084e-01
5.080000000000000000e+03 9.925161000000000122e-01
5.075000000000000000e+03 9.913594000000000017e-01
5.070000000000000000e+03 9.908649999999999958e-01
5.065000000000000000e+03 9.897830999999999158e-01
5.060000000000000000e+03 9.887296000000000973e-01
5.055000000000000000e+03 9.885760000000000103e-01
5.050000000000000000e+03 9.876983000000000290e-01
5.045000000000000000e+03 9.873430999999999180e-01
5.040000000000000000e+03 9.884077999999999475e-01
5.035000000000000000e+03 9.879690999999999335e-01
5.030000000000000000e+03 9.886982999999999189e-01
5.025000000000000000e+03 9.890349999999998865e-01
5.020000000000000000e+03 9.909647999999999790e-01
5.015000000000000000e+03 9.907419000000000642e-01
5.010000000000000000e+03 9.911302000000000723e-01
5.005000000000000000e+03 9.906288000000000871e-01
5.000000000000000000e+03 9.911592000000000180e-01
4.995000000000000000e+03 9.907249000000000194e-01
4.990000000000000000e+03 9.911917000000000089e-01
4.985000000000000000e+03 9.917749999999999622e-01
4.980000000000000000e+03 9.918219999999999814e-01
4.975000000000000000e+03 9.925201000000000162e-01
4.970000000000000000e+03 9.917596000000000744e-01
4.965000000000000000e+03 9.922845999999999611e-01
4.960000000000000000e+03 9.925332000000000043e-01
4.955000000000000000e+03 9.924924000000000524e-01
4.950000000000000000e+03 9.929419999999999913e-01
4.945000000000000000e+03 9.927594000000000696e-01
4.940000000000000000e+03 9.936118000000000450e-01
4.935000000000000000e+03 9.928709999999999480e-01
4.930000000000000000e+03 9.930624000000000118e-01
4.925000000000000000e+03 9.930625999999999065e-01
4.920000000000000000e+03 9.937863000000000113e-01
4.915000000000000000e+03 9.933868000000000142e-01
4.910000000000000000e+03 9.927925999999999140e-01
4.905000000000000000e+03 9.924479999999999968e-01
4.900000000000000000e+03 9.927715999999999763e-01
4.895000000000000000e+03 9.918917999999998791e-01
4.890000000000000000e+03 9.907236000000000375e-01
4.885000000000000000e+03 9.894987999999999007e-01
4.880000000000000000e+03 9.896917999999998994e-01
4.875000000000000000e+03 9.892201000000000466e-01
4.870000000000000000e+03 9.886201000000000016e-01
4.865000000000000000e+03 9.880784999999999707e-01
4.860000000000000000e+03 9.881135999999999253e-01
4.855000000000000000e+03 9.885196999999998901e-01
4.850000000000000000e+03 9.874650999999999845e-01
4.845000000000000000e+03 9.872499999999999609e-01
4.840000000000000000e+03 9.871514999999999596e-01
4.835000000000000000e+03 9.864780000000000770e-01
4.830000000000000000e+03 9.853304999999999980e-01
4.825000000000000000e+03 9.849563999999999542e-01
4.820000000000000000e+03 9.833532999999999857e-01
4.815000000000000000e+03 9.827235000000000831e-01
4.810000000000000000e+03 9.820117999999999903e-01
4.805000000000000000e+03 9.821891999999999845e-01
4.800000000000000000e+03 9.823587999999999765e-01
4.795000000000000000e+03 9.822749000000000619e-01
4.790000000000000000e+03 9.834631000000000345e-01
4.785000000000000000e+03 9.829605999999999622e-01
4.780000000000000000e+03 9.840130999999999739e-01
4.775000000000000000e+03 9.841385999999999745e-01
4.770000000000000000e+03 9.832203999999999944e-01
4.765000000000000000e+03 9.819665000000000754e-01
4.760000000000000000e+03 9.810120000000001061e-01
4.755000000000000000e+03 9.810057000000000915e-01
4.750000000000000000e+03 9.798377000000000336e-01
4.745000000000000000e+03 9.806139000000000383e-01
4.740000000000000000e+03 9.796709000000000112e-01
4.735000000000000000e+03 9.811935999999999991e-01
4.730000000000000000e+03 9.825244999999999118e-01
4.725000000000000000e+03 9.843037000000000036e-01
4.720000000000000000e+03 9.867257999999999862e-01
4.715000000000000000e+03 9.885983000000000409e-01
4.710000000000000000e+03 9.892528999999999906e-01
4.705000000000000000e+03 9.913039000000000156e-01
4.700000000000000000e+03 9.922131000000000700e-01
4.695000000000000000e+03 9.925348999999999977e-01
4.690000000000000000e+03 9.940742000000000189e-01
4.685000000000000000e+03 9.932301000000000046e-01
4.680000000000000000e+03 9.936433000000000071e-01
4.675000000000000000e+03 9.933509999999999840e-01
4.670000000000000000e+03 9.926846000000000281e-01
4.665000000000000000e+03 9.919788999999999968e-01
4.660000000000000000e+03 9.911494999999999056e-01
4.655000000000000000e+03 9.913048000000000970e-01
4.650000000000000000e+03 9.892615999999999632e-01
4.645000000000000000e+03 9.876878000000001157e-01
4.640000000000000000e+03 9.865251000000000436e-01
4.635000000000000000e+03 9.881121000000000487e-01
4.630000000000000000e+03 9.875947999999999949e-01
4.625000000000000000e+03 9.882569999999999411e-01
4.620000000000000000e+03 9.889729999999999910e-01
4.615000000000000000e+03 9.897776000000000352e-01
4.610000000000000000e+03 9.903670999999999447e-01
4.605000000000000000e+03 9.915828999999999338e-01
4.600000000000000000e+03 9.921232999999999302e-01
4.595000000000000000e+03 9.911799999999999500e-01
4.590000000000000000e+03 9.930871999999999478e-01
4.585000000000000000e+03 9.925247000000000375e-01
4.580000000000000000e+03 9.939114999999999478e-01
4.575000000000000000e+03 9.941090999999999678e-01
4.570000000000000000e+03 9.947945000000000260e-01
4.565000000000000000e+03 9.944845999999999409e-01
4.560000000000000000e+03 9.953336000000000405e-01
4.555000000000000000e+03 9.945708000000000881e-01
4.550000000000000000e+03 9.944970000000000754e-01
4.545000000000000000e+03 9.953988999999999754e-01
4.540000000000000000e+03 9.949103999999999726e-01
4.535000000000000000e+03 9.951690999999999176e-01
4.530000000000000000e+03 9.948672000000000626e-01
4.525000000000000000e+03 9.941235000000000488e-01
4.520000000000000000e+03 9.927409000000000372e-01
4.515000000000000000e+03 9.917802000000000007e-01
4.510000000000000000e+03 9.907124000000000485e-01
4.505000000000000000e+03 9.906110999999999667e-01
4.500000000000000000e+03 9.906011999999999595e-01
4.495000000000000000e+03 9.900252999999998860e-01
4.490000000000000000e+03 9.911101999999999412e-01
4.485000000000000000e+03 9.919208999999998833e-01
4.480000000000000000e+03 9.923698000000000796e-01
4.475000000000000000e+03 9.925370999999999500e-01
4.470000000000000000e+03 9.945190999999999892e-01
4.465000000000000000e+03 9.936942000000000830e-01
4.460000000000000000e+03 9.941441000000000860e-01
4.455000000000000000e+03 9.941233999999999904e-01
4.450000000000000000e+03 9.944155999999999551e-01
4.445000000000000000e+03 9.946233999999999353e-01
4.440000000000000000e+03 9.937618999999999758e-01
4.435000000000000000e+03 9.943434000000000994e-01
4.430000000000000000e+03 9.936973999999999529e-01
4.425000000000000000e+03 9.949548000000000281e-01
4.420000000000000000e+03 9.935445000000000526e-01
4.415000000000000000e+03 9.937027999999998862e-01
4.410000000000000000e+03 9.925133999999999901e-01
4.405000000000000000e+03 9.902084000000000996e-01
4.400000000000000000e+03 9.886004999999999932e-01
4.395000000000000000e+03 9.856261000000000605e-01
4.390000000000000000e+03 9.845237000000000016e-01
4.385000000000000000e+03 9.845492000000000132e-01
4.380000000000000000e+03 9.857198999999999822e-01
4.375000000000000000e+03 9.867917999999999967e-01
4.370000000000000000e+03 9.878751000000000060e-01
4.365000000000000000e+03 9.895639999999999992e-01
4.360000000000000000e+03 9.919468000000000174e-01
4.355000000000000000e+03 9.928740000000000343e-01
4.350000000000000000e+03 9.923708000000001084e-01
4.345000000000000000e+03 9.924899000000000360e-01
4.340000000000000000e+03 9.904940000000000966e-01
4.335000000000000000e+03 9.921480999999999772e-01
4.330000000000000000e+03 9.897270000000000234e-01
4.325000000000000000e+03 9.899079999999998991e-01
4.320000000000000000e+03 9.902366999999999697e-01
4.315000000000000000e+03 9.901801000000000075e-01
4.310000000000000000e+03 9.916737000000001023e-01
4.305000000000000000e+03 9.938858000000000414e-01
4.300000000000000000e+03 9.939391000000000753e-01
4.295000000000000000e+03 9.944805999999999369e-01
4.290000000000000000e+03 9.942789000000000765e-01
4.285000000000000000e+03 9.948015999999999526e-01
4.280000000000000000e+03 9.952820000000000000e-01
4.275000000000000000e+03 9.920583000000000595e-01
4.270000000000000000e+03 9.896298000000000039e-01
4.265000000000000000e+03 9.875467999999999469e-01
4.260000000000000000e+03 9.855907999999999891e-01
4.255000000000000000e+03 9.828748000000000484e-01
4.250000000000000000e+03 9.826937999999999507e-01
4.245000000000000000e+03 9.826778000000000457e-01
4.240000000000000000e+03 9.841874999999999929e-01
4.235000000000000000e+03 9.857985999999999693e-01
4.230000000000000000e+03 9.882655000000000189e-01
4.225000000000000000e+03 9.900875000000000092e-01
4.220000000000000000e+03 9.913963000000000081e-01
4.215000000000000000e+03 9.929574999999999374e-01
4.210000000000000000e+03 9.938211000000000128e-01
4.205000000000000000e+03 9.936433000000000071e-01
4.200000000000000000e+03 9.915774999999998895e-01
4.195000000000000000e+03 9.913193999999999617e-01
4.190000000000000000e+03 9.898046999999999818e-01
4.185000000000000000e+03 9.898112000000000021e-01
4.180000000000000000e+03 9.894629999999999814e-01
4.175000000000000000e+03 9.874758000000000147e-01
4.170000000000000000e+03 9.882969999999999811e-01
4.165000000000000000e+03 9.900649999999999729e-01
4.160000000000000000e+03 9.904944999999999444e-01
4.155000000000000000e+03 9.906673999999999758e-01
4.150000000000000000e+03 9.915890000000000537e-01
4.145000000000000000e+03 9.895692999999999850e-01
4.140000000000000000e+03 9.912573000000000079e-01
4.135000000000000000e+03 9.897760999999999365e-01
4.130000000000000000e+03 9.895469000000000070e-01
4.125000000000000000e+03 9.892988999999999811e-01
4.120000000000000000e+03 9.895551000000000208e-01
4.115000000000000000e+03 9.894616000000000522e-01
4.110000000000000000e+03 9.892363000000000683e-01
4.105000000000000000e+03 9.882976999999999457e-01
4.100000000000000000e+03 9.893785999999999969e-01
4.095000000000000000e+03 9.889600000000000612e-01
4.090000000000000000e+03 9.888675000000000104e-01
4.085000000000000000e+03 9.896255999999999942e-01
4.080000000000000000e+03 9.888859999999999317e-01
4.075000000000000000e+03 9.886602000000001000e-01
4.070000000000000000e+03 9.894168000000000962e-01
4.065000000000000000e+03 9.888694000000000095e-01
4.060000000000000000e+03 9.896411999999998876e-01
4.055000000000000000e+03 9.903779000000000332e-01
4.050000000000000000e+03 9.902012999999999510e-01
4.045000000000000000e+03 9.912443000000000781e-01
4.040000000000000000e+03 9.917778999999999900e-01
4.035000000000000000e+03 9.918348000000000164e-01
4.030000000000000000e+03 9.925409999999998956e-01
4.025000000000000000e+03 9.949651000000000467e-01
4.020000000000000000e+03 9.942339000000000038e-01
4.015000000000000000e+03 9.948441000000000090e-01
4.010000000000000000e+03 9.955895999999999635e-01
4.005000000000000000e+03 9.944862000000000979e-01
4.000000000000000000e+03 9.931065999999999505e-01
3.995000000000000000e+03 9.932172000000000223e-01
3.990000000000000000e+03 9.903722999999999832e-01
3.985000000000000000e+03 9.881037000000000292e-01
3.980000000000000000e+03 9.863791000000000642e-01
3.975000000000000000e+03 9.816264999999999574e-01
3.970000000000000000e+03 9.784153999999999352e-01
3.965000000000000000e+03 9.772593999999998893e-01
3.960000000000000000e+03 9.782880000000000464e-01
3.955000000000000000e+03 9.791357000000000532e-01
3.950000000000000000e+03 9.829288999999999943e-01
3.945000000000000000e+03 9.834556999999999327e-01
3.940000000000000000e+03 9.873840999999999868e-01
3.935000000000000000e+03 9.882483999999999158e-01
3.930000000000000000e+03 9.894351000000000118e-01
3.925000000000000000e+03 9.910122999999999571e-01
3.920000000000000000e+03 9.913808000000000620e-01
3.915000000000000000e+03 9.915262999999999716e-01
3.910000000000000000e+03 9.917806000000000122e-01
3.905000000000000000e+03 9.938740999999999826e-01
3.900000000000000000e+03 9.934787999999999952e-01
3.895000000000000000e+03 9.922560000000000269e-01
3.890000000000000000e+03 9.927829999999999711e-01
3.885000000000000000e+03 9.920459999999999834e-01
3.880000000000000000e+03 9.918772000000000144e-01
3.875000000000000000e+03 9.919030999999999265e-01
3.870000000000000000e+03 9.915622999999998965e-01
3.865000000000000000e+03 9.929577000000000542e-01
3.860000000000000000e+03 9.933084999999999276e-01
3.855000000000000000e+03 9.942486999999999853e-01
3.850000000000000000e+03 9.933220000000000383e-01
3.845000000000000000e+03 9.944245999999999919e-01
3.840000000000000000e+03 9.942246000000000139e-01
3.835000000000000000e+03 9.936378000000000155e-01
3.830000000000000000e+03 9.931740999999999486e-01
3.825000000000000000e+03 9.922298000000000506e-01
3.820000000000000000e+03 9.902715000000000822e-01
3.815000000000000000e+03 9.877070000000000016e-01
3.810000000000000000e+03 9.869420999999999333e-01
3.805000000000000000e+03 9.842521000000000742e-01
3.800000000000000000e+03 9.844374000000000180e-01
3.795000000000000000e+03 9.851711000000000773e-01
3.790000000000000000e+03 9.871764000000000649e-01
3.785000000000000000e+03 9.883709000000000522e-01
3.780000000000000000e+03 9.880778999999999535e-01
3.775000000000000000e+03 9.894835999999999077e-01
3.770000000000000000e+03 9.898943000000000048e-01
3.765000000000000000e+03 9.882807000000000119e-01
3.760000000000000000e+03 9.890991999999999562e-01
3.755000000000000000e+03 9.890018999999999894e-01
3.750000000000000000e+03 9.882420000000000648e-01
3.745000000000000000e+03 9.887583999999999262e-01
3.740000000000000000e+03 9.893347000000000113e-01
3.735000000000000000e+03 9.899876000000000786e-01
3.730000000000000000e+03 9.923294999999999755e-01
3.725000000000000000e+03 9.927813999999999250e-01
3.720000000000000000e+03 9.903476000000001056e-01
3.715000000000000000e+03 9.958628000000000480e-01
3.710000000000000000e+03 9.952371999999999330e-01
3.705000000000000000e+03 9.946158999999999972e-01
3.700000000000000000e+03 9.966164000000000689e-01
3.695000000000000000e+03 9.959355999999999209e-01
3.690000000000000000e+03 9.960554999999999826e-01
3.685000000000000000e+03 9.947357000000000005e-01
3.680000000000000000e+03 9.930071999999999788e-01
3.675000000000000000e+03 9.898769000000000595e-01
3.670000000000000000e+03 9.875529000000000668e-01
3.665000000000000000e+03 9.878875999999999769e-01
3.660000000000000000e+03 9.822054000000000062e-01
3.655000000000000000e+03 9.814078999999999997e-01
3.650000000000000000e+03 9.821022000000000363e-01
3.645000000000000000e+03 9.863127000000000422e-01
3.640000000000000000e+03 9.849202999999999708e-01
3.635000000000000000e+03 9.866585000000001049e-01
3.630000000000000000e+03 9.873066000000000342e-01
3.625000000000000000e+03 9.895833000000000546e-01
3.620000000000000000e+03 9.893172000000000077e-01
3.615000000000000000e+03 9.882796999999999832e-01
3.610000000000000000e+03 9.891742000000001145e-01
3.605000000000000000e+03 9.876220999999999473e-01
3.600000000000000000e+03 9.851775999999999867e-01
3.595000000000000000e+03 9.874958999999999820e-01
3.590000000000000000e+03 9.867503000000000801e-01
3.585000000000000000e+03 9.846863999999999617e-01
3.580000000000000000e+03 9.846032999999999591e-01
3.575000000000000000e+03 9.845768999999999771e-01
3.570000000000000000e+03 9.822095000000000686e-01
3.565000000000000000e+03 9.833094000000000001e-01
3.560000000000000000e+03 9.841688000000000658e-01
3.555000000000000000e+03 9.834749999999999881e-01
3.550000000000000000e+03 9.850818000000000074e-01
3.545000000000000000e+03 9.831425000000000303e-01
3.540000000000000000e+03 9.859818000000000193e-01
3.535000000000000000e+03 9.867963000000000706e-01
3.530000000000000000e+03 9.866562999999999306e-01
3.525000000000000000e+03 9.855701999999999519e-01
3.520000000000000000e+03 9.876627000000000045e-01
3.515000000000000000e+03 9.902774999999999217e-01
3.510000000000000000e+03 9.889543000000000639e-01
3.505000000000000000e+03 9.901780999999999500e-01
3.500000000000000000e+03 9.906641000000000474e-01
3.495000000000000000e+03 9.920558999999999905e-01
3.490000000000000000e+03 9.881166000000000116e-01
3.485000000000000000e+03 9.920719999999999539e-01
3.480000000000000000e+03 9.887057000000000206e-01
3.475000000000000000e+03 9.900527999999999551e-01
3.470000000000000000e+03 9.917153999999999137e-01
3.465000000000000000e+03 9.899209999999999399e-01
3.460000000000000000e+03 9.871870000000000367e-01
3.455000000000000000e+03 9.880417000000000227e-01
3.450000000000000000e+03 9.887723999999999958e-01
3.445000000000000000e+03 9.869402999999999926e-01
3.440000000000000000e+03 9.896549000000000040e-01
3.435000000000000000e+03 9.883647999999999323e-01
3.430000000000000000e+03 9.873627000000000375e-01
3.425000000000000000e+03 9.917202000000000517e-01
3.420000000000000000e+03 9.929673999999999445e-01
3.415000000000000000e+03 9.882355999999999918e-01
3.410000000000000000e+03 9.892632000000000092e-01
3.405000000000000000e+03 9.865931000000000006e-01
3.400000000000000000e+03 9.863494000000000428e-01
3.395000000000000000e+03 9.850378000000000744e-01
3.390000000000000000e+03 9.927116999999999747e-01
3.385000000000000000e+03 9.920326999999999895e-01
3.380000000000000000e+03 9.979465000000000696e-01
3.375000000000000000e+03 9.833168999999999382e-01
3.370000000000000000e+03 9.896000999999999825e-01
3.365000000000000000e+03 9.902487999999999291e-01
3.360000000000000000e+03 9.878339999999999899e-01
3.355000000000000000e+03 9.912866999999999651e-01
3.350000000000000000e+03 9.919356999999999758e-01
3.345000000000000000e+03 9.941062999999999983e-01
3.340000000000000000e+03 9.847696999999999701e-01
3.335000000000000000e+03 9.956126000000000698e-01
3.330000000000000000e+03 9.836092999999999087e-01
3.325000000000000000e+03 9.887041000000000857e-01
3.320000000000000000e+03 9.885567000000000659e-01
3.315000000000000000e+03 9.866002000000000383e-01
3.310000000000000000e+03 9.967744999999998967e-01
3.305000000000000000e+03 9.901645999999999503e-01
3.300000000000000000e+03 9.915764000000000244e-01
3.295000000000000000e+03 9.906196999999999919e-01
3.290000000000000000e+03 9.927717999999999821e-01
3.285000000000000000e+03 9.939745000000000941e-01
3.280000000000000000e+03 9.930622999999999534e-01
3.275000000000000000e+03 9.915680999999999523e-01
3.270000000000000000e+03 9.952358999999999511e-01
3.265000000000000000e+03 9.939960000000001017e-01
3.260000000000000000e+03 9.945855000000000112e-01
3.255000000000000000e+03 9.973205000000000542e-01
3.250000000000000000e+03 1.002827099999999971e+00
3.245000000000000000e+03 9.976960999999999746e-01
3.240000000000000000e+03 9.971904999999999797e-01
3.235000000000000000e+03 9.942718000000000389e-01
3.230000000000000000e+03 9.951069000000000164e-01
3.225000000000000000e+03 9.938988000000000822e-01
3.220000000000000000e+03 9.969405000000000072e-01
3.215000000000000000e+03 9.917690000000000117e-01
3.210000000000000000e+03 9.898517999999999484e-01
3.205000000000000000e+03 9.894155999999999507e-01
3.200000000000000000e+03 9.975600000000000023e-01
3.195000000000000000e+03 9.969059000000000115e-01
3.190000000000000000e+03 9.894247000000000458e-01
3.185000000000000000e+03 9.872400000000000064e-01
3.180000000000000000e+03 9.944769999999999444e-01
3.175000000000000000e+03 9.986743000000000148e-01
3.170000000000000000e+03 9.871149999999999647e-01
3.165000000000000000e+03 9.871327999999999214e-01
3.160000000000000000e+03 9.878173999999999566e-01
3.155000000000000000e+03 9.837388000000000243e-01
3.150000000000000000e+03 1.009883499999999934e+00
3.145000000000000000e+03 9.977897000000000016e-01
3.140000000000000000e+03 9.850715999999999362e-01
3.135000000000000000e+03 9.926037999999999251e-01
3.130000000000000000e+03 9.942865999999999094e-01
3.125000000000000000e+03 9.923309999999999631e-01
3.120000000000000000e+03 9.932191000000000214e-01
3.115000000000000000e+03 1.000562399999999963e+00
3.110000000000000000e+03 9.988439999999999541e-01
3.105000000000000000e+03 9.931820999999999566e-01
3.100000000000000000e+03 9.933378999999998848e-01
3.095000000000000000e+03 9.884076000000000528e-01
3.090000000000000000e+03 9.772764999999999924e-01
3.085000000000000000e+03 9.989615000000000578e-01
3.080000000000000000e+03 9.800574000000000785e-01
3.075000000000000000e+03 9.766006000000000409e-01
3.070000000000000000e+03 9.632805999999999313e-01
3.065000000000000000e+03 9.387229000000000267e-01
3.060000000000000000e+03 9.276102999999999987e-01
3.055000000000000000e+03 9.143149999999999888e-01
3.050000000000000000e+03 9.060030999999999501e-01
3.045000000000000000e+03 9.074500999999999262e-01
3.040000000000000000e+03 9.096186000000000549e-01
3.035000000000000000e+03 9.117919999999999359e-01
3.030000000000000000e+03 9.085364999999999691e-01
3.025000000000000000e+03 8.982423000000000490e-01
3.020000000000000000e+03 8.669562999999999020e-01
3.015000000000000000e+03 8.350695000000000201e-01
3.010000000000000000e+03 7.915896999999999517e-01
3.005000000000000000e+03 7.584175000000000777e-01
3.000000000000000000e+03 7.340072999999999181e-01
