6.000000000000000000e+03 9.783530000000000282e-01
5.995000000000000000e+03 9.781277000000000443e-01
5.990000000000000000e+03 9.771985999999999173e-01
5.985000000000000000e+03 9.763549000000000255e-01
5.980000000000000000e+03 9.756665999999999395e-01
5.975000000000000000e+03 9.752138999999999669e-01
5.970000000000000000e+03 9.739562999999999970e-01
5.965000000000000000e+03 9.730280000000000040e-01
5.960000000000000000e+03 9.731570999999999971e-01
5.955000000000000000e+03 9.720587000000000533e-01
5.950000000000000000e+03 9.715373999999999954e-01
5.945000000000000000e+03 9.710845999999999645e-01
5.940000000000000000e+03 9.709521999999999320e-01
5.935000000000000000e+03 9.712332999999999661e-01
5.930000000000000000e+03 9.713322999999999263e-01
5.925000000000000000e+03 9.712906999999999513e-01
5.920000000000000000e+03 9.713874000000000120e-01
5.915000000000000000e+03 9.718147000000000313e-01
5.910000000000000000e+03 9.722687000000000968e-01
5.905000000000000000e+03 9.729219000000000062e-01
5.900000000000000000e+03 9.735183000000000586e-01
5.895000000000000000e+03 9.745431999999999428e-01
5.890000000000000000e+03 9.748706000000000316e-01
5.885000000000000000e+03 9.753886000000000500e-01
5.880000000000000000e+03 9.755476000000000703e-01
5.875000000000000000e+03 9.764150999999999803e-01
5.870000000000000000e+03 9.770313000000000470e-01
5.865000000000000000e+03 9.771416000000000546e-01
5.860000000000000000e+03 9.775236999999999954e-01
5.855000000000000000e+03 9.783842000000000372e-01
5.850000000000000000e+03 9.785724999999999563e-01
5.845000000000000000e+03 9.783591999999999844e-01
5.840000000000000000e+03 9.781108000000000580e-01
5.835000000000000000e+03 9.784167999999999754e-01
5.830000000000000000e+03 9.777419000000000526e-01
5.825000000000000000e+03 9.780995000000000106e-01
5.820000000000000000e+03 9.773652999999999924e-01
5.815000000000000000e+03 9.766424000000000216e-01
5.810000000000000000e+03 9.766055000000000152e-01
5.805000000000000000e+03 9.763038000000000549e-01
5.800000000000000000e+03 9.751514000000000015e-01
5.795000000000000000e+03 9.746013999999999511e-01
5.790000000000000000e+03 9.738533999999999802e-01
5.785000000000000000e+03 9.746283999999999503e-01
5.780000000000000000e+03 9.731619999999999715e-01
5.775000000000000000e+03 9.728055999999999370e-01
5.770000000000000000e+03 9.722665000000000335e-01
5.765000000000000000e+03 9.716539000000000703e-01
5.760000000000000000e+03 9.707196999999999631e-01
5.755000000000000000e+03 9.706547000000000924e-01
5.750000000000000000e+03 9.702511000000000330e-01
5.745000000000000000e+03 9.704030000000000156e-01
5.740000000000000000e+03 9.702259999999999218e-01
5.735000000000000000e+03 9.701562999999999715e-01
5.730000000000000000e+03 9.705568999999999447e-01
5.725000000000000000e+03 9.705998000000000125e-01
5.720000000000000000e+03 9.706296000000000923e-01
5.715000000000000000e+03 9.710147000000000084e-01
5.710000000000000000e+03 9.717274999999999663e-01
5.705000000000000000e+03 9.720852999999999300e-01
5.700000000000000000e+03 9.725097999999999798e-01
5.695000000000000000e+03 9.730222000000000593e-01
5.690000000000000000e+03 9.737266999999999451e-01
5.685000000000000000e+03 9.740268000000000814e-01
5.680000000000000000e+03 9.750194999999999279e-01
5.675000000000000000e+03 9.758030999999999233e-01
5.670000000000000000e+03 9.766075999999999091e-01
5.665000000000000000e+03 9.772861000000000464e-01
5.660000000000000000e+03 9.782549000000000383e-01
5.655000000000000000e+03 9.788958999999999300e-01
5.650000000000000000e+03 9.793450000000000211e-01
5.645000000000000000e+03 9.802431000000000338e-01
5.640000000000000000e+03 9.804958999999999758e-01
5.635000000000000000e+03 9.815133000000000330e-01
5.630000000000000000e+03 9.816932999999999909e-01
5.625000000000000000e+03 9.820028999999999009e-01
5.620000000000000000e+03 9.828869000000000078e-01
5.615000000000000000e+03 9.826190000000000202e-01
5.610000000000000000e+03 9.833199999999999719e-01
5.605000000000000000e+03 9.835867000000000360e-01
5.600000000000000000e+03 9.835277999999999521e-01
5.595000000000000000e+03 9.839953999999999645e-01
5.590000000000000000e+03 9.837299000000000460e-01
5.585000000000000000e+03 9.833938999999999320e-01
5.580000000000000000e+03 9.835281000000000162e-01
5.575000000000000000e+03 9.833151999999999449e-01
5.570000000000000000e+03 9.831306999999999130e-01
5.565000000000000000e+03 9.833796999999999677e-01
5.560000000000000000e+03 9.827681999999999807e-01
5.555000000000000000e+03 9.831505000000000383e-01
5.550000000000000000e+03 9.825268999999999808e-01
5.545000000000000000e+03 9.822938999999999421e-01
5.540000000000000000e+03 9.825228999999999768e-01
5.535000000000000000e+03 9.820733999999999853e-01
5.530000000000000000e+03 9.820999999999999730e-01
5.525000000000000000e+03 9.822643999999999265e-01
5.520000000000000000e+03 9.821635000000000781e-01
5.515000000000000000e+03 9.822307999999999595e-01
5.510000000000000000e+03 9.820375000000000076e-01
5.505000000000000000e+03 9.819584999999999564e-01
5.500000000000000000e+03 9.820790999999999826e-01
5.495000000000000000e+03 9.819910000000000583e-01
5.490000000000000000e+03 9.825112000000000290e-01
5.485000000000000000e+03 9.824199000000000126e-01
5.480000000000000000e+03 9.828867000000000020e-01
5.475000000000000000e+03 9.829833999999999516e-01
5.470000000000000000e+03 9.829265999999999837e-01
5.465000000000000000e+03 9.830832999999999933e-01
5.460000000000000000e+03 9.830675999999999304e-01
5.455000000000000000e+03 9.836646000000000001e-01
5.450000000000000000e+03 9.838354999999999739e-01
5.445000000000000000e+03 9.837234999999999729e-01
5.440000000000000000e+03 9.839387000000000549e-01
5.435000000000000000e+03 9.843278999999999224e-01
5.430000000000000000e+03 9.842122999999999289e-01
5.425000000000000000e+03 9.843725999999999310e-01
5.420000000000000000e+03 9.845171999999999812e-01
5.415000000000000000e+03 9.844607999999999137e-01
5.410000000000000000e+03 9.844785000000000341e-01
5.405000000000000000e+03 9.843963999999999492e-01
5.400000000000000000e+03 9.844884000000000412e-01
5.395000000000000000e+03 9.838261000000000367e-01
5.390000000000000000e+03 9.842720000000000358e-01
5.385000000000000000e+03 9.844032000000000338e-01
5.380000000000000000e+03 9.842621999999999760e-01
5.375000000000000000e+03 9.838379999999999903e-01
5.370000000000000000e+03 9.841218000000000465e-01
5.365000000000000000e+03 9.840109999999999690e-01
5.360000000000000000e+03 9.841401999999999095e-01
5.355000000000000000e+03 9.839890000000000025e-01
5.350000000000000000e+03 9.837582000000000271e-01
5.345000000000000000e+03 9.837130999999998959e-01
5.340000000000000000e+03 9.836807000000000745e-01
5.335000000000000000e+03 9.835701000000000027e-01
5.330000000000000000e+03 9.840499000000000329e-01
5.325000000000000000e+03 9.836567999999999978e-01
5.320000000000000000e+03 9.838350999999999624e-01
5.315000000000000000e+03 9.838776000000000188e-01
5.310000000000000000e+03 9.840398999999999674e-01
5.305000000000000000e+03 9.837564000000000863e-01
5.300000000000000000e+03 9.841348000000000873e-01
5.295000000000000000e+03 9.837687999999999988e-01
5.290000000000000000e+03 9.841190000000000770e-01
5.285000000000000000e+03 9.837233999999999146e-01
5.280000000000000000e+03 9.837468999999999797e-01
5.275000000000000000e+03 9.840716999999998826e-01
5.270000000000000000e+03 9.837918999999999414e-01
5.265000000000000000e+03 9.840465000000000462e-01
5.260000000000000000e+03 9.838006000000000251e-01
5.255000000000000000e+03 9.834869000000000527e-01
5.250000000000000000e+03 9.833098999999999590e-01
5.245000000000000000e+03 9.832864999999999522e-01
5.240000000000000000e+03 9.829753999999999436e-01
5.235000000000000000e+03 9.830566000000000582e-01
5.230000000000000000e+03 9.829793999999999476e-01
5.225000000000000000e+03 9.831440999999999653e-01
5.220000000000000000e+03 9.826460000000000194e-01
5.215000000000000000e+03 9.821684999999998888e-01
5.210000000000000000e+03 9.819853000000000609e-01
5.205000000000000000e+03 9.820704000000000100e-01
5.200000000000000000e+03 9.822073000000000054e-01
5.195000000000000000e+03 9.821684999999998888e-01
5.190000000000000000e+03 9.815559000000000367e-01
5.185000000000000000e+03 9.819288000000000460e-01
5.180000000000000000e+03 9.817199999999999260e-01
5.175000000000000000e+03 9.818168000000000450e-01
5.170000000000000000e+03 9.816262000000000043e-01
5.165000000000000000e+03 9.817677000000000209e-01
5.160000000000000000e+03 9.817830999999999086e-01
5.155000000000000000e+03 9.817896000000000400e-01
5.150000000000000000e+03 9.813930000000000708e-01
5.145000000000000000e+03 9.818474999999999842e-01
5.140000000000000000e+03 9.818789999999999463e-01
5.135000000000000000e+03 9.819493999999999723e-01
5.130000000000000000e+03 9.817639000000000227e-01
5.125000000000000000e+03 9.820200000000000040e-01
5.120000000000000000e+03 9.817801000000000444e-01
5.115000000000000000e+03 9.812175000000000757e-01
5.110000000000000000e+03 9.817382999999999527e-01
5.105000000000000000e+03 9.810695999999999861e-01
5.100000000000000000e+03 9.808996000000000937e-01
5.095000000000000000e+03 9.803373999999999144e-01
5.090000000000000000e+03 9.800092999999999721e-01
5.085000000000000000e+03 9.796693000000000762e-01
5.080000000000000000e+03 9.794588000000000738e-01
5.075000000000000000e+03 9.790811999999999848e-01
5.070000000000000000e+03 9.785728000000000204e-01
5.065000000000000000e+03 9.783356999999999193e-01
5.060000000000000000e+03 9.778798000000000767e-01
5.055000000000000000e+03 9.772714000000000123e-01
5.050000000000000000e+03 9.770138000000000433e-01
5.045000000000000000e+03 9.764059000000000488e-01
5.040000000000000000e+03 9.765636000000000871e-01
5.035000000000000000e+03 9.762437999999999949e-01
5.030000000000000000e+03 9.760054999999999703e-01
5.025000000000000000e+03 9.759404999999999886e-01
5.020000000000000000e+03 9.761127000000000553e-01
5.015000000000000000e+03 9.760961000000000221e-01
5.010000000000000000e+03 9.762488999999999750e-01
5.005000000000000000e+03 9.769517999999999258e-01
5.000000000000000000e+03 9.774524999999999464e-01
4.995000000000000000e+03 9.778647999999999785e-01
4.990000000000000000e+03 9.779284999999999783e-01
4.985000000000000000e+03 9.785980000000000789e-01
4.980000000000000000e+03 9.793287999999999993e-01
4.975000000000000000e+03 9.800821999999999035e-01
4.970000000000000000e+03 9.803695999999999522e-01
4.965000000000000000e+03 9.813576999999998884e-01
4.960000000000000000e+03 9.814561000000000535e-01
4.955000000000000000e+03 9.820101999999999443e-01
4.950000000000000000e+03 9.826457999999999027e-01
4.945000000000000000e+03 9.829596999999999918e-01
4.940000000000000000e+03 9.824515999999999805e-01
4.935000000000000000e+03 9.825522999999999341e-01
4.930000000000000000e+03 9.826548999999999978e-01
4.925000000000000000e+03 9.826211000000000251e-01
4.920000000000000000e+03 9.821506999999999321e-01
4.915000000000000000e+03 9.818206999999999907e-01
4.910000000000000000e+03 9.811554999999999582e-01
4.905000000000000000e+03 9.804725000000000801e-01
4.900000000000000000e+03 9.799579999999999957e-01
4.895000000000000000e+03 9.789685000000000192e-01
4.890000000000000000e+03 9.782246999999999471e-01
4.885000000000000000e+03 9.780669000000000723e-01
4.880000000000000000e+03 9.771070000000000588e-01
4.875000000000000000e+03 9.759216000000000557e-01
4.870000000000000000e+03 9.750557999999999170e-01
4.865000000000000000e+03 9.745340000000000114e-01
4.860000000000000000e+03 9.746307000000000720e-01
4.855000000000000000e+03 9.739642000000000577e-01
4.850000000000000000e+03 9.730531000000000041e-01
4.845000000000000000e+03 9.730199000000000487e-01
4.840000000000000000e+03 9.731978999999999491e-01
4.835000000000000000e+03 9.722961999999999438e-01
4.830000000000000000e+03 9.726709999999999523e-01
4.825000000000000000e+03 9.730710999999999666e-01
4.820000000000000000e+03 9.725436000000000636e-01
4.815000000000000000e+03 9.729099999999999415e-01
4.810000000000000000e+03 9.732020000000000115e-01
4.805000000000000000e+03 9.732667999999999875e-01
4.800000000000000000e+03 9.732519000000000586e-01
4.795000000000000000e+03 9.734093000000000329e-01
4.790000000000000000e+03 9.735865000000000213e-01
4.785000000000000000e+03 9.736579000000000761e-01
4.780000000000000000e+03 9.734450999999999521e-01
4.775000000000000000e+03 9.732514999999999361e-01
4.770000000000000000e+03 9.732669999999999932e-01
4.765000000000000000e+03 9.732497999999999427e-01
4.760000000000000000e+03 9.727795000000000192e-01
4.755000000000000000e+03 9.717424000000000062e-01
4.750000000000000000e+03 9.716069000000000511e-01
4.745000000000000000e+03 9.714896000000000642e-01
4.740000000000000000e+03 9.709649000000000196e-01
4.735000000000000000e+03 9.701967999999999703e-01
4.730000000000000000e+03 9.699636999999999842e-01
4.725000000000000000e+03 9.701916000000000428e-01
4.720000000000000000e+03 9.696283999999999459e-01
4.715000000000000000e+03 9.699178000000000521e-01
4.710000000000000000e+03 9.703851000000000004e-01
4.705000000000000000e+03 9.704795999999999978e-01
4.700000000000000000e+03 9.709340000000000748e-01
4.695000000000000000e+03 9.711593999999998950e-01
4.690000000000000000e+03 9.723547999999999636e-01
4.685000000000000000e+03 9.729582999999999426e-01
4.680000000000000000e+03 9.744983999999999869e-01
4.675000000000000000e+03 9.753290000000000015e-01
4.670000000000000000e+03 9.763334000000000179e-01
4.665000000000000000e+03 9.774058999999999386e-01
4.660000000000000000e+03 9.785988999999999383e-01
4.655000000000000000e+03 9.797356000000000398e-01
4.650000000000000000e+03 9.808069999999999844e-01
4.645000000000000000e+03 9.818774000000000113e-01
4.640000000000000000e+03 9.823708000000000995e-01
4.635000000000000000e+03 9.833861000000000407e-01
4.630000000000000000e+03 9.836235999999999313e-01
4.625000000000000000e+03 9.842693000000000136e-01
4.620000000000000000e+03 9.850252999999998815e-01
4.615000000000000000e+03 9.847078000000000220e-01
4.610000000000000000e+03 9.847436999999998886e-01
4.605000000000000000e+03 9.848256000000000787e-01
4.600000000000000000e+03 9.837656999999999652e-01
4.595000000000000000e+03 9.839306999999999359e-01
4.590000000000000000e+03 9.832047999999999899e-01
4.585000000000000000e+03 9.826788000000000745e-01
4.580000000000000000e+03 9.822197000000000289e-01
4.575000000000000000e+03 9.820303000000000226e-01
4.570000000000000000e+03 9.808257000000000225e-01
4.565000000000000000e+03 9.807859999999999356e-01
4.560000000000000000e+03 9.799767000000000339e-01
4.555000000000000000e+03 9.796657999999999200e-01
4.550000000000000000e+03 9.794175999999999993e-01
4.545000000000000000e+03 9.792374999999999829e-01
4.540000000000000000e+03 9.788877999999999746e-01
4.535000000000000000e+03 9.777961000000000569e-01
4.530000000000000000e+03 9.778118999999999561e-01
4.525000000000000000e+03 9.773963999999999430e-01
4.520000000000000000e+03 9.766079999999999206e-01
4.515000000000000000e+03 9.759835000000000038e-01
4.510000000000000000e+03 9.750329000000000912e-01
4.505000000000000000e+03 9.751096000000000208e-01
4.500000000000000000e+03 9.737584999999999713e-01
4.495000000000000000e+03 9.733728999999999854e-01
4.490000000000000000e+03 9.724861000000000200e-01
4.485000000000000000e+03 9.722294999999999687e-01
4.480000000000000000e+03 9.719579000000000413e-01
4.475000000000000000e+03 9.712305000000001076e-01
4.470000000000000000e+03 9.713369000000000586e-01
4.465000000000000000e+03 9.704675000000000384e-01
4.460000000000000000e+03 9.707568000000000863e-01
4.455000000000000000e+03 9.709086000000000105e-01
4.450000000000000000e+03 9.708047000000000759e-01
4.445000000000000000e+03 9.722015000000000517e-01
4.440000000000000000e+03 9.727145000000000374e-01
4.435000000000000000e+03 9.736787000000000081e-01
4.430000000000000000e+03 9.742380000000000484e-01
4.425000000000000000e+03 9.756046000000000440e-01
4.420000000000000000e+03 9.766553999999999514e-01
4.415000000000000000e+03 9.781395000000000506e-01
4.410000000000000000e+03 9.788952000000000764e-01
4.405000000000000000e+03 9.798368000000000633e-01
4.400000000000000000e+03 9.807544000000000262e-01
4.395000000000000000e+03 9.808930999999999623e-01
4.390000000000000000e+03 9.825605000000000588e-01
4.385000000000000000e+03 9.819588000000000205e-01
4.380000000000000000e+03 9.825545999999999447e-01
4.375000000000000000e+03 9.827782000000000462e-01
4.370000000000000000e+03 9.816953999999999958e-01
4.365000000000000000e+03 9.812712999999999575e-01
4.360000000000000000e+03 9.808790999999998927e-01
4.355000000000000000e+03 9.803022000000000125e-01
4.350000000000000000e+03 9.795149999999999135e-01
4.345000000000000000e+03 9.787997999999999976e-01
4.340000000000000000e+03 9.788020000000000609e-01
4.335000000000000000e+03 9.782645999999999287e-01
4.330000000000000000e+03 9.773480000000001056e-01
4.325000000000000000e+03 9.775687000000000682e-01
4.320000000000000000e+03 9.765097000000000360e-01
4.315000000000000000e+03 9.767668000000000461e-01
4.310000000000000000e+03 9.772760999999999809e-01
4.305000000000000000e+03 9.766513000000000000e-01
4.300000000000000000e+03 9.772611999999999410e-01
4.295000000000000000e+03 9.795821999999999585e-01
4.290000000000000000e+03 9.795890999999999904e-01
4.285000000000000000e+03 9.799830999999999959e-01
4.280000000000000000e+03 9.800575000000000259e-01
4.275000000000000000e+03 9.806695999999999191e-01
4.270000000000000000e+03 9.809207999999999261e-01
4.265000000000000000e+03 9.809363999999999306e-01
4.260000000000000000e+03 9.809668999999999750e-01
4.255000000000000000e+03 9.821867000000000791e-01
4.250000000000000000e+03 9.825042000000000497e-01
4.245000000000000000e+03 9.824355000000000171e-01
4.240000000000000000e+03 9.824673000000000433e-01
4.235000000000000000e+03 9.827618999999999660e-01
4.230000000000000000e+03 9.828527000000000236e-01
4.225000000000000000e+03 9.833652999999999977e-01
4.220000000000000000e+03 9.832923999999999554e-01
4.215000000000000000e+03 9.829988000000000614e-01
4.210000000000000000e+03 9.841741000000000517e-01
4.205000000000000000e+03 9.830579000000000400e-01
4.200000000000000000e+03 9.826445999999999792e-01
4.195000000000000000e+03 9.817345000000000654e-01
4.190000000000000000e+03 9.811147999999999536e-01
4.185000000000000000e+03 9.797516000000000558e-01
4.180000000000000000e+03 9.799483999999999417e-01
4.175000000000000000e+03 9.790638999999999870e-01
4.170000000000000000e+03 9.782026000000000332e-01
4.165000000000000000e+03 9.782378999999999936e-01
4.160000000000000000e+03 9.776761999999998842e-01
4.155000000000000000e+03 9.777133999999999547e-01
4.150000000000000000e+03 9.776085999999999387e-01
4.145000000000000000e+03 9.782047999999999854e-01
4.140000000000000000e+03 9.778454999999999231e-01
4.135000000000000000e+03 9.782098000000000182e-01
4.130000000000000000e+03 9.798170000000000490e-01
4.125000000000000000e+03 9.796513000000000027e-01
4.120000000000000000e+03 9.799492999999999121e-01
4.115000000000000000e+03 9.791269999999999696e-01
4.110000000000000000e+03 9.800180000000000557e-01
4.105000000000000000e+03 9.813585000000000225e-01
4.100000000000000000e+03 9.815591000000000177e-01
4.095000000000000000e+03 9.816983000000000237e-01
4.090000000000000000e+03 9.814370999999999512e-01
4.085000000000000000e+03 9.805443999999999827e-01
4.080000000000000000e+03 9.806824000000000652e-01
4.075000000000000000e+03 9.799124000000000168e-01
4.070000000000000000e+03 9.791370999999999825e-01
4.065000000000000000e+03 9.779613000000000334e-01
4.060000000000000000e+03 9.765970999999999957e-01
4.055000000000000000e+03 9.760120000000001017e-01
4.050000000000000000e+03 9.742400999999999422e-01
4.045000000000000000e+03 9.717664000000000302e-01
4.040000000000000000e+03 9.701202999999999355e-01
4.035000000000000000e+03 9.691598999999999631e-01
4.030000000000000000e+03 9.663867999999999903e-01
4.025000000000000000e+03 9.633403000000000382e-01
4.020000000000000000e+03 9.585268000000000121e-01
4.015000000000000000e+03 9.496743999999999186e-01
4.010000000000000000e+03 9.343888000000000194e-01
4.005000000000000000e+03 9.124645000000000117e-01
4.000000000000000000e+03 8.795988000000000140e-01
3.995000000000000000e+03 8.487327999999999539e-01
3.990000000000000000e+03 7.976642999999999928e-01
3.985000000000000000e+03 7.437226000000000115e-01
3.980000000000000000e+03 6.877754000000000367e-01
3.975000000000000000e+03 6.351250999999999980e-01
3.970000000000000000e+03 5.869706999999999564e-01
3.965000000000000000e+03 5.447009999999999907e-01
3.960000000000000000e+03 5.042758999999999991e-01
3.955000000000000000e+03 4.658035000000000370e-01
3.950000000000000000e+03 4.231193999999999789e-01
3.945000000000000000e+03 3.792563999999999935e-01
3.940000000000000000e+03 3.288114999999999788e-01
3.935000000000000000e+03 2.776937999999999906e-01
3.930000000000000000e+03 2.270052999999999932e-01
3.925000000000000000e+03 1.823622999999999772e-01
3.920000000000000000e+03 1.427787999999999835e-01
3.915000000000000000e+03 1.115143999999999858e-01
3.910000000000000000e+03 8.599719999999999587e-02
3.905000000000000000e+03 6.704000000000000237e-02
3.900000000000000000e+03 5.306479999999999531e-02
3.895000000000000000e+03 4.276220000000000021e-02
3.890000000000000000e+03 3.495039999999999952e-02
3.885000000000000000e+03 2.935900000000000315e-02
3.880000000000000000e+03 2.486290000000000028e-02
3.875000000000000000e+03 2.161210000000000214e-02
3.870000000000000000e+03 1.862579999999999791e-02
3.865000000000000000e+03 1.643640000000000032e-02
3.860000000000000000e+03 1.462429999999999980e-02
3.855000000000000000e+03 1.271349999999999911e-02
3.850000000000000000e+03 1.103349999999999990e-02
3.845000000000000000e+03 9.734299999999999550e-03
3.840000000000000000e+03 8.215500000000000580e-03
3.835000000000000000e+03 7.034099999999999728e-03
3.830000000000000000e+03 5.973599999999999917e-03
3.825000000000000000e+03 5.000799999999999690e-03
3.820000000000000000e+03 4.232900000000000378e-03
3.815000000000000000e+03 3.580900000000000142e-03
3.810000000000000000e+03 3.031199999999999953e-03
3.805000000000000000e+03 2.556800000000000132e-03
3.800000000000000000e+03 2.145100000000000045e-03
3.795000000000000000e+03 2.085399999999999841e-03
3.790000000000000000e+03 1.753000000000000218e-03
3.785000000000000000e+03 1.773700000000000016e-03
3.780000000000000000e+03 1.616100000000000089e-03
3.775000000000000000e+03 1.414999999999999808e-03
3.770000000000000000e+03 1.413799999999999996e-03
3.765000000000000000e+03 1.474900000000000126e-03
3.760000000000000000e+03 1.313300000000000101e-03
3.755000000000000000e+03 1.262600000000000007e-03
3.750000000000000000e+03 1.346199999999999871e-03
3.745000000000000000e+03 1.432600000000000019e-03
3.740000000000000000e+03 1.301400000000000083e-03
3.735000000000000000e+03 1.196800000000000034e-03
3.730000000000000000e+03 1.364599999999999884e-03
3.725000000000000000e+03 1.510499999999999907e-03
3.720000000000000000e+03 1.255199999999999936e-03
3.715000000000000000e+03 1.330099999999999859e-03
3.710000000000000000e+03 1.356199999999999897e-03
3.705000000000000000e+03 1.260000000000000052e-03
3.700000000000000000e+03 1.536999999999999955e-03
3.695000000000000000e+03 1.437099999999999966e-03
3.690000000000000000e+03 1.368800000000000095e-03
3.685000000000000000e+03 1.293899999999999955e-03
3.680000000000000000e+03 1.603599999999999947e-03
3.675000000000000000e+03 1.766900000000000068e-03
3.670000000000000000e+03 1.634699999999999999e-03
3.665000000000000000e+03 1.741699999999999889e-03
3.660000000000000000e+03 2.075399999999999814e-03
3.655000000000000000e+03 2.408500000000000051e-03
3.650000000000000000e+03 2.921000000000000419e-03
3.645000000000000000e+03 3.937999999999999660e-03
3.640000000000000000e+03 4.786699999999999636e-03
3.635000000000000000e+03 6.027099999999999645e-03
3.630000000000000000e+03 6.708200000000000100e-03
3.625000000000000000e+03 7.342399999999999795e-03
3.620000000000000000e+03 7.019700000000000245e-03
3.615000000000000000e+03 6.256199999999999956e-03
3.610000000000000000e+03 5.609100000000000544e-03
3.605000000000000000e+03 4.670200000000000219e-03
3.600000000000000000e+03 3.756900000000000083e-03
3.595000000000000000e+03 1.648600000000000065e-03
3.590000000000000000e+03 1.559800000000000075e-03
3.585000000000000000e+03 1.208000000000000089e-03
3.580000000000000000e+03 1.473200000000000030e-03
3.575000000000000000e+03 1.271900000000000070e-03
3.570000000000000000e+03 1.307000000000000002e-03
3.565000000000000000e+03 1.970299999999999916e-03
3.560000000000000000e+03 2.246600000000000073e-03
3.555000000000000000e+03 2.612600000000000078e-03
3.550000000000000000e+03 3.101400000000000250e-03
3.545000000000000000e+03 4.098000000000000080e-03
3.540000000000000000e+03 4.029599999999999502e-03
3.535000000000000000e+03 4.279100000000000091e-03
3.530000000000000000e+03 3.986100000000000233e-03
3.525000000000000000e+03 4.048399999999999742e-03
3.520000000000000000e+03 3.494800000000000163e-03
3.515000000000000000e+03 3.254600000000000288e-03
3.510000000000000000e+03 2.807599999999999939e-03
3.505000000000000000e+03 2.735199999999999698e-03
3.500000000000000000e+03 2.986700000000000119e-03
3.495000000000000000e+03 2.772700000000000338e-03
3.490000000000000000e+03 3.852099999999999795e-03
3.485000000000000000e+03 3.926799999999999388e-03
3.480000000000000000e+03 4.610799999999999968e-03
3.475000000000000000e+03 5.094600000000000344e-03
3.470000000000000000e+03 5.138000000000000206e-03
3.465000000000000000e+03 5.450100000000000257e-03
3.460000000000000000e+03 4.782100000000000066e-03
3.455000000000000000e+03 3.550400000000000431e-03
3.450000000000000000e+03 2.940200000000000018e-03
3.445000000000000000e+03 3.194000000000000224e-03
3.440000000000000000e+03 1.897399999999999825e-03
3.435000000000000000e+03 1.908400000000000200e-03
3.430000000000000000e+03 1.322700000000000004e-03
3.425000000000000000e+03 1.364599999999999884e-03
3.420000000000000000e+03 1.343100000000000066e-03
3.415000000000000000e+03 2.111599999999999935e-03
3.410000000000000000e+03 2.543899999999999981e-03
3.405000000000000000e+03 3.200700000000000333e-03
3.400000000000000000e+03 3.983400000000000656e-03
3.395000000000000000e+03 5.753899999999999293e-03
3.390000000000000000e+03 5.802699999999999178e-03
3.385000000000000000e+03 8.012200000000000571e-03
3.380000000000000000e+03 4.101699999999999791e-03
3.375000000000000000e+03 5.308500000000000718e-03
3.370000000000000000e+03 3.585200000000000192e-03
3.365000000000000000e+03 3.476499999999999990e-03
3.360000000000000000e+03 4.115399999999999961e-03
3.355000000000000000e+03 3.438099999999999924e-03
3.350000000000000000e+03 1.915499999999999885e-03
3.345000000000000000e+03 1.839399999999999933e-03
3.340000000000000000e+03 2.650800000000000031e-03
3.335000000000000000e+03 1.609299999999999923e-03
3.330000000000000000e+03 5.088500000000000141e-03
3.325000000000000000e+03 2.219599999999999958e-03
3.320000000000000000e+03 3.957600000000000354e-03
3.315000000000000000e+03 3.342300000000000305e-03
3.310000000000000000e+03 3.128699999999999884e-03
3.305000000000000000e+03 5.744099999999999380e-03
3.300000000000000000e+03 6.112999999999999511e-03
3.295000000000000000e+03 3.690800000000000157e-03
3.290000000000000000e+03 2.720300000000000148e-03
3.285000000000000000e+03 4.999400000000000198e-03
3.280000000000000000e+03 4.413300000000000209e-03
3.275000000000000000e+03 2.777100000000000228e-03
3.270000000000000000e+03 3.503999999999999736e-03
3.265000000000000000e+03 2.329499999999999973e-03
3.260000000000000000e+03 3.201800000000000306e-03
3.255000000000000000e+03 4.163700000000000213e-03
3.250000000000000000e+03 4.238299999999999533e-03
3.245000000000000000e+03 5.305100000000000093e-03
3.240000000000000000e+03 5.489800000000000409e-03
3.235000000000000000e+03 4.617699999999999756e-03
3.230000000000000000e+03 5.304399999999999914e-03
3.225000000000000000e+03 3.975600000000000141e-03
3.220000000000000000e+03 4.370999999999999885e-03
3.215000000000000000e+03 3.704499999999999894e-03
3.210000000000000000e+03 2.273900000000000140e-03
3.205000000000000000e+03 4.186300000000000437e-03
3.200000000000000000e+03 3.150200000000000135e-03
3.195000000000000000e+03 1.869400000000000011e-03
3.190000000000000000e+03 5.544599999999999355e-03
3.185000000000000000e+03 5.078000000000000048e-03
3.180000000000000000e+03 6.175699999999999246e-03
3.175000000000000000e+03 6.836999999999999328e-03
3.170000000000000000e+03 7.557700000000000529e-03
3.165000000000000000e+03 6.275100000000000469e-03
3.160000000000000000e+03 4.989399999999999738e-03
3.155000000000000000e+03 5.995200000000000876e-03
3.150000000000000000e+03 6.167999999999999872e-03
3.145000000000000000e+03 4.940299999999999900e-03
3.140000000000000000e+03 5.485600000000000198e-03
3.135000000000000000e+03 5.857400000000000453e-03
3.130000000000000000e+03 5.613299999999999887e-03
3.125000000000000000e+03 4.101099999999999884e-03
3.120000000000000000e+03 3.140899999999999855e-03
3.115000000000000000e+03 5.763500000000000394e-03
3.110000000000000000e+03 6.501400000000000928e-03
3.105000000000000000e+03 3.341100000000000059e-03
3.100000000000000000e+03 4.472699999999999593e-03
3.095000000000000000e+03 5.909100000000000463e-03
3.090000000000000000e+03 4.424299999999999934e-03
3.085000000000000000e+03 3.684499999999999841e-03
3.080000000000000000e+03 4.110199999999999618e-03
3.075000000000000000e+03 5.004999999999999033e-03
3.070000000000000000e+03 5.640199999999999728e-03
3.065000000000000000e+03 6.702399999999999851e-03
3.060000000000000000e+03 4.364400000000000050e-03
3.055000000000000000e+03 5.941499999999999733e-03
3.050000000000000000e+03 7.940400000000000236e-03
3.045000000000000000e+03 7.810200000000000649e-03
3.040000000000000000e+03 9.457000000000000128e-03
3.035000000000000000e+03 9.110500000000000542e-03
3.030000000000000000e+03 1.422720000000000061e-02
3.025000000000000000e+03 1.585330000000000072e-02
3.020000000000000000e+03 1.633249999999999980e-02
3.015000000000000000e+03 2.075489999999999974e-02
3.010000000000000000e+03 3.117879999999999957e-02
3.005000000000000000e+03 4.039290000000000241e-02
3.000000000000000000e+03 4.973140000000000199e-02
