1.100000000000000000e+04 1.979950000000000113e-02
1.099500000000000000e+04 2.006679999999999922e-02
1.099000000000000000e+04 2.002040000000000070e-02
1.098500000000000000e+04 2.034769999999999981e-02
1.098000000000000000e+04 2.024239999999999720e-02
1.097500000000000000e+04 2.051680000000000170e-02
1.097000000000000000e+04 2.059890000000000332e-02
1.096500000000000000e+04 2.093109999999999762e-02
1.096000000000000000e+04 2.106129999999999808e-02
1.095500000000000000e+04 2.114090000000000066e-02
1.095000000000000000e+04 2.134749999999999842e-02
1.094500000000000000e+04 2.119200000000000250e-02
1.094000000000000000e+04 2.115359999999999810e-02
1.093500000000000000e+04 2.114050000000000304e-02
1.093000000000000000e+04 2.148029999999999731e-02
1.092500000000000000e+04 2.100350000000000134e-02
1.092000000000000000e+04 2.106059999999999877e-02
1.091500000000000000e+04 2.113830000000000223e-02
1.091000000000000000e+04 2.125230000000000175e-02
1.090500000000000000e+04 2.061770000000000269e-02
1.090000000000000000e+04 2.046670000000000086e-02
1.089500000000000000e+04 2.070469999999999949e-02
1.089000000000000000e+04 2.024039999999999867e-02
1.088500000000000000e+04 1.988439999999999999e-02
1.088000000000000000e+04 1.946269999999999945e-02
1.087500000000000000e+04 1.939410000000000092e-02
1.087000000000000000e+04 1.900949999999999862e-02
1.086500000000000000e+04 1.886360000000000120e-02
1.086000000000000000e+04 1.861430000000000029e-02
1.085500000000000000e+04 1.805790000000000173e-02
1.085000000000000000e+04 1.742959999999999995e-02
1.084500000000000000e+04 1.704539999999999875e-02
1.084000000000000000e+04 1.697009999999999838e-02
1.083500000000000000e+04 1.641909999999999897e-02
1.083000000000000000e+04 1.609609999999999860e-02
1.082500000000000000e+04 1.564540000000000028e-02
1.082000000000000000e+04 1.503220000000000077e-02
1.081500000000000000e+04 1.467840000000000117e-02
1.081000000000000000e+04 1.443929999999999866e-02
1.080500000000000000e+04 1.392330000000000130e-02
1.080000000000000000e+04 1.366350000000000030e-02
1.079500000000000000e+04 1.367310000000000053e-02
1.079000000000000000e+04 1.298580000000000047e-02
1.078500000000000000e+04 1.273479999999999925e-02
1.078000000000000000e+04 1.256510000000000092e-02
1.077500000000000000e+04 1.213959999999999866e-02
1.077000000000000000e+04 1.180220000000000054e-02
1.076500000000000000e+04 1.195569999999999966e-02
1.076000000000000000e+04 1.157649999999999998e-02
1.075500000000000000e+04 1.170770000000000144e-02
1.075000000000000000e+04 1.161470000000000037e-02
1.074500000000000000e+04 1.185340000000000005e-02
1.074000000000000000e+04 1.140609999999999888e-02
1.073500000000000000e+04 1.169830000000000002e-02
1.073000000000000000e+04 1.167340000000000044e-02
1.072500000000000000e+04 1.178249999999999957e-02
1.072000000000000000e+04 1.218050000000000035e-02
1.071500000000000000e+04 1.207349999999999916e-02
1.071000000000000000e+04 1.218560000000000129e-02
1.070500000000000000e+04 1.270080000000000167e-02
1.070000000000000000e+04 1.288720000000000143e-02
1.069500000000000000e+04 1.318420000000000009e-02
1.069000000000000000e+04 1.384559999999999957e-02
1.068500000000000000e+04 1.378870000000000096e-02
1.068000000000000000e+04 1.418060000000000154e-02
1.067500000000000000e+04 1.418860000000000086e-02
1.067000000000000000e+04 1.471370000000000143e-02
1.066500000000000000e+04 1.532209999999999996e-02
1.066000000000000000e+04 1.563050000000000203e-02
1.065500000000000000e+04 1.583949999999999941e-02
1.065000000000000000e+04 1.576079999999999842e-02
1.064500000000000000e+04 1.634659999999999933e-02
1.064000000000000000e+04 1.643080000000000235e-02
1.063500000000000000e+04 1.679370000000000168e-02
1.063000000000000000e+04 1.707770000000000121e-02
1.062500000000000000e+04 1.717880000000000101e-02
1.062000000000000000e+04 1.746409999999999976e-02
1.061500000000000000e+04 1.736920000000000130e-02
1.061000000000000000e+04 1.749179999999999832e-02
1.060500000000000000e+04 1.781620000000000079e-02
1.060000000000000000e+04 1.751509999999999873e-02
1.059500000000000000e+04 1.757799999999999987e-02
1.059000000000000000e+04 1.760340000000000169e-02
1.058500000000000000e+04 1.726919999999999844e-02
1.058000000000000000e+04 1.720949999999999910e-02
1.057500000000000000e+04 1.703059999999999991e-02
1.057000000000000000e+04 1.679809999999999984e-02
1.056500000000000000e+04 1.644370000000000206e-02
1.056000000000000000e+04 1.629899999999999752e-02
1.055500000000000000e+04 1.609900000000000220e-02
1.055000000000000000e+04 1.584330000000000113e-02
1.054500000000000000e+04 1.542579999999999993e-02
1.054000000000000000e+04 1.481870000000000062e-02
1.053500000000000000e+04 1.469209999999999960e-02
1.053000000000000000e+04 1.438560000000000012e-02
1.052500000000000000e+04 1.384600000000000067e-02
1.052000000000000000e+04 1.325199999999999989e-02
1.051500000000000000e+04 1.279949999999999838e-02
1.051000000000000000e+04 1.272240000000000003e-02
1.050500000000000000e+04 1.227780000000000017e-02
1.050000000000000000e+04 1.152479999999999997e-02
1.049500000000000000e+04 1.150840000000000023e-02
1.049000000000000000e+04 1.134250000000000015e-02
1.048500000000000000e+04 1.058310000000000153e-02
1.048000000000000000e+04 1.036270000000000073e-02
1.047500000000000000e+04 9.874300000000000785e-03
1.047000000000000000e+04 9.842000000000000054e-03
1.046500000000000000e+04 9.684199999999998712e-03
1.046000000000000000e+04 9.312300000000000785e-03
1.045500000000000000e+04 9.370500000000000357e-03
1.045000000000000000e+04 9.164300000000000224e-03
1.044500000000000000e+04 9.277999999999999789e-03
1.044000000000000000e+04 9.130300000000000915e-03
1.043500000000000000e+04 9.152500000000000913e-03
1.043000000000000000e+04 9.577399999999999802e-03
1.042500000000000000e+04 9.416000000000000758e-03
1.042000000000000000e+04 9.684599999999999806e-03
1.041500000000000000e+04 9.942600000000001090e-03
1.041000000000000000e+04 1.022899999999999851e-02
1.040500000000000000e+04 1.027819999999999949e-02
1.040000000000000000e+04 1.038040000000000143e-02
1.039500000000000000e+04 1.104349999999999950e-02
1.039000000000000000e+04 1.123479999999999965e-02
1.038500000000000000e+04 1.181529999999999907e-02
1.038000000000000000e+04 1.207360000000000030e-02
1.037500000000000000e+04 1.254710000000000027e-02
1.037000000000000000e+04 1.284249999999999975e-02
1.036500000000000000e+04 1.354089999999999981e-02
1.036000000000000000e+04 1.343939999999999892e-02
1.035500000000000000e+04 1.429009999999999829e-02
1.035000000000000000e+04 1.425270000000000009e-02
1.034500000000000000e+04 1.498340000000000088e-02
1.034000000000000000e+04 1.496410000000000101e-02
1.033500000000000000e+04 1.528990000000000037e-02
1.033000000000000000e+04 1.574100000000000152e-02
1.032500000000000000e+04 1.593360000000000262e-02
1.032000000000000000e+04 1.601450000000000096e-02
1.031500000000000000e+04 1.626119999999999996e-02
1.031000000000000000e+04 1.644030000000000144e-02
1.030500000000000000e+04 1.672620000000000010e-02
1.030000000000000000e+04 1.679200000000000137e-02
1.029500000000000000e+04 1.657269999999999924e-02
1.029000000000000000e+04 1.654579999999999940e-02
1.028500000000000000e+04 1.644009999999999916e-02
1.028000000000000000e+04 1.662929999999999964e-02
1.027500000000000000e+04 1.614269999999999941e-02
1.027000000000000000e+04 1.597250000000000059e-02
1.026500000000000000e+04 1.575849999999999820e-02
1.026000000000000000e+04 1.553999999999999999e-02
1.025500000000000000e+04 1.551179999999999920e-02
1.025000000000000000e+04 1.496799999999999867e-02
1.024500000000000000e+04 1.479830000000000034e-02
1.024000000000000000e+04 1.418280000000000061e-02
1.023500000000000000e+04 1.424369999999999976e-02
1.023000000000000000e+04 1.374500000000000027e-02
1.022500000000000000e+04 1.346279999999999873e-02
1.022000000000000000e+04 1.284159999999999989e-02
1.021500000000000000e+04 1.247400000000000071e-02
1.021000000000000000e+04 1.216270000000000025e-02
1.020500000000000000e+04 1.183200000000000050e-02
1.020000000000000000e+04 1.146200000000000170e-02
1.019500000000000000e+04 1.094600000000000087e-02
1.019000000000000000e+04 1.062610000000000117e-02
1.018500000000000000e+04 1.034510000000000117e-02
1.018000000000000000e+04 1.001690000000000046e-02
1.017500000000000000e+04 9.824899999999999259e-03
1.017000000000000000e+04 9.392100000000000448e-03
1.016500000000000000e+04 9.411799999999999680e-03
1.016000000000000000e+04 9.494000000000000702e-03
1.015500000000000000e+04 9.452600000000000238e-03
1.015000000000000000e+04 9.266999999999999196e-03
1.014500000000000000e+04 8.975099999999999745e-03
1.014000000000000000e+04 8.869999999999999413e-03
1.013500000000000000e+04 9.168199999999999614e-03
1.013000000000000000e+04 9.198899999999999438e-03
1.012500000000000000e+04 9.478300000000000267e-03
1.012000000000000000e+04 9.482799999999999563e-03
1.011500000000000000e+04 9.769299999999999859e-03
1.011000000000000000e+04 9.899999999999999079e-03
1.010500000000000000e+04 9.814599999999999713e-03
1.010000000000000000e+04 1.020899999999999933e-02
1.009500000000000000e+04 1.050159999999999982e-02
1.009000000000000000e+04 1.074759999999999951e-02
1.008500000000000000e+04 1.111369999999999893e-02
1.008000000000000000e+04 1.130200000000000128e-02
1.007500000000000000e+04 1.179529999999999988e-02
1.007000000000000000e+04 1.197469999999999958e-02
1.006500000000000000e+04 1.244070000000000072e-02
1.006000000000000000e+04 1.251619999999999990e-02
1.005500000000000000e+04 1.296089999999999916e-02
1.005000000000000000e+04 1.312089999999999958e-02
1.004500000000000000e+04 1.319260000000000051e-02
1.004000000000000000e+04 1.353509999999999956e-02
1.003500000000000000e+04 1.348420000000000001e-02
1.003000000000000000e+04 1.390970000000000054e-02
1.002500000000000000e+04 1.412350000000000064e-02
1.002000000000000000e+04 1.397709999999999925e-02
1.001500000000000000e+04 1.432700000000000119e-02
1.001000000000000000e+04 1.450509999999999994e-02
1.000500000000000000e+04 1.437680000000000034e-02
1.000000000000000000e+04 1.386349999999999909e-02
9.995000000000000000e+03 1.445079999999999976e-02
9.990000000000000000e+03 1.430239999999999984e-02
9.985000000000000000e+03 1.399960000000000093e-02
9.980000000000000000e+03 1.410140000000000005e-02
9.975000000000000000e+03 1.407119999999999899e-02
9.970000000000000000e+03 1.368780000000000170e-02
9.965000000000000000e+03 1.370039999999999973e-02
9.960000000000000000e+03 1.341010000000000119e-02
9.955000000000000000e+03 1.334940000000000085e-02
9.950000000000000000e+03 1.279300000000000055e-02
9.945000000000000000e+03 1.313579999999999956e-02
9.940000000000000000e+03 1.276970000000000015e-02
9.935000000000000000e+03 1.264219999999999927e-02
9.930000000000000000e+03 1.238110000000000079e-02
9.925000000000000000e+03 1.224369999999999972e-02
9.920000000000000000e+03 1.236380000000000118e-02
9.915000000000000000e+03 1.199599999999999972e-02
9.910000000000000000e+03 1.182210000000000032e-02
9.905000000000000000e+03 1.164639999999999946e-02
9.900000000000000000e+03 1.145170000000000042e-02
9.895000000000000000e+03 1.099399999999999857e-02
9.890000000000000000e+03 1.095439999999999955e-02
9.885000000000000000e+03 1.134450000000000042e-02
9.880000000000000000e+03 1.111329999999999957e-02
9.875000000000000000e+03 1.102030000000000023e-02
9.870000000000000000e+03 1.076030000000000042e-02
9.865000000000000000e+03 1.086249999999999889e-02
9.860000000000000000e+03 1.110060000000000040e-02
9.855000000000000000e+03 1.069669999999999822e-02
9.850000000000000000e+03 1.084510000000000161e-02
9.845000000000000000e+03 1.099639999999999992e-02
9.840000000000000000e+03 1.099059999999999968e-02
9.835000000000000000e+03 1.106530000000000014e-02
9.830000000000000000e+03 1.103649999999999944e-02
9.825000000000000000e+03 1.096230000000000121e-02
9.820000000000000000e+03 1.093869999999999912e-02
9.815000000000000000e+03 1.094020000000000062e-02
9.810000000000000000e+03 1.107409999999999992e-02
9.805000000000000000e+03 1.101490000000000108e-02
9.800000000000000000e+03 1.082850000000000132e-02
9.795000000000000000e+03 1.108810000000000004e-02
9.790000000000000000e+03 1.100360000000000053e-02
9.785000000000000000e+03 1.103709999999999934e-02
9.780000000000000000e+03 1.101089999999999881e-02
9.775000000000000000e+03 1.107019999999999879e-02
9.770000000000000000e+03 1.080829999999999985e-02
9.765000000000000000e+03 1.078989999999999810e-02
9.760000000000000000e+03 1.083439999999999924e-02
9.755000000000000000e+03 1.093309999999999942e-02
9.750000000000000000e+03 1.070950000000000027e-02
9.745000000000000000e+03 1.088349999999999908e-02
9.740000000000000000e+03 1.068840000000000068e-02
9.735000000000000000e+03 1.080039999999999820e-02
9.730000000000000000e+03 1.068019999999999907e-02
9.725000000000000000e+03 1.097460000000000102e-02
9.720000000000000000e+03 1.114409999999999880e-02
9.715000000000000000e+03 1.113350000000000103e-02
9.710000000000000000e+03 1.084759999999999891e-02
9.705000000000000000e+03 1.114700000000000066e-02
9.700000000000000000e+03 1.113050000000000150e-02
9.695000000000000000e+03 1.154140000000000027e-02
9.690000000000000000e+03 1.157559999999999839e-02
9.685000000000000000e+03 1.153389999999999971e-02
9.680000000000000000e+03 1.246969999999999849e-02
9.675000000000000000e+03 1.241810000000000136e-02
9.670000000000000000e+03 1.249220000000000018e-02
9.665000000000000000e+03 1.318189999999999987e-02
9.660000000000000000e+03 1.339669999999999923e-02
9.655000000000000000e+03 1.390370000000000147e-02
9.650000000000000000e+03 1.416239999999999860e-02
9.645000000000000000e+03 1.456029999999999998e-02
9.640000000000000000e+03 1.503689999999999888e-02
9.635000000000000000e+03 1.542259999999999985e-02
9.630000000000000000e+03 1.564880000000000090e-02
9.625000000000000000e+03 1.591560000000000197e-02
9.620000000000000000e+03 1.661100000000000076e-02
9.615000000000000000e+03 1.663720000000000129e-02
9.610000000000000000e+03 1.755679999999999741e-02
9.605000000000000000e+03 1.741200000000000039e-02
9.600000000000000000e+03 1.784310000000000063e-02
9.595000000000000000e+03 1.788779999999999884e-02
9.590000000000000000e+03 1.821750000000000105e-02
9.585000000000000000e+03 1.811919999999999850e-02
9.580000000000000000e+03 1.818499999999999978e-02
9.575000000000000000e+03 1.816919999999999993e-02
9.570000000000000000e+03 1.808740000000000001e-02
9.565000000000000000e+03 1.791879999999999862e-02
9.560000000000000000e+03 1.761859999999999815e-02
9.555000000000000000e+03 1.755359999999999907e-02
9.550000000000000000e+03 1.708749999999999852e-02
9.545000000000000000e+03 1.676479999999999984e-02
9.540000000000000000e+03 1.623480000000000062e-02
9.535000000000000000e+03 1.597909999999999955e-02
9.530000000000000000e+03 1.561749999999999944e-02
9.525000000000000000e+03 1.457240000000000098e-02
9.520000000000000000e+03 1.392350000000000011e-02
9.515000000000000000e+03 1.375089999999999993e-02
9.510000000000000000e+03 1.307179999999999974e-02
9.505000000000000000e+03 1.241289999999999928e-02
9.500000000000000000e+03 1.141450000000000103e-02
9.495000000000000000e+03 1.101469999999999880e-02
9.490000000000000000e+03 1.033339999999999953e-02
9.485000000000000000e+03 9.860100000000000114e-03
9.480000000000000000e+03 9.569299999999999334e-03
9.475000000000000000e+03 8.904600000000000362e-03
9.470000000000000000e+03 8.500999999999999876e-03
9.465000000000000000e+03 8.384700000000000139e-03
9.460000000000000000e+03 7.967899999999999983e-03
9.455000000000000000e+03 8.064400000000001081e-03
9.450000000000000000e+03 8.125399999999999637e-03
9.445000000000000000e+03 8.175299999999999928e-03
9.440000000000000000e+03 8.445299999999999335e-03
9.435000000000000000e+03 8.396000000000000685e-03
9.430000000000000000e+03 9.146599999999999522e-03
9.425000000000000000e+03 9.800100000000000824e-03
9.420000000000000000e+03 1.021709999999999979e-02
9.415000000000000000e+03 1.088940000000000047e-02
9.410000000000000000e+03 1.183110000000000064e-02
9.405000000000000000e+03 1.284759999999999895e-02
9.400000000000000000e+03 1.371089999999999982e-02
9.395000000000000000e+03 1.468939999999999829e-02
9.390000000000000000e+03 1.582640000000000088e-02
9.385000000000000000e+03 1.671800000000000022e-02
9.380000000000000000e+03 1.829800000000000176e-02
9.375000000000000000e+03 1.902120000000000200e-02
9.370000000000000000e+03 2.041480000000000031e-02
9.365000000000000000e+03 2.161609999999999920e-02
9.360000000000000000e+03 2.234370000000000106e-02
9.355000000000000000e+03 2.318929999999999950e-02
9.350000000000000000e+03 2.439929999999999877e-02
9.345000000000000000e+03 2.514030000000000084e-02
9.340000000000000000e+03 2.597750000000000059e-02
9.335000000000000000e+03 2.668389999999999998e-02
9.330000000000000000e+03 2.673330000000000151e-02
9.325000000000000000e+03 2.730430000000000010e-02
9.320000000000000000e+03 2.748429999999999970e-02
9.315000000000000000e+03 2.747370000000000020e-02
9.310000000000000000e+03 2.769820000000000268e-02
9.305000000000000000e+03 2.762950000000000128e-02
9.300000000000000000e+03 2.745950000000000127e-02
9.295000000000000000e+03 2.695300000000000126e-02
9.290000000000000000e+03 2.631940000000000321e-02
9.285000000000000000e+03 2.574609999999999746e-02
9.280000000000000000e+03 2.494600000000000289e-02
9.275000000000000000e+03 2.416240000000000054e-02
9.270000000000000000e+03 2.307889999999999942e-02
9.265000000000000000e+03 2.260229999999999878e-02
9.260000000000000000e+03 2.146440000000000153e-02
9.255000000000000000e+03 2.016869999999999774e-02
9.250000000000000000e+03 1.889290000000000067e-02
9.245000000000000000e+03 1.800540000000000126e-02
9.240000000000000000e+03 1.660939999999999986e-02
9.235000000000000000e+03 1.560630000000000003e-02
9.230000000000000000e+03 1.461410000000000139e-02
9.225000000000000000e+03 1.365720000000000128e-02
9.220000000000000000e+03 1.237309999999999972e-02
9.215000000000000000e+03 1.177669999999999932e-02
9.210000000000000000e+03 1.106239999999999828e-02
9.205000000000000000e+03 1.031199999999999825e-02
9.200000000000000000e+03 9.771399999999999531e-03
9.195000000000000000e+03 9.296399999999999803e-03
9.190000000000000000e+03 9.078300000000000952e-03
9.185000000000000000e+03 9.261500000000000635e-03
9.180000000000000000e+03 9.041699999999999737e-03
9.175000000000000000e+03 9.110700000000001089e-03
9.170000000000000000e+03 9.429100000000001022e-03
9.165000000000000000e+03 9.867499999999999535e-03
9.160000000000000000e+03 1.020100000000000000e-02
9.155000000000000000e+03 1.117180000000000083e-02
9.150000000000000000e+03 1.127669999999999888e-02
9.145000000000000000e+03 1.226329999999999955e-02
9.140000000000000000e+03 1.287890000000000042e-02
9.135000000000000000e+03 1.405520000000000033e-02
9.130000000000000000e+03 1.454599999999999817e-02
9.125000000000000000e+03 1.546059999999999969e-02
9.120000000000000000e+03 1.633949999999999986e-02
9.115000000000000000e+03 1.705529999999999893e-02
9.110000000000000000e+03 1.780110000000000026e-02
9.105000000000000000e+03 1.836219999999999866e-02
9.100000000000000000e+03 1.887310000000000029e-02
9.095000000000000000e+03 1.889290000000000067e-02
9.090000000000000000e+03 1.949520000000000072e-02
9.085000000000000000e+03 1.998079999999999995e-02
9.080000000000000000e+03 1.980229999999999838e-02
9.075000000000000000e+03 1.948130000000000001e-02
9.070000000000000000e+03 1.962200000000000055e-02
9.065000000000000000e+03 1.915369999999999920e-02
9.060000000000000000e+03 1.927469999999999878e-02
9.055000000000000000e+03 1.903939999999999799e-02
9.050000000000000000e+03 1.787189999999999959e-02
9.045000000000000000e+03 1.759239999999999762e-02
9.040000000000000000e+03 1.673750000000000238e-02
9.035000000000000000e+03 1.647690000000000266e-02
9.030000000000000000e+03 1.542609999999999988e-02
9.025000000000000000e+03 1.473189999999999916e-02
9.020000000000000000e+03 1.423349999999999962e-02
9.015000000000000000e+03 1.323839999999999913e-02
9.010000000000000000e+03 1.248650000000000107e-02
9.005000000000000000e+03 1.177160000000000012e-02
9.000000000000000000e+03 1.128009999999999950e-02
8.995000000000000000e+03 1.094649999999999963e-02
8.990000000000000000e+03 1.053069999999999874e-02
8.985000000000000000e+03 9.959700000000000150e-03
8.980000000000000000e+03 9.655000000000000387e-03
8.975000000000000000e+03 9.426900000000000210e-03
8.970000000000000000e+03 1.003509999999999819e-02
8.965000000000000000e+03 9.311599999999999738e-03
8.960000000000000000e+03 9.795199999999998700e-03
8.955000000000000000e+03 9.511199999999999169e-03
8.950000000000000000e+03 1.026129999999999924e-02
8.945000000000000000e+03 1.016919999999999977e-02
8.940000000000000000e+03 1.071989999999999922e-02
8.935000000000000000e+03 1.103140000000000023e-02
8.930000000000000000e+03 1.148120000000000043e-02
8.925000000000000000e+03 1.213170000000000047e-02
8.920000000000000000e+03 1.257270000000000089e-02
8.915000000000000000e+03 1.292319999999999927e-02
8.910000000000000000e+03 1.349949999999999935e-02
8.905000000000000000e+03 1.355660000000000025e-02
8.900000000000000000e+03 1.385739999999999889e-02
8.895000000000000000e+03 1.452649999999999948e-02
8.890000000000000000e+03 1.453619999999999912e-02
8.885000000000000000e+03 1.464350000000000027e-02
8.880000000000000000e+03 1.464619999999999984e-02
8.875000000000000000e+03 1.450930000000000102e-02
8.870000000000000000e+03 1.456280000000000074e-02
8.865000000000000000e+03 1.496980000000000012e-02
8.860000000000000000e+03 1.430390000000000134e-02
8.855000000000000000e+03 1.432430000000000161e-02
8.850000000000000000e+03 1.403380000000000079e-02
8.845000000000000000e+03 1.438779999999999920e-02
8.840000000000000000e+03 1.300380000000000112e-02
8.835000000000000000e+03 1.332100000000000124e-02
8.830000000000000000e+03 1.327240000000000017e-02
8.825000000000000000e+03 1.305770000000000021e-02
8.820000000000000000e+03 1.262350000000000104e-02
8.815000000000000000e+03 1.203480000000000175e-02
8.810000000000000000e+03 1.221549999999999893e-02
8.805000000000000000e+03 1.260550000000000039e-02
8.800000000000000000e+03 1.277360000000000127e-02
8.795000000000000000e+03 1.319790000000000026e-02
8.790000000000000000e+03 1.362139999999999879e-02
8.785000000000000000e+03 1.399850000000000053e-02
8.780000000000000000e+03 1.441100000000000020e-02
8.775000000000000000e+03 1.535339999999999969e-02
8.770000000000000000e+03 1.652379999999999821e-02
8.765000000000000000e+03 1.710700000000000068e-02
8.760000000000000000e+03 1.821359999999999993e-02
8.755000000000000000e+03 1.966849999999999848e-02
8.750000000000000000e+03 2.018069999999999933e-02
8.745000000000000000e+03 2.080390000000000017e-02
8.740000000000000000e+03 2.265769999999999937e-02
8.735000000000000000e+03 2.320739999999999956e-02
8.730000000000000000e+03 2.423779999999999685e-02
8.725000000000000000e+03 2.522069999999999868e-02
8.720000000000000000e+03 2.607359999999999886e-02
8.715000000000000000e+03 2.691619999999999777e-02
8.710000000000000000e+03 2.758419999999999969e-02
8.705000000000000000e+03 2.747380000000000308e-02
8.700000000000000000e+03 2.795030000000000084e-02
8.695000000000000000e+03 2.819080000000000197e-02
8.690000000000000000e+03 2.813509999999999969e-02
8.685000000000000000e+03 2.743650000000000255e-02
8.680000000000000000e+03 2.709210000000000090e-02
8.675000000000000000e+03 2.659419999999999840e-02
8.670000000000000000e+03 2.579769999999999980e-02
8.665000000000000000e+03 2.463049999999999962e-02
8.660000000000000000e+03 2.399719999999999978e-02
8.655000000000000000e+03 2.255780000000000285e-02
8.650000000000000000e+03 2.140459999999999932e-02
8.645000000000000000e+03 2.073080000000000062e-02
8.640000000000000000e+03 1.952210000000000056e-02
8.635000000000000000e+03 1.798109999999999986e-02
8.630000000000000000e+03 1.714250000000000149e-02
8.625000000000000000e+03 1.609539999999999929e-02
8.620000000000000000e+03 1.479309999999999826e-02
8.615000000000000000e+03 1.434209999999999999e-02
8.610000000000000000e+03 1.273969999999999964e-02
8.605000000000000000e+03 1.172469999999999936e-02
8.600000000000000000e+03 1.246339999999999948e-02
8.595000000000000000e+03 1.134390000000000051e-02
8.590000000000000000e+03 1.054330000000000024e-02
8.585000000000000000e+03 1.069490000000000024e-02
8.580000000000000000e+03 1.074630000000000030e-02
8.575000000000000000e+03 1.034880000000000001e-02
8.570000000000000000e+03 1.049480000000000031e-02
8.565000000000000000e+03 1.064929999999999870e-02
8.560000000000000000e+03 1.124619999999999960e-02
8.555000000000000000e+03 1.179349999999999843e-02
8.550000000000000000e+03 1.260659999999999906e-02
8.545000000000000000e+03 1.279929999999999957e-02
8.540000000000000000e+03 1.378389999999999997e-02
8.535000000000000000e+03 1.463129999999999986e-02
8.530000000000000000e+03 1.612759999999999888e-02
8.525000000000000000e+03 1.726209999999999897e-02
8.520000000000000000e+03 1.841109999999999969e-02
8.515000000000000000e+03 1.964240000000000083e-02
8.510000000000000000e+03 2.140019999999999770e-02
8.505000000000000000e+03 2.228559999999999916e-02
8.500000000000000000e+03 2.402390000000000081e-02
8.495000000000000000e+03 2.517950000000000049e-02
8.490000000000000000e+03 2.770129999999999815e-02
8.485000000000000000e+03 2.993849999999999983e-02
8.480000000000000000e+03 3.278489999999999877e-02
8.475000000000000000e+03 3.643249999999999961e-02
8.470000000000000000e+03 3.997269999999999990e-02
8.465000000000000000e+03 4.307280000000000136e-02
8.460000000000000000e+03 4.856250000000000150e-02
8.455000000000000000e+03 5.351219999999999588e-02
8.450000000000000000e+03 6.143019999999999731e-02
8.445000000000000000e+03 6.830110000000000348e-02
8.440000000000000000e+03 7.899919999999999165e-02
8.435000000000000000e+03 8.932180000000000675e-02
8.430000000000000000e+03 1.026596000000000036e-01
8.425000000000000000e+03 1.158647000000000010e-01
8.420000000000000000e+03 1.335145999999999833e-01
8.415000000000000000e+03 1.502644999999999953e-01
8.410000000000000000e+03 1.727759999999999851e-01
8.405000000000000000e+03 1.930185000000000095e-01
8.400000000000000000e+03 2.160398000000000041e-01
8.395000000000000000e+03 2.392772999999999983e-01
8.390000000000000000e+03 2.661390000000000144e-01
8.385000000000000000e+03 2.911943000000000170e-01
8.380000000000000000e+03 3.144861999999999935e-01
8.375000000000000000e+03 3.406880999999999937e-01
8.370000000000000000e+03 3.677526999999999879e-01
8.365000000000000000e+03 3.906546000000000185e-01
8.360000000000000000e+03 4.150603000000000486e-01
8.355000000000000000e+03 4.363154999999999673e-01
8.350000000000000000e+03 4.600712000000000135e-01
8.345000000000000000e+03 4.797377999999999920e-01
8.340000000000000000e+03 5.004832999999999643e-01
8.335000000000000000e+03 5.183598999999999846e-01
8.330000000000000000e+03 5.402689000000000519e-01
8.325000000000000000e+03 5.576608000000000676e-01
8.320000000000000000e+03 5.781244999999999301e-01
8.315000000000000000e+03 5.963172999999999391e-01
8.310000000000000000e+03 6.177221999999999991e-01
8.305000000000000000e+03 6.374328999999999690e-01
8.300000000000000000e+03 6.571442999999999035e-01
8.295000000000000000e+03 6.785017000000000964e-01
8.290000000000000000e+03 7.012515999999999750e-01
8.285000000000000000e+03 7.199404999999999832e-01
8.280000000000000000e+03 7.409905999999999437e-01
8.275000000000000000e+03 7.595189999999999442e-01
8.270000000000000000e+03 7.810631999999999575e-01
8.265000000000000000e+03 7.995038999999999341e-01
8.260000000000000000e+03 8.171268999999999894e-01
8.255000000000000000e+03 8.346715000000000106e-01
8.250000000000000000e+03 8.519996999999999154e-01
8.245000000000000000e+03 8.651999999999999691e-01
8.240000000000000000e+03 8.788436000000000581e-01
8.235000000000000000e+03 8.914190000000000724e-01
8.230000000000000000e+03 9.018596999999999309e-01
8.225000000000000000e+03 9.119629999999999681e-01
8.220000000000000000e+03 9.219214999999999494e-01
8.215000000000000000e+03 9.285451999999999595e-01
8.210000000000000000e+03 9.361142999999999548e-01
8.205000000000000000e+03 9.413563000000000347e-01
8.200000000000000000e+03 9.479522000000000226e-01
8.195000000000000000e+03 9.518591000000000690e-01
8.190000000000000000e+03 9.570720999999999812e-01
8.185000000000000000e+03 9.598537000000000319e-01
8.180000000000000000e+03 9.633102999999999527e-01
8.175000000000000000e+03 9.672492999999999785e-01
8.170000000000000000e+03 9.692889000000000088e-01
8.165000000000000000e+03 9.713435000000000263e-01
8.160000000000000000e+03 9.735979000000000161e-01
8.155000000000000000e+03 9.758957999999999799e-01
8.150000000000000000e+03 9.773498999999999937e-01
8.145000000000000000e+03 9.784784999999999178e-01
8.140000000000000000e+03 9.798528000000000793e-01
8.135000000000000000e+03 9.810685999999999574e-01
8.130000000000000000e+03 9.823354999999999171e-01
8.125000000000000000e+03 9.834202999999999140e-01
8.120000000000000000e+03 9.842554000000000025e-01
8.115000000000000000e+03 9.841321999999999015e-01
8.110000000000000000e+03 9.852330999999999728e-01
8.105000000000000000e+03 9.854027999999999121e-01
8.100000000000000000e+03 9.862193000000000209e-01
8.095000000000000000e+03 9.874665000000000248e-01
8.090000000000000000e+03 9.875522999999999385e-01
8.085000000000000000e+03 9.886320999999999026e-01
8.080000000000000000e+03 9.889653999999999945e-01
8.075000000000000000e+03 9.893340000000000467e-01
8.070000000000000000e+03 9.897865000000000135e-01
8.065000000000000000e+03 9.903756999999999699e-01
8.060000000000000000e+03 9.902151000000000147e-01
8.055000000000000000e+03 9.905104000000000131e-01
8.050000000000000000e+03 9.909485999999999573e-01
8.045000000000000000e+03 9.922071000000000085e-01
8.040000000000000000e+03 9.928409999999999735e-01
8.035000000000000000e+03 9.920805000000000318e-01
8.030000000000000000e+03 9.926137999999999906e-01
8.025000000000000000e+03 9.931762000000000645e-01
8.020000000000000000e+03 9.930212000000000483e-01
8.015000000000000000e+03 9.925513999999999726e-01
8.010000000000000000e+03 9.938936999999999911e-01
8.005000000000000000e+03 9.942634999999999668e-01
8.000000000000000000e+03 9.934222999999999804e-01
7.995000000000000000e+03 9.926277000000000017e-01
7.990000000000000000e+03 9.931735000000000424e-01
7.985000000000000000e+03 9.957470999999999961e-01
7.980000000000000000e+03 9.930137000000001102e-01
7.975000000000000000e+03 9.930113999999999885e-01
7.970000000000000000e+03 9.952782999999999491e-01
7.965000000000000000e+03 9.935818999999999068e-01
7.960000000000000000e+03 9.934062000000000170e-01
7.955000000000000000e+03 9.942123999999999961e-01
7.950000000000000000e+03 9.943890000000000784e-01
7.945000000000000000e+03 9.955956999999999724e-01
7.940000000000000000e+03 9.946739999999999471e-01
7.935000000000000000e+03 9.954215000000000702e-01
7.930000000000000000e+03 9.949649999999999883e-01
7.925000000000000000e+03 9.954259999999999220e-01
7.920000000000000000e+03 9.952996000000000620e-01
7.915000000000000000e+03 9.957594000000000722e-01
7.910000000000000000e+03 9.942435000000000578e-01
7.905000000000000000e+03 9.950163000000000757e-01
7.900000000000000000e+03 9.952982000000000218e-01
7.895000000000000000e+03 9.950369999999999493e-01
7.890000000000000000e+03 9.958846999999999561e-01
7.885000000000000000e+03 9.950388000000000011e-01
7.880000000000000000e+03 9.951878999999999031e-01
7.875000000000000000e+03 9.936428999999999956e-01
7.870000000000000000e+03 9.948917000000000455e-01
7.865000000000000000e+03 9.938165999999999389e-01
7.860000000000000000e+03 9.953596000000000110e-01
7.855000000000000000e+03 9.964678000000000146e-01
7.850000000000000000e+03 9.952133999999999148e-01
7.845000000000000000e+03 9.956390000000000517e-01
7.840000000000000000e+03 9.956612000000000240e-01
7.835000000000000000e+03 9.962971000000000465e-01
7.830000000000000000e+03 9.945408999999999500e-01
7.825000000000000000e+03 9.949573999999999918e-01
7.820000000000000000e+03 9.958420000000000050e-01
7.815000000000000000e+03 9.950705999999999163e-01
7.810000000000000000e+03 9.938241999999999354e-01
7.805000000000000000e+03 9.945295000000000663e-01
7.800000000000000000e+03 9.960284000000000360e-01
7.795000000000000000e+03 9.947173999999999738e-01
7.790000000000000000e+03 9.944655000000000022e-01
7.785000000000000000e+03 9.942574999999999052e-01
7.780000000000000000e+03 9.933754999999999669e-01
7.775000000000000000e+03 9.944105000000000860e-01
7.770000000000000000e+03 9.928051000000001070e-01
7.765000000000000000e+03 9.914812000000000625e-01
7.760000000000000000e+03 9.915724000000000204e-01
7.755000000000000000e+03 9.881995000000000084e-01
7.750000000000000000e+03 9.860450000000000603e-01
7.745000000000000000e+03 9.831714999999999760e-01
7.740000000000000000e+03 9.807884000000000047e-01
7.735000000000000000e+03 9.767186999999999397e-01
7.730000000000000000e+03 9.783077000000000023e-01
7.725000000000000000e+03 9.778704999999999758e-01
7.720000000000000000e+03 9.797275999999999208e-01
7.715000000000000000e+03 9.823860999999999288e-01
7.710000000000000000e+03 9.849999999999999867e-01
7.705000000000000000e+03 9.881788000000000238e-01
7.700000000000000000e+03 9.892624999999999336e-01
7.695000000000000000e+03 9.905822000000000793e-01
7.690000000000000000e+03 9.922463000000000255e-01
7.685000000000000000e+03 9.926475000000000160e-01
7.680000000000000000e+03 9.922208999999999612e-01
7.675000000000000000e+03 9.924621000000000137e-01
7.670000000000000000e+03 9.932959999999999567e-01
7.665000000000000000e+03 9.949416999999999289e-01
7.660000000000000000e+03 9.944096999999999520e-01
7.655000000000000000e+03 9.941155000000000408e-01
7.650000000000000000e+03 9.938922999999999508e-01
7.645000000000000000e+03 9.944998999999999922e-01
7.640000000000000000e+03 9.960800000000000765e-01
7.635000000000000000e+03 9.952476000000000100e-01
7.630000000000000000e+03 9.953328999999999649e-01
7.625000000000000000e+03 9.954796000000000200e-01
7.620000000000000000e+03 9.955878000000000227e-01
7.615000000000000000e+03 9.965627000000000235e-01
7.610000000000000000e+03 9.963173999999999086e-01
7.605000000000000000e+03 9.953210000000000113e-01
7.600000000000000000e+03 9.959601000000000148e-01
7.595000000000000000e+03 9.961065999999999532e-01
7.590000000000000000e+03 9.955150000000000388e-01
7.585000000000000000e+03 9.967270999999999770e-01
7.580000000000000000e+03 9.956895000000000051e-01
7.575000000000000000e+03 9.957523999999999820e-01
7.570000000000000000e+03 9.965150000000000396e-01
7.565000000000000000e+03 9.949030999999999292e-01
7.560000000000000000e+03 9.950390000000000068e-01
7.555000000000000000e+03 9.956435000000000146e-01
7.550000000000000000e+03 9.944020000000000081e-01
7.545000000000000000e+03 9.942138999999999838e-01
7.540000000000000000e+03 9.954034999999999966e-01
7.535000000000000000e+03 9.957663999999999405e-01
7.530000000000000000e+03 9.958274000000000292e-01
7.525000000000000000e+03 9.943893999999999789e-01
7.520000000000000000e+03 9.942558999999999703e-01
7.515000000000000000e+03 9.940548000000000162e-01
7.510000000000000000e+03 9.942167000000000643e-01
7.505000000000000000e+03 9.934283000000000419e-01
7.500000000000000000e+03 9.929681999999999675e-01
7.495000000000000000e+03 9.940518000000000409e-01
7.490000000000000000e+03 9.918850999999999640e-01
7.485000000000000000e+03 9.924421999999999411e-01
7.480000000000000000e+03 9.911897999999998987e-01
7.475000000000000000e+03 9.917173999999999712e-01
7.470000000000000000e+03 9.905555999999999806e-01
7.465000000000000000e+03 9.890426999999999413e-01
7.460000000000000000e+03 9.888911000000000229e-01
7.455000000000000000e+03 9.895515000000000283e-01
7.450000000000000000e+03 9.902543999999999791e-01
7.445000000000000000e+03 9.918987999999999694e-01
7.440000000000000000e+03 9.919139999999999624e-01
7.435000000000000000e+03 9.919390000000000152e-01
7.430000000000000000e+03 9.920408000000000559e-01
7.425000000000000000e+03 9.921447000000001015e-01
7.420000000000000000e+03 9.928259000000000389e-01
7.415000000000000000e+03 9.919010000000000327e-01
7.410000000000000000e+03 9.936682999999999488e-01
7.405000000000000000e+03 9.922325999999999091e-01
7.400000000000000000e+03 9.932151000000000174e-01
7.395000000000000000e+03 9.932510999999999424e-01
7.390000000000000000e+03 9.932606999999999964e-01
7.385000000000000000e+03 9.928542000000000201e-01
7.380000000000000000e+03 9.933617999999999615e-01
7.375000000000000000e+03 9.934986000000001205e-01
7.370000000000000000e+03 9.946622000000000519e-01
7.365000000000000000e+03 9.939934999999999743e-01
7.360000000000000000e+03 9.935729000000000921e-01
7.355000000000000000e+03 9.937829000000000246e-01
7.350000000000000000e+03 9.929353000000000762e-01
7.345000000000000000e+03 9.923861999999999961e-01
7.340000000000000000e+03 9.921375000000000055e-01
7.335000000000000000e+03 9.923704999999999332e-01
7.330000000000000000e+03 9.902881999999999518e-01
7.325000000000000000e+03 9.892203999999999997e-01
7.320000000000000000e+03 9.899126999999999788e-01
7.315000000000000000e+03 9.880936999999999637e-01
7.310000000000000000e+03 9.870277000000000633e-01
7.305000000000000000e+03 9.866433999999999482e-01
7.300000000000000000e+03 9.879286000000000456e-01
7.295000000000000000e+03 9.872547000000000406e-01
7.290000000000000000e+03 9.878761000000000347e-01
7.285000000000000000e+03 9.896927999999999281e-01
7.280000000000000000e+03 9.910721999999999587e-01
7.275000000000000000e+03 9.901760000000000561e-01
7.270000000000000000e+03 9.910765999999999742e-01
7.265000000000000000e+03 9.915675000000000461e-01
7.260000000000000000e+03 9.917619000000000851e-01
7.255000000000000000e+03 9.929210999999998899e-01
7.250000000000000000e+03 9.931834000000000495e-01
7.245000000000000000e+03 9.928476000000000523e-01
7.240000000000000000e+03 9.934565999999999120e-01
7.235000000000000000e+03 9.940263000000000293e-01
7.230000000000000000e+03 9.947285999999999628e-01
7.225000000000000000e+03 9.936234000000000455e-01
7.220000000000000000e+03 9.941517000000000825e-01
7.215000000000000000e+03 9.951945000000000929e-01
7.210000000000000000e+03 9.946814000000000489e-01
7.205000000000000000e+03 9.945901000000000325e-01
7.200000000000000000e+03 9.946719000000000532e-01
7.195000000000000000e+03 9.951730000000000853e-01
7.190000000000000000e+03 9.938000999999999641e-01
7.185000000000000000e+03 9.940072000000000907e-01
7.180000000000000000e+03 9.945001000000001090e-01
7.175000000000000000e+03 9.944956999999999825e-01
7.170000000000000000e+03 9.940475999999999202e-01
7.165000000000000000e+03 9.949604999999999144e-01
7.160000000000000000e+03 9.945612000000000341e-01
7.155000000000000000e+03 9.943139999999999201e-01
7.150000000000000000e+03 9.924811999999999523e-01
7.145000000000000000e+03 9.908481999999999568e-01
7.140000000000000000e+03 9.898348000000000146e-01
7.135000000000000000e+03 9.880018999999999885e-01
7.130000000000000000e+03 9.859546000000000143e-01
7.125000000000000000e+03 9.837744000000000488e-01
7.120000000000000000e+03 9.828808999999999463e-01
7.115000000000000000e+03 9.826700999999999908e-01
7.110000000000000000e+03 9.823321999999999887e-01
7.105000000000000000e+03 9.842328000000000188e-01
7.100000000000000000e+03 9.850543000000000493e-01
7.095000000000000000e+03 9.853079000000000143e-01
7.090000000000000000e+03 9.869672999999999918e-01
7.085000000000000000e+03 9.884207000000000409e-01
7.080000000000000000e+03 9.892351999999999812e-01
7.075000000000000000e+03 9.906464999999999854e-01
7.070000000000000000e+03 9.911818999999999491e-01
7.065000000000000000e+03 9.911342999999999126e-01
7.060000000000000000e+03 9.920997999999999761e-01
7.055000000000000000e+03 9.932161000000000461e-01
7.050000000000000000e+03 9.930949000000000026e-01
7.045000000000000000e+03 9.932145000000000001e-01
7.040000000000000000e+03 9.950373999999999608e-01
7.035000000000000000e+03 9.944498000000000504e-01
7.030000000000000000e+03 9.944127000000000383e-01
7.025000000000000000e+03 9.950024999999999009e-01
7.020000000000000000e+03 9.942311999999999816e-01
7.015000000000000000e+03 9.947624999999998829e-01
7.010000000000000000e+03 9.936506999999999978e-01
7.005000000000000000e+03 9.946752999999999290e-01
7.000000000000000000e+03 9.939742999999999773e-01
6.995000000000000000e+03 9.931381000000000236e-01
6.990000000000000000e+03 9.941505999999999954e-01
6.985000000000000000e+03 9.943935000000000413e-01
6.980000000000000000e+03 9.939319999999999267e-01
6.975000000000000000e+03 9.935848000000000457e-01
6.970000000000000000e+03 9.948847000000000662e-01
6.965000000000000000e+03 9.950830000000000508e-01
6.960000000000000000e+03 9.933253000000000776e-01
6.955000000000000000e+03 9.933446999999999694e-01
6.950000000000000000e+03 9.934079000000000104e-01
6.945000000000000000e+03 9.934360999999999331e-01
6.940000000000000000e+03 9.925150999999999835e-01
6.935000000000000000e+03 9.918266000000000027e-01
6.930000000000000000e+03 9.909369999999999568e-01
6.925000000000000000e+03 9.920019999999999394e-01
6.920000000000000000e+03 9.900563999999999476e-01
6.915000000000000000e+03 9.885758000000000045e-01
6.910000000000000000e+03 9.880800999999999057e-01
6.905000000000000000e+03 9.864105999999999153e-01
6.900000000000000000e+03 9.846093000000000206e-01
6.895000000000000000e+03 9.850190000000000889e-01
6.890000000000000000e+03 9.855810999999999877e-01
6.885000000000000000e+03 9.852464000000000777e-01
6.880000000000000000e+03 9.844277999999999640e-01
6.875000000000000000e+03 9.857829999999999648e-01
6.870000000000000000e+03 9.865601999999999983e-01
6.865000000000000000e+03 9.870025999999999522e-01
6.860000000000000000e+03 9.872258999999999896e-01
6.855000000000000000e+03 9.869331000000000076e-01
6.850000000000000000e+03 9.872844999999998983e-01
6.845000000000000000e+03 9.888981000000000021e-01
6.840000000000000000e+03 9.894961999999999369e-01
6.835000000000000000e+03 9.884811000000000014e-01
6.830000000000000000e+03 9.902285000000000670e-01
6.825000000000000000e+03 9.902104999999999935e-01
6.820000000000000000e+03 9.900960000000000871e-01
6.815000000000000000e+03 9.897857000000001015e-01
6.810000000000000000e+03 9.895087999999999662e-01
6.805000000000000000e+03 9.897548999999998820e-01
6.800000000000000000e+03 9.895724000000000187e-01
6.795000000000000000e+03 9.891594999999999693e-01
6.790000000000000000e+03 9.898009000000000945e-01
6.785000000000000000e+03 9.882906000000000191e-01
6.780000000000000000e+03 9.891837999999999465e-01
6.775000000000000000e+03 9.872275999999999829e-01
6.770000000000000000e+03 9.868242999999999876e-01
6.765000000000000000e+03 9.857698000000000293e-01
6.760000000000000000e+03 9.856209000000000220e-01
6.755000000000000000e+03 9.853714999999999558e-01
6.750000000000000000e+03 9.851466000000000944e-01
6.745000000000000000e+03 9.838807999999999998e-01
6.740000000000000000e+03 9.840818000000000065e-01
6.735000000000000000e+03 9.845476999999999146e-01
6.730000000000000000e+03 9.838582999999999634e-01
6.725000000000000000e+03 9.843153000000000041e-01
6.720000000000000000e+03 9.853822999999999332e-01
6.715000000000000000e+03 9.844311000000000034e-01
6.710000000000000000e+03 9.847186000000001105e-01
6.705000000000000000e+03 9.845865000000000311e-01
6.700000000000000000e+03 9.850472999999999590e-01
6.695000000000000000e+03 9.856305999999999123e-01
6.690000000000000000e+03 9.852953999999999324e-01
6.685000000000000000e+03 9.846135999999999777e-01
6.680000000000000000e+03 9.842577000000000131e-01
6.675000000000000000e+03 9.833720999999999712e-01
6.670000000000000000e+03 9.837742999999999904e-01
6.665000000000000000e+03 9.847826000000000635e-01
6.660000000000000000e+03 9.827714000000000727e-01
6.655000000000000000e+03 9.825584000000000540e-01
6.650000000000000000e+03 9.822481999999999047e-01
6.645000000000000000e+03 9.819136000000000530e-01
6.640000000000000000e+03 9.817190999999999557e-01
6.635000000000000000e+03 9.816853000000000939e-01
6.630000000000000000e+03 9.803608000000000322e-01
6.625000000000000000e+03 9.809663000000000688e-01
6.620000000000000000e+03 9.817175000000000207e-01
6.615000000000000000e+03 9.815055999999999781e-01
6.610000000000000000e+03 9.822650000000000547e-01
6.605000000000000000e+03 9.816727000000000647e-01
6.600000000000000000e+03 9.819603999999999555e-01
6.595000000000000000e+03 9.831135000000000845e-01
6.590000000000000000e+03 9.849031999999999787e-01
6.585000000000000000e+03 9.846832000000000917e-01
6.580000000000000000e+03 9.843279999999999808e-01
6.575000000000000000e+03 9.852343999999999546e-01
6.570000000000000000e+03 9.860236000000000001e-01
6.565000000000000000e+03 9.859368000000000576e-01
6.560000000000000000e+03 9.854813000000000045e-01
6.555000000000000000e+03 9.861405999999999228e-01
6.550000000000000000e+03 9.863755999999999080e-01
6.545000000000000000e+03 9.860172000000000381e-01
6.540000000000000000e+03 9.866095999999999755e-01
6.535000000000000000e+03 9.865963999999999290e-01
6.530000000000000000e+03 9.848704999999999821e-01
6.525000000000000000e+03 9.840980000000000283e-01
6.520000000000000000e+03 9.850223999999999647e-01
6.515000000000000000e+03 9.834019000000000510e-01
6.510000000000000000e+03 9.822058999999999651e-01
6.505000000000000000e+03 9.812119999999999731e-01
6.500000000000000000e+03 9.806837000000000470e-01
6.495000000000000000e+03 9.790681999999999441e-01
6.490000000000000000e+03 9.772836999999999774e-01
6.485000000000000000e+03 9.750098000000000376e-01
6.480000000000000000e+03 9.729396999999999629e-01
6.475000000000000000e+03 9.713562000000000030e-01
6.470000000000000000e+03 9.689458000000000792e-01
6.465000000000000000e+03 9.669669000000000736e-01
6.460000000000000000e+03 9.641515999999999975e-01
6.455000000000000000e+03 9.629638999999999838e-01
6.450000000000000000e+03 9.614991000000000509e-01
6.445000000000000000e+03 9.611356000000000899e-01
6.440000000000000000e+03 9.607545000000000668e-01
6.435000000000000000e+03 9.606141999999999737e-01
6.430000000000000000e+03 9.601777999999999702e-01
6.425000000000000000e+03 9.600644999999999873e-01
6.420000000000000000e+03 9.602049999999999752e-01
6.415000000000000000e+03 9.598923999999999790e-01
6.410000000000000000e+03 9.610514000000001111e-01
6.405000000000000000e+03 9.594201999999999453e-01
6.400000000000000000e+03 9.589301000000000075e-01
6.395000000000000000e+03 9.570171999999999013e-01
6.390000000000000000e+03 9.554962999999999651e-01
6.385000000000000000e+03 9.522241000000000177e-01
6.380000000000000000e+03 9.501425999999999483e-01
6.375000000000000000e+03 9.476727999999999819e-01
6.370000000000000000e+03 9.429824999999999458e-01
6.365000000000000000e+03 9.389171000000000600e-01
6.360000000000000000e+03 9.334856999999999738e-01
6.355000000000000000e+03 9.277193000000000245e-01
6.350000000000000000e+03 9.207478999999999525e-01
6.345000000000000000e+03 9.124879000000000184e-01
6.340000000000000000e+03 9.045963000000000198e-01
6.335000000000000000e+03 8.945695000000000174e-01
6.330000000000000000e+03 8.842154999999999321e-01
6.325000000000000000e+03 8.746554999999999191e-01
6.320000000000000000e+03 8.620601999999999432e-01
6.315000000000000000e+03 8.496264999999999512e-01
6.310000000000000000e+03 8.362820000000000809e-01
6.305000000000000000e+03 8.208174999999999777e-01
6.300000000000000000e+03 8.046625000000000583e-01
6.295000000000000000e+03 7.863124999999999698e-01
6.290000000000000000e+03 7.661133999999999444e-01
6.285000000000000000e+03 7.455286999999999331e-01
6.280000000000000000e+03 7.228194999999999482e-01
6.275000000000000000e+03 6.996234000000000064e-01
6.270000000000000000e+03 6.770426000000000499e-01
6.265000000000000000e+03 6.561596000000000650e-01
6.260000000000000000e+03 6.383278000000000008e-01
6.255000000000000000e+03 6.245663999999999660e-01
6.250000000000000000e+03 6.152144999999999975e-01
6.245000000000000000e+03 6.115302999999999711e-01
6.240000000000000000e+03 6.113237000000000254e-01
6.235000000000000000e+03 6.150881999999999739e-01
6.230000000000000000e+03 6.212826999999999655e-01
6.225000000000000000e+03 6.272284999999999666e-01
6.220000000000000000e+03 6.342318000000000122e-01
6.215000000000000000e+03 6.390995000000000426e-01
6.210000000000000000e+03 6.414746000000000059e-01
6.205000000000000000e+03 6.415427999999999686e-01
6.200000000000000000e+03 6.390426000000000162e-01
6.195000000000000000e+03 6.336515000000000342e-01
6.190000000000000000e+03 6.269126999999999894e-01
6.185000000000000000e+03 6.188506999999999758e-01
6.180000000000000000e+03 6.099492999999999165e-01
6.175000000000000000e+03 6.031092999999999593e-01
6.170000000000000000e+03 5.973028999999999700e-01
6.165000000000000000e+03 5.944585000000000008e-01
6.160000000000000000e+03 5.934772999999999854e-01
6.155000000000000000e+03 5.954013000000000222e-01
6.150000000000000000e+03 5.996607999999999938e-01
6.145000000000000000e+03 6.044823999999999753e-01
6.140000000000000000e+03 6.090502999999999334e-01
6.135000000000000000e+03 6.126740000000000519e-01
6.130000000000000000e+03 6.145939999999999737e-01
6.125000000000000000e+03 6.130974000000000146e-01
6.120000000000000000e+03 6.089527999999999608e-01
6.115000000000000000e+03 6.021136000000000266e-01
6.110000000000000000e+03 5.929716999999999905e-01
6.105000000000000000e+03 5.842785000000000339e-01
6.100000000000000000e+03 5.760570999999999886e-01
6.095000000000000000e+03 5.698136999999999786e-01
6.090000000000000000e+03 5.664847000000000632e-01
6.085000000000000000e+03 5.693335999999999952e-01
6.080000000000000000e+03 5.792978999999999212e-01
6.075000000000000000e+03 5.971984000000000181e-01
6.070000000000000000e+03 6.217486999999999320e-01
6.065000000000000000e+03 6.505759999999999321e-01
6.060000000000000000e+03 6.822516000000000691e-01
6.055000000000000000e+03 7.106144000000000904e-01
6.050000000000000000e+03 7.347717000000000276e-01
6.045000000000000000e+03 7.469898000000000371e-01
6.040000000000000000e+03 7.486578000000000399e-01
6.035000000000000000e+03 7.405262999999999707e-01
6.030000000000000000e+03 7.238476000000000354e-01
6.025000000000000000e+03 7.086704000000000336e-01
6.020000000000000000e+03 6.987676000000000442e-01
6.015000000000000000e+03 7.011002000000000622e-01
6.010000000000000000e+03 7.164539999999999242e-01
6.005000000000000000e+03 7.425966999999999985e-01
6.000000000000000000e+03 7.736678999999999640e-01
