2.500000000000000000e+03 8.568596002058089314e-03
2.600000000000000000e+03 1.068297076391926635e-02
2.700000000000000000e+03 1.483501383563900697e-02
2.800000000000000000e+03 2.924516222350118100e-02
2.900000000000000000e+03 6.049005622676510013e-02
3.000000000000000000e+03 1.029469562064093818e-01
3.100000000000000000e+03 1.467863098991409598e-01
3.200000000000000000e+03 1.876948861207458352e-01
3.300000000000000000e+03 2.385505220694258965e-01
3.400000000000000000e+03 3.048137170408370400e-01
3.500000000000000000e+03 4.038841548138833448e-01
3.600000000000000000e+03 4.793979802190047601e-01
3.700000000000000000e+03 5.839584811401573594e-01
3.800000000000000000e+03 7.119038274255515830e-01
3.900000000000000000e+03 8.020289494860215473e-01
4.000000000000000000e+03 8.561399671456623173e-01
4.100000000000000000e+03 8.961532950336202896e-01
4.200000000000000000e+03 9.097737858897846364e-01
4.300000000000000000e+03 9.158064645564486517e-01
4.400000000000000000e+03 9.146505313500273848e-01
4.500000000000000000e+03 9.085840314313309296e-01
4.600000000000000000e+03 9.007008530586787520e-01
4.700000000000000000e+03 8.926815696881862383e-01
4.800000000000000000e+03 8.865279110327464185e-01
4.900000000000000000e+03 8.818286961857214612e-01
5.000000000000000000e+03 8.757489180049465860e-01
5.100000000000000000e+03 8.683807337660588432e-01
5.200000000000000000e+03 8.662795123479432036e-01
5.300000000000000000e+03 8.627262686041967665e-01
5.400000000000000000e+03 8.654087929455868133e-01
5.500000000000000000e+03 8.634033240963751021e-01
5.600000000000000000e+03 8.647948544231296442e-01
5.700000000000000000e+03 8.641269801504307679e-01
5.800000000000000000e+03 8.665709484759245296e-01
5.900000000000000000e+03 8.665246468306844196e-01
6.000000000000000000e+03 8.690175237605934910e-01
6.100000000000000000e+03 8.688616167371832066e-01
6.200000000000000000e+03 8.707453297618106269e-01
6.300000000000000000e+03 8.711461242180277287e-01
6.400000000000000000e+03 8.705117802543986816e-01
6.500000000000000000e+03 8.682621738182726423e-01
6.600000000000000000e+03 8.654029638832770877e-01
6.700000000000000000e+03 8.610490953189207097e-01
6.800000000000000000e+03 8.554796851629921095e-01
6.900000000000000000e+03 8.484298837293651196e-01
7.000000000000000000e+03 8.397138341955653340e-01
7.100000000000000000e+03 8.291827436421059794e-01
7.200000000000000000e+03 8.166373541058761232e-01
7.300000000000000000e+03 8.020308736670236360e-01
7.400000000000000000e+03 7.852357003772009181e-01
7.500000000000000000e+03 7.662019364045211667e-01
7.600000000000000000e+03 7.448620507845620242e-01
7.700000000000000000e+03 7.212912940989945065e-01
7.800000000000000000e+03 6.955622486503788560e-01
7.900000000000000000e+03 6.677844648508806102e-01
8.000000000000000000e+03 6.381556554543557080e-01
8.100000000000000000e+03 6.067875985255274385e-01
8.200000000000000000e+03 5.739529193001393637e-01
8.300000000000000000e+03 5.396798109472229488e-01
8.400000000000000000e+03 5.048055825958861487e-01
8.500000000000000000e+03 4.693192840392317877e-01
8.600000000000000000e+03 4.335349475240269368e-01
8.700000000000000000e+03 3.977723693587033593e-01
8.800000000000000000e+03 3.623327993216993725e-01
8.900000000000000000e+03 3.275200811750433871e-01
9.000000000000000000e+03 2.936193369988952528e-01
9.100000000000000000e+03 2.608860401629307657e-01
9.200000000000000000e+03 2.295602868566037069e-01
9.300000000000000000e+03 1.998519386527089492e-01
9.400000000000000000e+03 1.719420925459893557e-01
9.500000000000000000e+03 1.459821543580501479e-01
9.600000000000000000e+03 1.220915958326684453e-01
9.700000000000000000e+03 1.003652800855751176e-01
9.800000000000000000e+03 8.086747899969462527e-02
9.900000000000000000e+03 6.363350094209932473e-02
1.000000000000000000e+04 4.867628441324080985e-02
1.010000000000000000e+04 3.598572455388147212e-02
1.020000000000000000e+04 2.553140997654869404e-02
1.030000000000000000e+04 1.726497327293891396e-02
1.040000000000000000e+04 1.107038601769621405e-02
