3.000000000000000000e+03 2.519518000000000035e-01
3.010000000000000000e+03 2.639636000000000204e-01
3.020000000000000000e+03 2.776412999999999798e-01
3.030000000000000000e+03 2.930980000000000252e-01
3.040000000000000000e+03 3.104021000000000141e-01
3.050000000000000000e+03 3.297493000000000229e-01
3.060000000000000000e+03 3.512722999999999818e-01
3.070000000000000000e+03 3.749960999999999989e-01
3.080000000000000000e+03 4.011021000000000170e-01
3.090000000000000000e+03 4.296171999999999769e-01
3.100000000000000000e+03 4.607138000000000067e-01
3.110000000000000000e+03 4.942377000000000575e-01
3.120000000000000000e+03 5.300511999999999446e-01
3.130000000000000000e+03 5.678223000000000020e-01
3.140000000000000000e+03 6.072767999999999500e-01
3.150000000000000000e+03 6.479306000000000232e-01
3.160000000000000000e+03 6.893293999999999810e-01
3.170000000000000000e+03 7.306025000000000436e-01
3.180000000000000000e+03 7.709549999999999459e-01
3.190000000000000000e+03 8.095932999999999602e-01
3.200000000000000000e+03 8.456972999999999852e-01
3.210000000000000000e+03 8.785692000000001611e-01
3.220000000000000000e+03 9.076594999999999525e-01
3.230000000000000000e+03 9.326702999999998411e-01
3.240000000000000000e+03 9.533584000000001613e-01
3.250000000000000000e+03 9.698244000000000309e-01
3.260000000000000000e+03 9.822233999999998577e-01
3.270000000000000000e+03 9.909259000000000261e-01
3.280000000000000000e+03 9.963328999999999658e-01
3.290000000000000000e+03 9.991290999999999922e-01
3.300000000000000000e+03 9.998251000000000221e-01
3.310000000000000000e+03 9.989167999999999381e-01
3.320000000000000000e+03 9.967856999999999967e-01
3.330000000000000000e+03 9.938751000000001223e-01
3.340000000000000000e+03 9.905515000000000292e-01
3.350000000000000000e+03 9.871250000000000302e-01
3.360000000000000000e+03 9.838367999999999558e-01
3.370000000000000000e+03 9.808717000000000130e-01
3.380000000000000000e+03 9.783969999999999612e-01
3.390000000000000000e+03 9.764218999999999538e-01
3.400000000000000000e+03 9.749896000000001228e-01
3.410000000000000000e+03 9.741151000000000115e-01
3.420000000000000000e+03 9.737908999999999038e-01
3.430000000000000000e+03 9.740166000000000102e-01
3.440000000000000000e+03 9.747424999999998452e-01
3.450000000000000000e+03 9.758712999999999971e-01
3.460000000000000000e+03 9.773517000000000454e-01
3.470000000000000000e+03 9.791117999999999766e-01
3.480000000000000000e+03 9.810767000000000237e-01
3.490000000000000000e+03 9.831770999999999150e-01
3.500000000000000000e+03 9.853336000000000316e-01
3.510000000000000000e+03 9.874756000000000089e-01
3.520000000000000000e+03 9.895355000000000123e-01
3.530000000000000000e+03 9.914605999999999142e-01
3.540000000000000000e+03 9.931966999999999324e-01
3.550000000000000000e+03 9.947018999999999167e-01
3.560000000000000000e+03 9.959436999999999873e-01
3.570000000000000000e+03 9.969200000000001394e-01
3.580000000000000000e+03 9.975743999999999723e-01
3.590000000000000000e+03 9.979017999999999500e-01
3.600000000000000000e+03 9.979194000000000120e-01
3.610000000000000000e+03 9.976473999999999620e-01
3.620000000000000000e+03 9.971079999999999943e-01
3.630000000000000000e+03 9.963244999999999463e-01
3.640000000000000000e+03 9.953522999999998566e-01
3.650000000000000000e+03 9.942060000000000342e-01
3.660000000000000000e+03 9.929166999999998744e-01
3.670000000000000000e+03 9.915222999999998565e-01
3.680000000000000000e+03 9.900577999999999879e-01
3.690000000000000000e+03 9.885108000000000228e-01
3.700000000000000000e+03 9.869605999999999657e-01
3.710000000000000000e+03 9.854387999999998371e-01
3.720000000000000000e+03 9.839769999999999905e-01
3.730000000000000000e+03 9.825970999999998901e-01
3.740000000000000000e+03 9.813283999999999896e-01
3.750000000000000000e+03 9.801912000000001512e-01
3.760000000000000000e+03 9.792040999999999107e-01
3.770000000000000000e+03 9.783774000000000637e-01
3.780000000000000000e+03 9.777199999999999225e-01
3.790000000000000000e+03 9.772371999999999170e-01
3.800000000000000000e+03 9.769297000000000120e-01
3.810000000000000000e+03 9.768113000000000490e-01
3.820000000000000000e+03 9.768561000000000050e-01
3.830000000000000000e+03 9.770573999999998538e-01
3.840000000000000000e+03 9.774061000000000554e-01
3.850000000000000000e+03 9.778887999999998915e-01
3.860000000000000000e+03 9.784966999999999970e-01
3.870000000000000000e+03 9.792198999999999209e-01
3.880000000000000000e+03 9.800419999999998577e-01
3.890000000000000000e+03 9.809461999999999904e-01
3.900000000000000000e+03 9.819023999999999530e-01
3.910000000000000000e+03 9.829027000000000180e-01
3.920000000000000000e+03 9.839303999999999828e-01
3.930000000000000000e+03 9.849688000000000887e-01
3.940000000000000000e+03 9.860020999999999924e-01
3.950000000000000000e+03 9.870138000000000522e-01
3.960000000000000000e+03 9.879953000000000207e-01
3.970000000000000000e+03 9.889291000000000054e-01
3.980000000000000000e+03 9.898036000000001167e-01
3.990000000000000000e+03 9.906081000000001024e-01
4.000000000000000000e+03 9.913459000000000021e-01
4.010000000000000000e+03 9.919822999999999835e-01
4.020000000000000000e+03 9.925277999999999601e-01
4.030000000000000000e+03 9.929826999999999959e-01
4.040000000000000000e+03 9.933291000000000759e-01
4.050000000000000000e+03 9.935762999999999678e-01
4.060000000000000000e+03 9.937187000000000658e-01
4.070000000000000000e+03 9.937648999999999511e-01
4.080000000000000000e+03 9.937199000000001003e-01
4.090000000000000000e+03 9.935868000000001032e-01
4.100000000000000000e+03 9.933677999999999120e-01
4.110000000000000000e+03 9.930710000000000370e-01
4.120000000000000000e+03 9.927049000000000012e-01
4.130000000000000000e+03 9.922750000000001291e-01
4.140000000000000000e+03 9.917372000000000964e-01
4.150000000000000000e+03 9.912014999999999576e-01
4.160000000000000000e+03 9.906272999999999884e-01
4.170000000000000000e+03 9.900236999999999510e-01
4.180000000000000000e+03 9.893990999999999758e-01
4.190000000000000000e+03 9.887671000000000099e-01
4.200000000000000000e+03 9.881309999999998706e-01
4.210000000000000000e+03 9.874937999999999771e-01
4.220000000000000000e+03 9.868679999999999675e-01
4.230000000000000000e+03 9.862654000000000698e-01
4.240000000000000000e+03 9.856876999999999445e-01
4.250000000000000000e+03 9.851406000000000329e-01
4.260000000000000000e+03 9.846294999999999353e-01
4.270000000000000000e+03 9.841550999999998384e-01
4.280000000000000000e+03 9.837255999999998668e-01
4.290000000000000000e+03 9.833477999999999941e-01
4.300000000000000000e+03 9.830204000000000164e-01
4.310000000000000000e+03 9.827455000000000496e-01
4.320000000000000000e+03 9.825241999999999587e-01
4.330000000000000000e+03 9.823573999999999362e-01
4.340000000000000000e+03 9.822450999999999821e-01
4.350000000000000000e+03 9.821870000000000323e-01
4.360000000000000000e+03 9.821819999999999995e-01
4.370000000000000000e+03 9.822284999999999489e-01
4.380000000000000000e+03 9.823246000000001033e-01
4.390000000000000000e+03 9.824678000000000022e-01
4.400000000000000000e+03 9.826551999999998399e-01
4.410000000000000000e+03 9.828837000000000268e-01
4.420000000000000000e+03 9.831496000000000679e-01
4.430000000000000000e+03 9.834489999999999066e-01
4.440000000000000000e+03 9.837780999999999887e-01
4.450000000000000000e+03 9.841318999999999484e-01
4.460000000000000000e+03 9.845066000000000095e-01
4.470000000000000000e+03 9.848947999999999592e-01
4.480000000000000000e+03 9.852951000000000903e-01
4.490000000000000000e+03 9.857010000000001604e-01
4.500000000000000000e+03 9.861149000000000164e-01
4.510000000000000000e+03 9.865278999999999021e-01
4.520000000000000000e+03 9.869343999999999895e-01
4.530000000000000000e+03 9.873322999999999405e-01
4.540000000000000000e+03 9.877191000000000720e-01
4.550000000000000000e+03 9.880893999999998956e-01
4.560000000000000000e+03 9.884393000000000207e-01
4.570000000000000000e+03 9.887664000000000453e-01
4.580000000000000000e+03 9.890679999999998362e-01
4.590000000000000000e+03 9.893429000000000251e-01
4.600000000000000000e+03 9.895890000000000519e-01
4.610000000000000000e+03 9.898021000000000180e-01
4.620000000000000000e+03 9.899814999999999587e-01
4.630000000000000000e+03 9.901227000000000222e-01
4.640000000000000000e+03 9.902272999999999215e-01
4.650000000000000000e+03 9.903013000000000510e-01
4.660000000000000000e+03 9.903393999999999808e-01
4.670000000000000000e+03 9.903416999999999915e-01
4.680000000000000000e+03 9.903007999999999811e-01
4.690000000000000000e+03 9.902232000000000811e-01
4.700000000000000000e+03 9.901065000000000005e-01
4.710000000000000000e+03 9.899554999999998772e-01
4.720000000000000000e+03 9.897855000000000958e-01
4.730000000000000000e+03 9.895842999999999723e-01
4.740000000000000000e+03 9.893534000000000495e-01
4.750000000000000000e+03 9.890803000000000234e-01
4.760000000000000000e+03 9.887797999999999865e-01
4.770000000000000000e+03 9.884696000000000593e-01
4.780000000000000000e+03 9.881367999999999263e-01
4.790000000000000000e+03 9.877846000000001236e-01
4.800000000000000000e+03 9.873982999999999510e-01
4.810000000000000000e+03 9.869967000000000601e-01
4.820000000000000000e+03 9.865992999999999569e-01
4.830000000000000000e+03 9.861922000000000743e-01
4.840000000000000000e+03 9.857776000000000316e-01
4.850000000000000000e+03 9.853452999999999795e-01
4.860000000000000000e+03 9.849103999999999637e-01
4.870000000000000000e+03 9.844884000000000412e-01
4.880000000000000000e+03 9.840689000000000242e-01
4.890000000000000000e+03 9.836540999999998647e-01
4.900000000000000000e+03 9.832343000000000055e-01
4.910000000000000000e+03 9.828240999999999783e-01
4.920000000000000000e+03 9.824401999999999857e-01
4.930000000000000000e+03 9.820695999999999870e-01
4.940000000000000000e+03 9.817139999999999755e-01
4.950000000000000000e+03 9.813725000000000920e-01
4.960000000000000000e+03 9.810496999999999135e-01
4.970000000000000000e+03 9.807472000000001522e-01
4.980000000000000000e+03 9.804604000000000097e-01
4.990000000000000000e+03 9.801970999999999323e-01
5.000000000000000000e+03 9.799660000000000037e-01
5.010000000000000000e+03 9.797514999999999974e-01
5.020000000000000000e+03 9.795635999999999788e-01
5.030000000000000000e+03 9.794015999999998723e-01
5.040000000000000000e+03 9.792673999999998991e-01
5.050000000000000000e+03 9.791611999999999538e-01
5.060000000000000000e+03 9.790870000000000406e-01
5.070000000000000000e+03 9.790419000000000205e-01
5.080000000000000000e+03 9.790263000000000160e-01
5.090000000000000000e+03 9.790337000000000067e-01
5.100000000000000000e+03 9.790718000000000476e-01
5.110000000000000000e+03 9.791450999999999905e-01
5.120000000000000000e+03 9.792469999999999786e-01
5.130000000000000000e+03 9.793770000000000531e-01
5.140000000000000000e+03 9.795299000000000644e-01
5.150000000000000000e+03 9.797091000000001104e-01
5.160000000000000000e+03 9.799136999999999986e-01
5.170000000000000000e+03 9.801482000000000250e-01
5.180000000000000000e+03 9.804068000000001337e-01
5.190000000000000000e+03 9.806884000000000157e-01
5.200000000000000000e+03 9.809853000000000600e-01
5.210000000000000000e+03 9.813021999999999023e-01
5.220000000000000000e+03 9.816376999999999464e-01
5.230000000000000000e+03 9.819968000000000030e-01
5.240000000000000000e+03 9.823720000000001340e-01
5.250000000000000000e+03 9.827618999999999660e-01
5.260000000000000000e+03 9.831581000000000348e-01
5.270000000000000000e+03 9.835655000000000925e-01
5.280000000000000000e+03 9.839826000000001516e-01
5.290000000000000000e+03 9.844066999999999679e-01
5.300000000000000000e+03 9.848371000000000208e-01
5.310000000000000000e+03 9.852723000000001008e-01
5.320000000000000000e+03 9.857202999999999937e-01
5.330000000000000000e+03 9.861698999999999327e-01
5.340000000000000000e+03 9.866194999999999826e-01
5.350000000000000000e+03 9.870577999999999852e-01
5.360000000000000000e+03 9.874928999999998958e-01
5.370000000000000000e+03 9.879231000000000540e-01
5.380000000000000000e+03 9.883555000000000534e-01
5.390000000000000000e+03 9.887799999999999923e-01
5.400000000000000000e+03 9.891950999999999938e-01
5.410000000000000000e+03 9.895871000000000528e-01
5.420000000000000000e+03 9.899675999999999476e-01
5.430000000000000000e+03 9.903353000000000295e-01
5.440000000000000000e+03 9.906892999999999949e-01
5.450000000000000000e+03 9.910386999999999391e-01
5.460000000000000000e+03 9.913712999999999553e-01
5.470000000000000000e+03 9.916856999999998923e-01
5.480000000000000000e+03 9.919739000000000750e-01
5.490000000000000000e+03 9.922428000000000914e-01
5.500000000000000000e+03 9.924916000000000293e-01
5.510000000000000000e+03 9.927194000000000296e-01
5.520000000000000000e+03 9.929253000000001217e-01
5.530000000000000000e+03 9.931090999999999669e-01
5.540000000000000000e+03 9.932741999999999960e-01
5.550000000000000000e+03 9.934165000000000356e-01
5.560000000000000000e+03 9.935355000000000159e-01
5.570000000000000000e+03 9.936310999999999893e-01
5.580000000000000000e+03 9.936992000000000047e-01
5.590000000000000000e+03 9.937434000000000545e-01
5.600000000000000000e+03 9.937637000000001386e-01
5.610000000000000000e+03 9.937602999999999298e-01
5.620000000000000000e+03 9.937329999999999774e-01
5.630000000000000000e+03 9.936823000000001294e-01
5.640000000000000000e+03 9.936123000000000038e-01
5.650000000000000000e+03 9.935196000000000582e-01
5.660000000000000000e+03 9.934043000000000179e-01
5.670000000000000000e+03 9.932668999999999526e-01
5.680000000000000000e+03 9.931037999999999810e-01
5.690000000000000000e+03 9.929194999999999549e-01
5.700000000000000000e+03 9.927148000000000083e-01
5.710000000000000000e+03 9.924960000000000448e-01
5.720000000000000000e+03 9.922585000000001543e-01
5.730000000000000000e+03 9.920033000000000323e-01
5.740000000000000000e+03 9.917308999999998598e-01
5.750000000000000000e+03 9.914400999999999353e-01
5.760000000000000000e+03 9.911335000000000006e-01
5.770000000000000000e+03 9.908118000000000203e-01
5.780000000000000000e+03 9.904760999999999704e-01
5.790000000000000000e+03 9.901257999999999448e-01
5.800000000000000000e+03 9.897632999999999015e-01
5.810000000000000000e+03 9.893897999999999859e-01
5.820000000000000000e+03 9.890107000000000204e-01
5.830000000000000000e+03 9.886226000000000180e-01
5.840000000000000000e+03 9.882264999999998967e-01
5.850000000000000000e+03 9.878233000000000708e-01
5.860000000000000000e+03 9.874129000000000378e-01
5.870000000000000000e+03 9.869971999999999079e-01
5.880000000000000000e+03 9.865774999999999961e-01
5.890000000000000000e+03 9.861546000000001033e-01
5.900000000000000000e+03 9.857261000000000495e-01
5.910000000000000000e+03 9.852965000000000195e-01
5.920000000000000000e+03 9.848666999999999838e-01
5.930000000000000000e+03 9.844422999999999924e-01
5.940000000000000000e+03 9.840195000000001579e-01
5.950000000000000000e+03 9.835990999999998374e-01
5.960000000000000000e+03 9.831822000000000061e-01
5.970000000000000000e+03 9.827703999999999329e-01
5.980000000000000000e+03 9.823638000000001202e-01
5.990000000000000000e+03 9.819632000000000360e-01
6.000000000000000000e+03 9.815693000000000890e-01
6.010000000000000000e+03 9.811862999999998447e-01
6.020000000000000000e+03 9.808109999999999884e-01
6.030000000000000000e+03 9.804438000000000875e-01
6.040000000000000000e+03 9.800853999999999955e-01
6.050000000000000000e+03 9.797379999999999978e-01
6.060000000000000000e+03 9.794004000000000598e-01
6.070000000000000000e+03 9.790733000000001462e-01
6.080000000000000000e+03 9.787573000000000523e-01
6.090000000000000000e+03 9.784516999999999243e-01
6.100000000000000000e+03 9.781582000000000887e-01
6.110000000000000000e+03 9.778772999999999493e-01
6.120000000000000000e+03 9.776095000000000201e-01
6.130000000000000000e+03 9.773568999999999729e-01
6.140000000000000000e+03 9.771182999999998842e-01
6.150000000000000000e+03 9.768940000000000401e-01
6.160000000000000000e+03 9.766844000000000081e-01
6.170000000000000000e+03 9.764880999999999700e-01
6.180000000000000000e+03 9.763067000000000828e-01
6.190000000000000000e+03 9.761404999999998555e-01
6.200000000000000000e+03 9.759896000000000127e-01
6.210000000000000000e+03 9.758542000000000050e-01
6.220000000000000000e+03 9.757343999999998907e-01
6.230000000000000000e+03 9.756304000000000087e-01
6.240000000000000000e+03 9.755424000000000317e-01
6.250000000000000000e+03 9.754717000000001637e-01
6.260000000000000000e+03 9.754171000000000369e-01
6.270000000000000000e+03 9.753785999999999845e-01
6.280000000000000000e+03 9.753560000000000008e-01
6.290000000000000000e+03 9.753494999999998694e-01
6.300000000000000000e+03 9.753568999999999711e-01
6.310000000000000000e+03 9.753799000000000774e-01
6.320000000000000000e+03 9.754186000000000245e-01
6.330000000000000000e+03 9.754726999999999704e-01
6.340000000000000000e+03 9.755432000000001658e-01
6.350000000000000000e+03 9.756289999999998575e-01
6.360000000000000000e+03 9.757299999999999862e-01
6.370000000000000000e+03 9.758459000000000438e-01
6.380000000000000000e+03 9.759744999999999671e-01
6.390000000000000000e+03 9.761174000000001350e-01
6.400000000000000000e+03 9.762743000000000393e-01
6.410000000000000000e+03 9.764450000000001184e-01
6.420000000000000000e+03 9.766293000000000335e-01
6.430000000000000000e+03 9.768326999999999982e-01
6.440000000000000000e+03 9.770491999999998400e-01
6.450000000000000000e+03 9.772783999999999915e-01
6.460000000000000000e+03 9.775198999999999971e-01
6.470000000000000000e+03 9.777656000000001235e-01
6.480000000000000000e+03 9.780225999999999642e-01
6.490000000000000000e+03 9.782904999999999518e-01
6.500000000000000000e+03 9.785690000000000222e-01
6.510000000000000000e+03 9.788575999999999944e-01
6.520000000000000000e+03 9.791604999999999892e-01
6.530000000000000000e+03 9.794728999999999797e-01
6.540000000000000000e+03 9.797943000000000069e-01
6.550000000000000000e+03 9.801241000000000536e-01
6.560000000000000000e+03 9.804570000000000229e-01
6.570000000000000000e+03 9.807974000000000414e-01
6.580000000000000000e+03 9.811445999999999223e-01
6.590000000000000000e+03 9.814984000000001041e-01
6.600000000000000000e+03 9.818581999999999033e-01
6.610000000000000000e+03 9.822279999999998790e-01
6.620000000000000000e+03 9.826027000000001621e-01
6.630000000000000000e+03 9.829818999999999640e-01
6.640000000000000000e+03 9.833650000000001556e-01
6.650000000000000000e+03 9.837517000000000067e-01
6.660000000000000000e+03 9.841367999999999228e-01
6.670000000000000000e+03 9.845245000000000246e-01
6.680000000000000000e+03 9.849141999999999619e-01
6.690000000000000000e+03 9.853053999999999979e-01
6.700000000000000000e+03 9.856975999999999516e-01
6.710000000000000000e+03 9.860929999999999973e-01
6.720000000000000000e+03 9.864882999999999846e-01
6.730000000000000000e+03 9.868831000000000131e-01
6.740000000000000000e+03 9.872769000000000128e-01
6.750000000000000000e+03 9.876646999999998400e-01
6.760000000000000000e+03 9.880506000000001121e-01
6.770000000000000000e+03 9.884340999999999822e-01
6.780000000000000000e+03 9.888147000000000464e-01
6.790000000000000000e+03 9.891920000000000712e-01
6.800000000000000000e+03 9.895670000000000854e-01
6.810000000000000000e+03 9.899378000000000899e-01
6.820000000000000000e+03 9.903039000000000147e-01
6.830000000000000000e+03 9.906648000000000120e-01
6.840000000000000000e+03 9.910201000000000704e-01
6.850000000000000000e+03 9.913705999999999907e-01
6.860000000000000000e+03 9.917145000000000543e-01
6.870000000000000000e+03 9.920516999999999808e-01
6.880000000000000000e+03 9.923815000000000275e-01
6.890000000000000000e+03 9.927036999999999667e-01
6.900000000000000000e+03 9.930180000000000673e-01
6.910000000000000000e+03 9.933218000000000325e-01
6.920000000000000000e+03 9.936171999999999782e-01
6.930000000000000000e+03 9.939035999999999982e-01
6.940000000000000000e+03 9.941810000000000924e-01
6.950000000000000000e+03 9.944490000000000274e-01
6.960000000000000000e+03 9.947070999999999552e-01
6.970000000000000000e+03 9.949554000000001563e-01
6.980000000000000000e+03 9.951932999999999474e-01
6.990000000000000000e+03 9.954207999999998835e-01
7.000000000000000000e+03 9.956374999999999531e-01
7.010000000000000000e+03 9.958456999999998338e-01
7.020000000000000000e+03 9.960419000000000356e-01
7.030000000000000000e+03 9.962208999999999648e-01
7.040000000000000000e+03 9.963883999999999519e-01
7.050000000000000000e+03 9.965473000000000248e-01
7.060000000000000000e+03 9.966939000000001325e-01
7.070000000000000000e+03 9.968257000000001478e-01
7.080000000000000000e+03 9.969452999999999232e-01
7.090000000000000000e+03 9.970527999999999613e-01
7.100000000000000000e+03 9.971478999999999759e-01
7.110000000000000000e+03 9.972307000000000254e-01
7.120000000000000000e+03 9.973030999999999979e-01
7.130000000000000000e+03 9.973629000000001632e-01
7.140000000000000000e+03 9.974083999999999728e-01
7.150000000000000000e+03 9.974415999999999283e-01
7.160000000000000000e+03 9.974636999999999531e-01
7.170000000000000000e+03 9.974733999999998435e-01
7.180000000000000000e+03 9.974702999999999209e-01
7.190000000000000000e+03 9.974551999999999863e-01
7.200000000000000000e+03 9.974281999999998760e-01
7.210000000000000000e+03 9.973894000000000926e-01
7.220000000000000000e+03 9.973387000000000224e-01
7.230000000000000000e+03 9.972745999999999000e-01
7.240000000000000000e+03 9.971988000000000518e-01
7.250000000000000000e+03 9.971128000000001323e-01
7.260000000000000000e+03 9.970155000000001655e-01
7.270000000000000000e+03 9.969078999999998469e-01
7.280000000000000000e+03 9.967896000000000534e-01
7.290000000000000000e+03 9.966608000000000134e-01
7.300000000000000000e+03 9.965201000000000198e-01
7.310000000000000000e+03 9.963689999999999491e-01
7.320000000000000000e+03 9.962060000000000359e-01
7.330000000000000000e+03 9.960330999999998935e-01
7.340000000000000000e+03 9.958531999999998829e-01
7.350000000000000000e+03 9.956638999999999351e-01
7.360000000000000000e+03 9.954655999999999505e-01
7.370000000000000000e+03 9.952579999999998650e-01
7.380000000000000000e+03 9.950417999999998653e-01
7.390000000000000000e+03 9.948162000000000393e-01
7.400000000000000000e+03 9.945825000000000360e-01
7.410000000000000000e+03 9.943429000000000295e-01
7.420000000000000000e+03 9.940959000000001433e-01
7.430000000000000000e+03 9.938415999999999917e-01
7.440000000000000000e+03 9.935783000000000253e-01
7.450000000000000000e+03 9.933081999999999745e-01
7.460000000000000000e+03 9.930314000000001196e-01
7.470000000000000000e+03 9.927485999999998700e-01
7.480000000000000000e+03 9.924598000000000031e-01
7.490000000000000000e+03 9.921659000000001560e-01
7.500000000000000000e+03 9.918668000000000484e-01
7.510000000000000000e+03 9.915635999999999894e-01
7.520000000000000000e+03 9.912558000000000202e-01
7.530000000000000000e+03 9.909444999999998949e-01
7.540000000000000000e+03 9.906293000000000459e-01
7.550000000000000000e+03 9.903105000000000935e-01
7.560000000000000000e+03 9.899873000000000145e-01
7.570000000000000000e+03 9.896608999999998435e-01
7.580000000000000000e+03 9.893330000000000179e-01
7.590000000000000000e+03 9.890028000000000707e-01
7.600000000000000000e+03 9.886703999999999493e-01
7.610000000000000000e+03 9.883348000000000688e-01
7.620000000000000000e+03 9.879974999999998619e-01
7.630000000000000000e+03 9.876601999999999881e-01
7.640000000000000000e+03 9.873220000000000329e-01
7.650000000000000000e+03 9.869828999999999963e-01
7.660000000000000000e+03 9.866428999999999894e-01
7.670000000000000000e+03 9.863030000000000408e-01
7.680000000000000000e+03 9.859636999999998874e-01
7.690000000000000000e+03 9.856247000000000202e-01
7.700000000000000000e+03 9.852864999999998430e-01
7.710000000000000000e+03 9.849501000000000506e-01
7.720000000000000000e+03 9.846150999999999653e-01
7.730000000000000000e+03 9.842817999999999845e-01
7.740000000000000000e+03 9.839478999999999864e-01
7.750000000000000000e+03 9.836159000000000985e-01
7.760000000000000000e+03 9.832864000000000049e-01
7.770000000000000000e+03 9.829597000000001028e-01
7.780000000000000000e+03 9.826359999999999539e-01
7.790000000000000000e+03 9.823148000000000435e-01
7.800000000000000000e+03 9.819970000000001198e-01
7.810000000000000000e+03 9.816856000000000471e-01
7.820000000000000000e+03 9.813781000000000310e-01
7.830000000000000000e+03 9.810748000000001356e-01
7.840000000000000000e+03 9.807732999999998480e-01
7.850000000000000000e+03 9.804761000000000726e-01
7.860000000000000000e+03 9.801834999999999853e-01
7.870000000000000000e+03 9.798984000000000583e-01
7.880000000000000000e+03 9.796184999999999476e-01
7.890000000000000000e+03 9.793408000000000113e-01
7.900000000000000000e+03 9.790683000000000025e-01
7.910000000000000000e+03 9.788012000000000379e-01
7.920000000000000000e+03 9.785428999999999933e-01
7.930000000000000000e+03 9.782904000000000044e-01
7.940000000000000000e+03 9.780442000000000302e-01
7.950000000000000000e+03 9.778006000000000197e-01
7.960000000000000000e+03 9.775633000000000239e-01
7.970000000000000000e+03 9.773323999999999900e-01
7.980000000000000000e+03 9.771128000000000036e-01
7.990000000000000000e+03 9.769002000000001074e-01
8.000000000000000000e+03 9.766893000000000935e-01
8.010000000000000000e+03 9.764853999999999479e-01
8.020000000000000000e+03 9.762883999999999451e-01
8.030000000000000000e+03 9.761026999999999898e-01
8.040000000000000000e+03 9.759244000000000252e-01
8.050000000000000000e+03 9.757535000000001624e-01
8.060000000000000000e+03 9.755856000000000527e-01
8.070000000000000000e+03 9.754251999999999923e-01
8.080000000000000000e+03 9.752724000000000393e-01
8.090000000000000000e+03 9.751317999999999930e-01
8.100000000000000000e+03 9.749991000000000074e-01
8.110000000000000000e+03 9.748742999999998604e-01
8.120000000000000000e+03 9.747529999999998696e-01
8.130000000000000000e+03 9.746394000000000446e-01
8.140000000000000000e+03 9.745409000000000432e-01
8.150000000000000000e+03 9.744505000000001083e-01
8.160000000000000000e+03 9.743602000000000096e-01
8.170000000000000000e+03 9.742779999999999774e-01
8.180000000000000000e+03 9.742037999999999531e-01
8.190000000000000000e+03 9.741376000000001589e-01
8.200000000000000000e+03 9.740850000000000897e-01
8.210000000000000000e+03 9.740406999999999815e-01
8.220000000000000000e+03 9.740043999999999924e-01
8.230000000000000000e+03 9.739706999999999670e-01
8.240000000000000000e+03 9.739450000000000607e-01
8.250000000000000000e+03 9.739272999999999403e-01
8.260000000000000000e+03 9.739236000000000004e-01
8.270000000000000000e+03 9.739279999999999049e-01
8.280000000000000000e+03 9.739404000000000394e-01
8.290000000000000000e+03 9.739549000000000678e-01
8.300000000000000000e+03 9.739773000000000458e-01
8.310000000000000000e+03 9.740075000000001371e-01
8.320000000000000000e+03 9.740455999999999559e-01
8.330000000000000000e+03 9.740915999999998354e-01
8.340000000000000000e+03 9.741452000000001554e-01
8.350000000000000000e+03 9.742129000000000483e-01
8.360000000000000000e+03 9.742883000000001070e-01
8.370000000000000000e+03 9.743714000000001096e-01
8.380000000000000000e+03 9.744555999999999774e-01
8.390000000000000000e+03 9.745471999999999468e-01
8.400000000000000000e+03 9.746462000000001291e-01
8.410000000000000000e+03 9.747588999999998727e-01
8.420000000000000000e+03 9.748790000000000511e-01
8.430000000000000000e+03 9.750060999999998756e-01
8.440000000000000000e+03 9.751338000000000505e-01
8.450000000000000000e+03 9.752684000000001463e-01
8.460000000000000000e+03 9.754096999999999351e-01
8.470000000000000000e+03 9.755645000000000566e-01
8.480000000000000000e+03 9.757259000000000349e-01
8.490000000000000000e+03 9.758938999999999808e-01
8.500000000000000000e+03 9.760615999999999737e-01
8.510000000000000000e+03 9.762355999999999812e-01
8.520000000000000000e+03 9.764159000000000033e-01
8.530000000000000000e+03 9.766053999999999569e-01
8.540000000000000000e+03 9.768007000000000772e-01
8.550000000000000000e+03 9.770018000000000313e-01
8.560000000000000000e+03 9.772085999999999828e-01
8.570000000000000000e+03 9.774176000000001086e-01
8.580000000000000000e+03 9.776320999999998929e-01
8.590000000000000000e+03 9.778518999999998851e-01
8.600000000000000000e+03 9.780834000000000472e-01
8.610000000000000000e+03 9.783198999999999090e-01
8.620000000000000000e+03 9.785612000000001309e-01
8.630000000000000000e+03 9.788006999999999680e-01
8.640000000000000000e+03 9.790447000000001010e-01
8.650000000000000000e+03 9.792931999999998638e-01
8.660000000000000000e+03 9.795523000000000424e-01
8.670000000000000000e+03 9.798154999999999504e-01
8.680000000000000000e+03 9.800826000000000260e-01
8.690000000000000000e+03 9.803466000000000680e-01
8.700000000000000000e+03 9.806141000000000441e-01
8.710000000000000000e+03 9.808850000000001179e-01
8.720000000000000000e+03 9.811593000000000675e-01
8.730000000000000000e+03 9.814435000000000242e-01
8.740000000000000000e+03 9.817306000000000088e-01
8.750000000000000000e+03 9.820204000000001265e-01
8.760000000000000000e+03 9.823066999999999771e-01
8.770000000000000000e+03 9.825954000000000077e-01
8.780000000000000000e+03 9.828863999999999379e-01
8.790000000000000000e+03 9.831834000000001517e-01
8.800000000000000000e+03 9.834821999999999731e-01
8.810000000000000000e+03 9.837827000000000099e-01
8.820000000000000000e+03 9.840846999999999234e-01
8.830000000000000000e+03 9.843844000000000483e-01
8.840000000000000000e+03 9.846851999999999272e-01
8.850000000000000000e+03 9.849871000000000043e-01
8.860000000000000000e+03 9.852929999999999744e-01
8.870000000000000000e+03 9.855994999999999617e-01
8.880000000000000000e+03 9.859062999999999022e-01
8.890000000000000000e+03 9.862097999999999143e-01
8.900000000000000000e+03 9.865133000000000374e-01
8.910000000000000000e+03 9.868168000000000495e-01
8.920000000000000000e+03 9.871202000000001142e-01
8.930000000000000000e+03 9.874287999999999954e-01
8.940000000000000000e+03 9.877366000000000756e-01
8.950000000000000000e+03 9.880434999999999635e-01
8.960000000000000000e+03 9.883439000000000529e-01
8.970000000000000000e+03 9.886429999999999385e-01
8.980000000000000000e+03 9.889407999999998422e-01
8.990000000000000000e+03 9.892371000000000913e-01
9.000000000000000000e+03 9.895369000000000526e-01
9.010000000000000000e+03 9.898346000000000089e-01
9.020000000000000000e+03 9.901300999999999020e-01
9.030000000000000000e+03 9.904183000000000847e-01
9.040000000000000000e+03 9.907038999999999707e-01
9.050000000000000000e+03 9.909869999999999512e-01
9.060000000000000000e+03 9.912673000000000734e-01
9.070000000000000000e+03 9.915491000000000721e-01
9.080000000000000000e+03 9.918276000000000314e-01
9.090000000000000000e+03 9.921025999999999456e-01
9.100000000000000000e+03 9.923695000000000155e-01
9.110000000000000000e+03 9.926329000000001512e-01
9.120000000000000000e+03 9.928922999999999499e-01
9.130000000000000000e+03 9.931476000000000193e-01
9.140000000000000000e+03 9.933999000000001134e-01
9.150000000000000000e+03 9.936478000000000810e-01
9.160000000000000000e+03 9.938909000000001326e-01
9.170000000000000000e+03 9.941292999999999935e-01
9.180000000000000000e+03 9.943621000000000265e-01
9.190000000000000000e+03 9.945899000000001378e-01
9.200000000000000000e+03 9.948124000000000411e-01
9.210000000000000000e+03 9.950310999999999462e-01
9.220000000000000000e+03 9.952440999999999649e-01
9.230000000000000000e+03 9.954512000000000915e-01
9.240000000000000000e+03 9.956523000000000456e-01
9.250000000000000000e+03 9.958454999999999391e-01
9.260000000000000000e+03 9.960324999999998763e-01
9.270000000000000000e+03 9.962130999999998515e-01
9.280000000000000000e+03 9.963872000000000284e-01
9.290000000000000000e+03 9.965569000000000788e-01
9.300000000000000000e+03 9.967194999999999805e-01
9.310000000000000000e+03 9.968750000000000666e-01
9.320000000000000000e+03 9.970212999999999992e-01
9.330000000000000000e+03 9.971604000000000578e-01
9.340000000000000000e+03 9.972919999999999563e-01
9.350000000000000000e+03 9.974161999999999750e-01
9.360000000000000000e+03 9.975335999999999093e-01
9.370000000000000000e+03 9.976431000000001159e-01
9.380000000000000000e+03 9.977443999999999757e-01
9.390000000000000000e+03 9.978377000000000496e-01
9.400000000000000000e+03 9.979220000000000868e-01
9.410000000000000000e+03 9.979981000000001101e-01
9.420000000000000000e+03 9.980656999999998336e-01
9.430000000000000000e+03 9.981248000000000342e-01
9.440000000000000000e+03 9.981752000000000402e-01
9.450000000000000000e+03 9.982168000000000152e-01
9.460000000000000000e+03 9.982493999999999534e-01
9.470000000000000000e+03 9.982730000000000770e-01
9.480000000000000000e+03 9.982876999999998890e-01
9.490000000000000000e+03 9.982933000000001611e-01
9.500000000000000000e+03 9.982895999999999992e-01
9.510000000000000000e+03 9.982764999999999000e-01
9.520000000000000000e+03 9.982535000000001268e-01
9.530000000000000000e+03 9.982206999999999608e-01
9.540000000000000000e+03 9.981782000000000155e-01
9.550000000000000000e+03 9.981257000000000046e-01
9.560000000000000000e+03 9.980641999999999570e-01
9.570000000000000000e+03 9.979928000000001242e-01
9.580000000000000000e+03 9.979114000000001150e-01
9.590000000000000000e+03 9.978199999999999292e-01
9.600000000000000000e+03 9.977167000000000119e-01
9.610000000000000000e+03 9.976030000000000175e-01
9.620000000000000000e+03 9.974787000000000514e-01
9.630000000000000000e+03 9.973456000000000543e-01
9.640000000000000000e+03 9.972020000000000328e-01
9.650000000000000000e+03 9.970480000000000453e-01
9.660000000000000000e+03 9.968833999999999751e-01
9.670000000000000000e+03 9.967082999999999915e-01
9.680000000000000000e+03 9.965234999999998955e-01
9.690000000000000000e+03 9.963281000000000498e-01
9.700000000000000000e+03 9.961220999999998993e-01
9.710000000000000000e+03 9.959054000000000517e-01
9.720000000000000000e+03 9.956756000000001050e-01
9.730000000000000000e+03 9.954348999999999004e-01
9.740000000000000000e+03 9.951832999999999929e-01
9.750000000000000000e+03 9.949208000000000496e-01
9.760000000000000000e+03 9.946500999999999815e-01
9.770000000000000000e+03 9.943686000000000469e-01
9.780000000000000000e+03 9.940763000000000238e-01
9.790000000000000000e+03 9.937731999999999122e-01
9.800000000000000000e+03 9.934560000000000057e-01
9.810000000000000000e+03 9.931278000000000050e-01
9.820000000000000000e+03 9.927886000000000211e-01
9.830000000000000000e+03 9.924382999999999955e-01
9.840000000000000000e+03 9.920805999999998681e-01
9.850000000000000000e+03 9.917120999999998743e-01
9.860000000000000000e+03 9.913328000000001250e-01
9.870000000000000000e+03 9.909427000000000652e-01
9.880000000000000000e+03 9.905377999999999128e-01
9.890000000000000000e+03 9.901217999999999408e-01
9.900000000000000000e+03 9.896949999999999914e-01
9.910000000000000000e+03 9.892571999999998367e-01
9.920000000000000000e+03 9.888133000000000061e-01
9.930000000000000000e+03 9.883587000000001455e-01
9.940000000000000000e+03 9.878935999999999273e-01
9.950000000000000000e+03 9.874178000000001232e-01
9.960000000000000000e+03 9.869314999999999616e-01
9.970000000000000000e+03 9.864292999999999534e-01
9.980000000000000000e+03 9.859164000000000261e-01
9.990000000000000000e+03 9.853929000000001270e-01
1.000000000000000000e+04 9.848588000000000342e-01
1.001000000000000000e+04 9.843174000000000090e-01
1.002000000000000000e+04 9.837656999999999652e-01
1.003000000000000000e+04 9.832079999999999709e-01
1.004000000000000000e+04 9.826401000000000163e-01
1.005000000000000000e+04 9.820621999999998852e-01
1.006000000000000000e+04 9.814623999999999571e-01
1.007000000000000000e+04 9.808521999999999519e-01
1.008000000000000000e+04 9.802395000000000413e-01
1.009000000000000000e+04 9.796167999999999543e-01
1.010000000000000000e+04 9.789858999999999645e-01
1.011000000000000000e+04 9.783452000000000259e-01
1.012000000000000000e+04 9.776949000000000334e-01
1.013000000000000000e+04 9.770246999999999682e-01
1.014000000000000000e+04 9.763446999999999543e-01
1.015000000000000000e+04 9.756654999999999633e-01
1.016000000000000000e+04 9.749767999999998658e-01
1.017000000000000000e+04 9.742788999999999477e-01
1.018000000000000000e+04 9.735751999999999740e-01
1.019000000000000000e+04 9.728622999999998466e-01
1.020000000000000000e+04 9.721206999999999487e-01
1.021000000000000000e+04 9.713697000000000026e-01
1.022000000000000000e+04 9.706297999999999870e-01
1.023000000000000000e+04 9.698810999999999405e-01
1.024000000000000000e+04 9.691237999999999797e-01
1.025000000000000000e+04 9.683528999999999609e-01
1.026000000000000000e+04 9.675734999999999753e-01
1.027000000000000000e+04 9.667909000000000086e-01
1.028000000000000000e+04 9.660000999999999172e-01
1.029000000000000000e+04 9.652011000000000340e-01
1.030000000000000000e+04 9.643720999999999544e-01
1.031000000000000000e+04 9.635346999999998552e-01
1.032000000000000000e+04 9.627115000000000533e-01
1.033000000000000000e+04 9.618806000000000855e-01
1.034000000000000000e+04 9.610419999999999519e-01
1.035000000000000000e+04 9.601907999999998999e-01
1.036000000000000000e+04 9.593321999999999683e-01
1.037000000000000000e+04 9.584591000000000083e-01
1.038000000000000000e+04 9.575787000000000049e-01
1.039000000000000000e+04 9.566907000000000050e-01
1.040000000000000000e+04 9.558031999999999639e-01
1.041000000000000000e+04 9.549087000000001657e-01
1.042000000000000000e+04 9.540127000000000468e-01
1.043000000000000000e+04 9.531100000000001238e-01
1.044000000000000000e+04 9.522008000000000694e-01
1.045000000000000000e+04 9.513108999999998483e-01
1.046000000000000000e+04 9.504141000000000394e-01
1.047000000000000000e+04 9.494851000000000818e-01
1.048000000000000000e+04 9.485501000000000626e-01
1.049000000000000000e+04 9.476090999999998710e-01
1.050000000000000000e+04 9.466070999999999236e-01
1.051000000000000000e+04 9.456002000000000018e-01
1.052000000000000000e+04 9.446423999999999932e-01
1.053000000000000000e+04 9.436792000000001623e-01
1.054000000000000000e+04 9.427105999999999542e-01
1.055000000000000000e+04 9.417185999999999613e-01
1.056000000000000000e+04 9.407212999999999825e-01
1.057000000000000000e+04 9.397185999999999595e-01
1.058000000000000000e+04 9.387292000000000414e-01
1.059000000000000000e+04 9.377349999999999852e-01
1.060000000000000000e+04 9.367330999999999852e-01
1.061000000000000000e+04 9.357265000000000166e-01
1.062000000000000000e+04 9.347156000000000908e-01
1.063000000000000000e+04 9.336874000000000562e-01
1.064000000000000000e+04 9.326548000000000060e-01
1.065000000000000000e+04 9.316176999999999930e-01
1.066000000000000000e+04 9.305883999999999823e-01
1.067000000000000000e+04 9.295552000000000259e-01
1.068000000000000000e+04 9.285226000000000868e-01
1.069000000000000000e+04 9.274864000000000441e-01
1.070000000000000000e+04 9.264467000000000674e-01
1.071000000000000000e+04 9.253739000000000825e-01
1.072000000000000000e+04 9.242974999999999941e-01
1.073000000000000000e+04 9.232447999999998656e-01
1.074000000000000000e+04 9.221890999999999838e-01
1.075000000000000000e+04 9.211306000000000216e-01
1.076000000000000000e+04 9.200717000000000478e-01
1.077000000000000000e+04 9.190101000000000520e-01
1.078000000000000000e+04 9.179457999999999229e-01
1.079000000000000000e+04 9.168585999999999681e-01
1.080000000000000000e+04 9.157686999999999911e-01
1.081000000000000000e+04 9.146763999999999450e-01
1.082000000000000000e+04 9.136022999999999783e-01
1.083000000000000000e+04 9.125261000000001177e-01
1.084000000000000000e+04 9.114459000000000310e-01
1.085000000000000000e+04 9.103637999999999453e-01
1.086000000000000000e+04 9.092801000000001466e-01
1.087000000000000000e+04 9.081775999999999183e-01
1.088000000000000000e+04 9.070732999999999713e-01
1.089000000000000000e+04 9.059671999999999725e-01
1.090000000000000000e+04 9.048772000000000482e-01
1.091000000000000000e+04 9.037861000000001477e-01
1.092000000000000000e+04 9.026939000000001601e-01
1.093000000000000000e+04 9.016022999999999676e-01
1.094000000000000000e+04 9.005096999999999685e-01
1.095000000000000000e+04 8.993946000000000440e-01
1.096000000000000000e+04 8.982788000000000439e-01
1.097000000000000000e+04 8.971620000000000150e-01
1.098000000000000000e+04 8.960650999999999478e-01
1.099000000000000000e+04 8.949676999999999216e-01
1.100000000000000000e+04 8.938701000000000008e-01
1.101000000000000000e+04 8.927733999999999392e-01
1.102000000000000000e+04 8.916764999999999830e-01
1.103000000000000000e+04 8.905794999999999684e-01
1.104000000000000000e+04 8.894602999999998705e-01
1.105000000000000000e+04 8.883412000000000530e-01
1.106000000000000000e+04 8.872221000000000135e-01
1.107000000000000000e+04 8.861253000000000046e-01
1.108000000000000000e+04 8.850287999999999489e-01
1.109000000000000000e+04 8.839328000000000740e-01
1.110000000000000000e+04 8.828364999999999130e-01
1.111000000000000000e+04 8.817409999999999970e-01
1.112000000000000000e+04 8.806247999999998743e-01
1.113000000000000000e+04 8.795091999999998800e-01
1.114000000000000000e+04 8.783940999999999555e-01
1.115000000000000000e+04 8.773019999999999152e-01
1.116000000000000000e+04 8.762109999999999621e-01
1.117000000000000000e+04 8.751213000000001019e-01
1.118000000000000000e+04 8.740326999999998847e-01
1.119000000000000000e+04 8.729453999999999825e-01
1.120000000000000000e+04 8.718593000000000037e-01
1.121000000000000000e+04 8.707519000000000231e-01
1.122000000000000000e+04 8.696458000000000244e-01
1.123000000000000000e+04 8.685412000000000132e-01
1.124000000000000000e+04 8.674614999999999965e-01
1.125000000000000000e+04 8.663836000000001425e-01
1.126000000000000000e+04 8.653075999999999546e-01
1.127000000000000000e+04 8.642327999999999122e-01
1.128000000000000000e+04 8.631598000000000326e-01
1.129000000000000000e+04 8.620887000000000411e-01
1.130000000000000000e+04 8.609966999999999482e-01
1.131000000000000000e+04 8.599067000000000238e-01
1.132000000000000000e+04 8.588187999999999933e-01
1.133000000000000000e+04 8.577559999999999629e-01
1.134000000000000000e+04 8.566955000000000542e-01
1.135000000000000000e+04 8.556373000000000451e-01
1.136000000000000000e+04 8.545829999999998705e-01
1.137000000000000000e+04 8.535311999999999344e-01
1.138000000000000000e+04 8.524821000000000204e-01
1.139000000000000000e+04 8.514108999999998595e-01
1.140000000000000000e+04 8.503422999999999954e-01
1.141000000000000000e+04 8.492762000000000366e-01
1.142000000000000000e+04 8.482359999999999900e-01
1.143000000000000000e+04 8.471986000000000239e-01
1.144000000000000000e+04 8.461638999999999688e-01
1.145000000000000000e+04 8.451343999999999523e-01
1.146000000000000000e+04 8.441079999999999695e-01
1.147000000000000000e+04 8.430845999999998508e-01
1.148000000000000000e+04 8.420364999999998545e-01
1.149000000000000000e+04 8.409910999999998804e-01
1.150000000000000000e+04 8.399488000000000509e-01
