3.000000000000000000e+03 2.476000000000000423e-01
3.020000000000000000e+03 2.343000000000000638e-01
3.040000000000000000e+03 2.501000000000000445e-01
3.060000000000000000e+03 2.826999999999999513e-01
3.080000000000000000e+03 3.085999999999999854e-01
3.100000000000000000e+03 3.226000000000000534e-01
3.120000000000000000e+03 3.537000000000000699e-01
3.140000000000000000e+03 4.272999999999999576e-01
3.160000000000000000e+03 5.157000000000000473e-01
3.180000000000000000e+03 5.807999999999999829e-01
3.200000000000000000e+03 6.199999999999999956e-01
3.220000000000000000e+03 6.403999999999999693e-01
3.240000000000000000e+03 6.715999999999999748e-01
3.260000000000000000e+03 7.240000000000000879e-01
3.280000000000000000e+03 7.887000000000000677e-01
3.300000000000000000e+03 8.486000000000000210e-01
3.320000000000000000e+03 8.873000000000000886e-01
3.340000000000000000e+03 9.102000000000000091e-01
3.360000000000000000e+03 9.340999999999999304e-01
3.380000000000000000e+03 9.601999999999999424e-01
3.400000000000000000e+03 9.768999999999999906e-01
3.420000000000000000e+03 9.801000000000000822e-01
3.440000000000000000e+03 9.760999999999999677e-01
3.460000000000000000e+03 9.704000000000000403e-01
3.480000000000000000e+03 9.640999999999999570e-01
3.500000000000000000e+03 9.579999999999999627e-01
3.520000000000000000e+03 9.562000000000000499e-01
3.540000000000000000e+03 9.629000000000000892e-01
3.560000000000000000e+03 9.760999999999999677e-01
3.580000000000000000e+03 9.880999999999999783e-01
3.600000000000000000e+03 9.940999999999999837e-01
3.620000000000000000e+03 9.956999999999999185e-01
3.640000000000000000e+03 9.959000000000000075e-01
3.660000000000000000e+03 9.956999999999999185e-01
3.680000000000000000e+03 9.956000000000000405e-01
3.700000000000000000e+03 9.954000000000000625e-01
3.720000000000000000e+03 9.945999999999999286e-01
3.740000000000000000e+03 9.925000000000000488e-01
3.760000000000000000e+03 9.895000000000000462e-01
3.780000000000000000e+03 9.876999999999999114e-01
3.800000000000000000e+03 9.890999999999999792e-01
3.820000000000000000e+03 9.926999999999999158e-01
3.840000000000000000e+03 9.954999999999999405e-01
3.860000000000000000e+03 9.967000000000000304e-01
3.880000000000000000e+03 9.969000000000000083e-01
3.900000000000000000e+03 9.968000000000000194e-01
3.920000000000000000e+03 9.965000000000000524e-01
3.940000000000000000e+03 9.962000000000000854e-01
3.960000000000000000e+03 9.959000000000000075e-01
3.980000000000000000e+03 9.954000000000000625e-01
4.000000000000000000e+03 9.948999999999998956e-01
4.020000000000000000e+03 9.943999999999999506e-01
4.040000000000000000e+03 9.940999999999999837e-01
4.060000000000000000e+03 9.940999999999999837e-01
4.080000000000000000e+03 9.943999999999999506e-01
4.100000000000000000e+03 9.947000000000000286e-01
4.120000000000000000e+03 9.948999999999998956e-01
4.140000000000000000e+03 9.949999999999999956e-01
4.160000000000000000e+03 9.952999999999999625e-01
4.180000000000000000e+03 9.959000000000000075e-01
4.200000000000000000e+03 9.965999999999999304e-01
4.220000000000000000e+03 9.973000000000000753e-01
4.240000000000000000e+03 9.976999999999999202e-01
4.260000000000000000e+03 9.978000000000000203e-01
4.280000000000000000e+03 9.971999999999999753e-01
4.300000000000000000e+03 9.959999999999999964e-01
4.320000000000000000e+03 9.937000000000000277e-01
4.340000000000000000e+03 9.890000000000001013e-01
4.360000000000000000e+03 9.804999999999999272e-01
4.380000000000000000e+03 9.679000000000000936e-01
4.400000000000000000e+03 9.548999999999999710e-01
4.420000000000000000e+03 9.477999999999999758e-01
4.440000000000000000e+03 9.516000000000000014e-01
4.460000000000000000e+03 9.634999999999999121e-01
4.480000000000000000e+03 9.765000000000000346e-01
4.500000000000000000e+03 9.854999999999999316e-01
4.520000000000000000e+03 9.901000000000000911e-01
4.540000000000000000e+03 9.920999999999999819e-01
4.560000000000000000e+03 9.926999999999999158e-01
4.580000000000000000e+03 9.925000000000000488e-01
4.600000000000000000e+03 9.917000000000000259e-01
4.620000000000000000e+03 9.906999999999999140e-01
4.640000000000000000e+03 9.897000000000000242e-01
4.660000000000000000e+03 9.890999999999999792e-01
4.680000000000000000e+03 9.889000000000000012e-01
4.700000000000000000e+03 9.890999999999999792e-01
4.720000000000000000e+03 9.897000000000000242e-01
4.740000000000000000e+03 9.898000000000000131e-01
4.760000000000000000e+03 9.895999999999999241e-01
4.780000000000000000e+03 9.893999999999999462e-01
4.800000000000000000e+03 9.891999999999999682e-01
4.820000000000000000e+03 9.890999999999999792e-01
4.840000000000000000e+03 9.891999999999999682e-01
4.860000000000000000e+03 9.893000000000000682e-01
4.880000000000000000e+03 9.893000000000000682e-01
4.900000000000000000e+03 9.890999999999999792e-01
4.920000000000000000e+03 9.889000000000000012e-01
4.940000000000000000e+03 9.887000000000000233e-01
4.960000000000000000e+03 9.887000000000000233e-01
4.980000000000000000e+03 9.891999999999999682e-01
5.000000000000000000e+03 9.899000000000000021e-01
5.020000000000000000e+03 9.909000000000000030e-01
5.040000000000000000e+03 9.919999999999999929e-01
5.060000000000000000e+03 9.930999999999999828e-01
5.080000000000000000e+03 9.939000000000000057e-01
5.100000000000000000e+03 9.945999999999999286e-01
5.120000000000000000e+03 9.949999999999999956e-01
5.140000000000000000e+03 9.951999999999999735e-01
5.160000000000000000e+03 9.951000000000000956e-01
5.180000000000000000e+03 9.947000000000000286e-01
5.200000000000000000e+03 9.939000000000000057e-01
5.220000000000000000e+03 9.925000000000000488e-01
5.240000000000000000e+03 9.901999999999999691e-01
5.260000000000000000e+03 9.865000000000000435e-01
5.280000000000000000e+03 9.804999999999999272e-01
5.300000000000000000e+03 9.706999999999998963e-01
5.320000000000000000e+03 9.554000000000000270e-01
5.340000000000000000e+03 9.331999999999999185e-01
5.360000000000000000e+03 9.037999999999999368e-01
5.380000000000000000e+03 8.687999999999999057e-01
5.400000000000000000e+03 8.316999999999999948e-01
5.420000000000000000e+03 7.955999999999999739e-01
5.440000000000000000e+03 7.628000000000000336e-01
5.460000000000000000e+03 7.326000000000000290e-01
5.480000000000000000e+03 7.012999999999999234e-01
5.500000000000000000e+03 6.657999999999999474e-01
5.520000000000000000e+03 6.245000000000000551e-01
5.540000000000000000e+03 5.804000000000000270e-01
5.560000000000000000e+03 5.377000000000000668e-01
5.580000000000000000e+03 4.985999999999999877e-01
5.600000000000000000e+03 4.699000000000000399e-01
5.620000000000000000e+03 4.467999999999999750e-01
5.640000000000000000e+03 4.231000000000000316e-01
5.660000000000000000e+03 3.913000000000000367e-01
5.680000000000000000e+03 3.454000000000000403e-01
5.700000000000000000e+03 2.854000000000000425e-01
5.720000000000000000e+03 2.171999999999999764e-01
5.740000000000000000e+03 1.535999999999999865e-01
5.760000000000000000e+03 1.067000000000000171e-01
5.780000000000000000e+03 7.980000000000003757e-02
5.800000000000000000e+03 6.920000000000001150e-02
5.820000000000000000e+03 6.719999999999998197e-02
5.840000000000000000e+03 6.799999999999997713e-02
5.860000000000000000e+03 6.989999999999994829e-02
5.880000000000000000e+03 7.209999999999994191e-02
5.900000000000000000e+03 7.560000000000002829e-02
5.920000000000000000e+03 7.969999999999999307e-02
5.940000000000000000e+03 8.409999999999996645e-02
5.960000000000000000e+03 8.659999999999996867e-02
5.980000000000000000e+03 8.680000000000007154e-02
6.000000000000000000e+03 8.510000000000005060e-02
6.020000000000000000e+03 8.079999999999998295e-02
6.040000000000000000e+03 7.540000000000006419e-02
6.060000000000000000e+03 7.069999999999992957e-02
6.080000000000000000e+03 6.810000000000002163e-02
6.100000000000000000e+03 6.810000000000002163e-02
6.120000000000000000e+03 7.069999999999992957e-02
6.140000000000000000e+03 7.540000000000006419e-02
6.160000000000000000e+03 8.099999999999994704e-02
6.180000000000000000e+03 8.579999999999998739e-02
6.200000000000000000e+03 8.870000000000004270e-02
6.220000000000000000e+03 9.010000000000005504e-02
6.240000000000000000e+03 8.819999999999993123e-02
6.260000000000000000e+03 8.540000000000005920e-02
6.280000000000000000e+03 8.170000000000002260e-02
6.300000000000000000e+03 7.709999999999993248e-02
6.320000000000000000e+03 7.359999999999999876e-02
6.340000000000000000e+03 7.120000000000004103e-02
6.360000000000000000e+03 7.069999999999992957e-02
6.380000000000000000e+03 7.079999999999998794e-02
6.400000000000000000e+03 7.239999999999995051e-02
6.420000000000000000e+03 7.430000000000007432e-02
6.440000000000000000e+03 7.560000000000002829e-02
6.460000000000000000e+03 7.590000000000003688e-02
6.480000000000000000e+03 7.499999999999999722e-02
6.500000000000000000e+03 7.299999999999996769e-02
6.520000000000000000e+03 7.019999999999995688e-02
6.540000000000000000e+03 6.719999999999998197e-02
6.560000000000000000e+03 6.349999999999994538e-02
6.580000000000000000e+03 6.069999999999993456e-02
6.600000000000000000e+03 5.879999999999995647e-02
6.620000000000000000e+03 5.819999999999993234e-02
6.640000000000000000e+03 5.930000000000006793e-02
6.660000000000000000e+03 6.129999999999995175e-02
6.680000000000000000e+03 6.390000000000001235e-02
6.700000000000000000e+03 6.709999999999993747e-02
6.720000000000000000e+03 6.989999999999994829e-02
6.740000000000000000e+03 7.219999999999998641e-02
6.760000000000000000e+03 7.310000000000002607e-02
6.780000000000000000e+03 7.340000000000003466e-02
6.800000000000000000e+03 7.260000000000005338e-02
6.820000000000000000e+03 7.049999999999996547e-02
6.840000000000000000e+03 6.840000000000003022e-02
6.860000000000000000e+03 6.560000000000001941e-02
6.880000000000000000e+03 6.310000000000001719e-02
6.900000000000000000e+03 6.170000000000001872e-02
6.920000000000000000e+03 6.030000000000001331e-02
6.940000000000000000e+03 6.069999999999993456e-02
6.960000000000000000e+03 6.200000000000002731e-02
6.980000000000000000e+03 6.359999999999998987e-02
7.000000000000000000e+03 6.629999999999995619e-02
7.020000000000000000e+03 6.930000000000006988e-02
7.040000000000000000e+03 7.239999999999995051e-02
7.060000000000000000e+03 7.489999999999995273e-02
7.080000000000000000e+03 7.689999999999998226e-02
7.100000000000000000e+03 7.780000000000000804e-02
7.120000000000000000e+03 7.810000000000001663e-02
7.140000000000000000e+03 7.730000000000003535e-02
7.160000000000000000e+03 7.569999999999993401e-02
7.180000000000000000e+03 7.349999999999994038e-02
7.200000000000000000e+03 7.099999999999993816e-02
7.220000000000000000e+03 6.849999999999994982e-02
7.240000000000000000e+03 6.590000000000002800e-02
7.260000000000000000e+03 6.390000000000001235e-02
7.280000000000000000e+03 6.260000000000004450e-02
7.300000000000000000e+03 6.180000000000007015e-02
7.320000000000000000e+03 6.189999999999997587e-02
7.340000000000000000e+03 6.239999999999994856e-02
7.360000000000000000e+03 6.349999999999994538e-02
7.380000000000000000e+03 6.500000000000000222e-02
7.400000000000000000e+03 6.609999999999999210e-02
7.420000000000000000e+03 6.790000000000005753e-02
7.440000000000000000e+03 6.939999999999997560e-02
7.460000000000000000e+03 7.049999999999996547e-02
7.480000000000000000e+03 7.109999999999999654e-02
7.500000000000000000e+03 7.129999999999996063e-02
7.520000000000000000e+03 7.079999999999998794e-02
7.540000000000000000e+03 6.959999999999993969e-02
7.560000000000000000e+03 6.900000000000006128e-02
7.580000000000000000e+03 6.760000000000004894e-02
7.600000000000000000e+03 6.629999999999995619e-02
7.620000000000000000e+03 6.519999999999996632e-02
7.640000000000000000e+03 6.409999999999996256e-02
7.660000000000000000e+03 6.379999999999995397e-02
7.680000000000000000e+03 6.349999999999994538e-02
7.700000000000000000e+03 6.400000000000005684e-02
7.720000000000000000e+03 6.459999999999993525e-02
7.740000000000000000e+03 6.590000000000002800e-02
7.760000000000000000e+03 6.709999999999993747e-02
7.780000000000000000e+03 6.829999999999998572e-02
7.800000000000000000e+03 6.980000000000004257e-02
7.820000000000000000e+03 7.099999999999993816e-02
7.840000000000000000e+03 7.189999999999997782e-02
7.860000000000000000e+03 7.260000000000005338e-02
7.880000000000000000e+03 7.299999999999996769e-02
7.900000000000000000e+03 7.280000000000001747e-02
7.920000000000000000e+03 7.209999999999994191e-02
7.940000000000000000e+03 7.099999999999993816e-02
7.960000000000000000e+03 6.920000000000001150e-02
7.980000000000000000e+03 6.769999999999995466e-02
8.000000000000000000e+03 6.590000000000002800e-02
8.020000000000000000e+03 6.379999999999995397e-02
8.040000000000000000e+03 6.239999999999994856e-02
8.060000000000000000e+03 6.189999999999997587e-02
8.080000000000000000e+03 6.030000000000001331e-02
8.100000000000000000e+03 5.909999999999996506e-02
8.120000000000000000e+03 5.819999999999993234e-02
8.140000000000000000e+03 5.799999999999996825e-02
8.160000000000000000e+03 5.780000000000001109e-02
8.180000000000000000e+03 5.810000000000001968e-02
8.200000000000000000e+03 5.900000000000005934e-02
8.220000000000000000e+03 6.010000000000004922e-02
8.240000000000000000e+03 6.120000000000004603e-02
8.260000000000000000e+03 6.230000000000004284e-02
8.280000000000000000e+03 6.359999999999998987e-02
8.300000000000000000e+03 6.489999999999994384e-02
8.320000000000000000e+03 6.560000000000001941e-02
8.340000000000000000e+03 6.640000000000000069e-02
8.360000000000000000e+03 6.700000000000003175e-02
8.380000000000000000e+03 6.680000000000006766e-02
8.400000000000000000e+03 6.650000000000005906e-02
8.420000000000000000e+03 6.620000000000005047e-02
8.440000000000000000e+03 6.560000000000001941e-02
8.460000000000000000e+03 6.459999999999993525e-02
8.480000000000000000e+03 6.340000000000003966e-02
8.500000000000000000e+03 6.299999999999997269e-02
8.520000000000000000e+03 6.280000000000000859e-02
8.540000000000000000e+03 5.950000000000002509e-02
8.560000000000000000e+03 5.609999999999999709e-02
8.580000000000000000e+03 5.489999999999994884e-02
8.600000000000000000e+03 5.400000000000005490e-02
8.620000000000000000e+03 5.349999999999994343e-02
8.640000000000000000e+03 5.299999999999997075e-02
8.660000000000000000e+03 5.280000000000001359e-02
8.680000000000000000e+03 5.299999999999997075e-02
8.700000000000000000e+03 5.349999999999994343e-02
8.720000000000000000e+03 5.390000000000000346e-02
8.740000000000000000e+03 5.459999999999994025e-02
8.760000000000000000e+03 5.549999999999997297e-02
8.780000000000000000e+03 5.640000000000000568e-02
8.800000000000000000e+03 5.719999999999998697e-02
8.820000000000000000e+03 5.790000000000006253e-02
8.840000000000000000e+03 5.849999999999994094e-02
8.860000000000000000e+03 5.900000000000005934e-02
8.880000000000000000e+03 5.939999999999998059e-02
8.900000000000000000e+03 5.959999999999993775e-02
8.920000000000000000e+03 5.959999999999993775e-02
8.940000000000000000e+03 5.930000000000006793e-02
8.960000000000000000e+03 5.879999999999995647e-02
8.980000000000000000e+03 5.810000000000001968e-02
9.000000000000000000e+03 5.739999999999995106e-02
9.020000000000000000e+03 5.670000000000001428e-02
9.040000000000000000e+03 5.579999999999998156e-02
9.060000000000000000e+03 5.469999999999999168e-02
9.080000000000000000e+03 5.379999999999995203e-02
9.100000000000000000e+03 5.299999999999997075e-02
9.120000000000000000e+03 5.209999999999993803e-02
9.140000000000000000e+03 5.140000000000000818e-02
9.160000000000000000e+03 5.090000000000003549e-02
9.180000000000000000e+03 5.069999999999993262e-02
9.200000000000000000e+03 5.049999999999996853e-02
9.220000000000000000e+03 5.049999999999996853e-02
9.240000000000000000e+03 5.079999999999998406e-02
9.260000000000000000e+03 5.120000000000004409e-02
9.280000000000000000e+03 5.180000000000006821e-02
9.300000000000000000e+03 5.239999999999994662e-02
9.320000000000000000e+03 5.319999999999993484e-02
9.340000000000000000e+03 5.409999999999996756e-02
9.360000000000000000e+03 5.489999999999994884e-02
9.380000000000000000e+03 5.560000000000002440e-02
9.400000000000000000e+03 5.629999999999995425e-02
9.420000000000000000e+03 5.700000000000002981e-02
9.440000000000000000e+03 5.739999999999995106e-02
9.460000000000000000e+03 5.760000000000005393e-02
9.480000000000000000e+03 5.769999999999995965e-02
9.500000000000000000e+03 5.780000000000001109e-02
9.520000000000000000e+03 5.760000000000005393e-02
9.540000000000000000e+03 5.730000000000003840e-02
9.560000000000000000e+03 5.689999999999997837e-02
9.580000000000000000e+03 5.629999999999995425e-02
9.600000000000000000e+03 5.569999999999993012e-02
9.620000000000000000e+03 5.500000000000000028e-02
9.640000000000000000e+03 5.409999999999996756e-02
9.660000000000000000e+03 5.319999999999993484e-02
9.680000000000000000e+03 5.249999999999999806e-02
9.700000000000000000e+03 5.170000000000001678e-02
9.720000000000000000e+03 5.090000000000003549e-02
9.740000000000000000e+03 5.019999999999995993e-02
9.760000000000000000e+03 4.950000000000003009e-02
9.780000000000000000e+03 4.909999999999996312e-02
9.800000000000000000e+03 4.870000000000004881e-02
9.820000000000000000e+03 4.849999999999994593e-02
9.840000000000000000e+03 4.840000000000003327e-02
9.860000000000000000e+03 4.849999999999994593e-02
9.880000000000000000e+03 4.870000000000004881e-02
9.900000000000000000e+03 4.909999999999996312e-02
9.920000000000000000e+03 4.959999999999993581e-02
9.940000000000000000e+03 5.019999999999995993e-02
9.960000000000000000e+03 5.090000000000003549e-02
9.980000000000000000e+03 5.150000000000005962e-02
1.000000000000000000e+04 5.219999999999998946e-02
1.002000000000000000e+04 5.299999999999997075e-02
1.004000000000000000e+04 5.359999999999999487e-02
1.006000000000000000e+04 5.420000000000001900e-02
1.008000000000000000e+04 5.480000000000004312e-02
1.010000000000000000e+04 5.510000000000005171e-02
1.012000000000000000e+04 5.549999999999997297e-02
1.014000000000000000e+04 5.579999999999998156e-02
1.016000000000000000e+04 5.590000000000003300e-02
1.018000000000000000e+04 5.590000000000003300e-02
1.020000000000000000e+04 5.569999999999993012e-02
1.022000000000000000e+04 5.560000000000002440e-02
1.024000000000000000e+04 5.510000000000005171e-02
1.026000000000000000e+04 5.459999999999994025e-02
1.028000000000000000e+04 5.420000000000001900e-02
1.030000000000000000e+04 5.379999999999995203e-02
1.032000000000000000e+04 5.319999999999993484e-02
1.034000000000000000e+04 5.239999999999994662e-02
1.036000000000000000e+04 5.180000000000006821e-02
1.038000000000000000e+04 5.150000000000005962e-02
1.040000000000000000e+04 5.120000000000004409e-02
1.042000000000000000e+04 5.090000000000003549e-02
1.044000000000000000e+04 5.069999999999993262e-02
1.046000000000000000e+04 5.060000000000001996e-02
1.048000000000000000e+04 5.099999999999994121e-02
1.050000000000000000e+04 5.140000000000000818e-02
1.052000000000000000e+04 5.189999999999997393e-02
1.054000000000000000e+04 5.269999999999996215e-02
1.056000000000000000e+04 5.370000000000004631e-02
1.058000000000000000e+04 5.480000000000004312e-02
1.060000000000000000e+04 5.629999999999995425e-02
1.062000000000000000e+04 5.769999999999995965e-02
1.064000000000000000e+04 5.980000000000004062e-02
1.066000000000000000e+04 6.170000000000001872e-02
1.068000000000000000e+04 6.340000000000003966e-02
1.070000000000000000e+04 6.549999999999997491e-02
1.072000000000000000e+04 6.780000000000001303e-02
1.074000000000000000e+04 7.000000000000000666e-02
1.076000000000000000e+04 7.200000000000002232e-02
1.078000000000000000e+04 7.400000000000005185e-02
1.080000000000000000e+04 7.590000000000003688e-02
1.082000000000000000e+04 7.769999999999996354e-02
1.084000000000000000e+04 7.950000000000002898e-02
1.086000000000000000e+04 8.090000000000002744e-02
1.088000000000000000e+04 8.230000000000003979e-02
1.090000000000000000e+04 8.400000000000006073e-02
1.092000000000000000e+04 8.349999999999994926e-02
1.094000000000000000e+04 8.439999999999997504e-02
1.096000000000000000e+04 8.480000000000004201e-02
1.098000000000000000e+04 8.540000000000005920e-02
1.100000000000000000e+04 8.549999999999996492e-02
1.102000000000000000e+04 8.540000000000005920e-02
1.104000000000000000e+04 8.530000000000001470e-02
1.106000000000000000e+04 8.469999999999998364e-02
1.108000000000000000e+04 8.390000000000000235e-02
1.110000000000000000e+04 8.280000000000001248e-02
1.112000000000000000e+04 8.170000000000002260e-02
1.114000000000000000e+04 8.040000000000006863e-02
1.116000000000000000e+04 7.890000000000001179e-02
1.118000000000000000e+04 7.730000000000003535e-02
1.120000000000000000e+04 7.549999999999996991e-02
1.122000000000000000e+04 7.370000000000004325e-02
1.124000000000000000e+04 7.180000000000007210e-02
1.126000000000000000e+04 7.000000000000000666e-02
1.128000000000000000e+04 6.840000000000003022e-02
1.130000000000000000e+04 6.659999999999996478e-02
1.132000000000000000e+04 6.540000000000006919e-02
1.134000000000000000e+04 6.489999999999994384e-02
1.136000000000000000e+04 6.340000000000003966e-02
1.138000000000000000e+04 6.200000000000002731e-02
1.140000000000000000e+04 6.060000000000002190e-02
1.142000000000000000e+04 5.989999999999994634e-02
1.144000000000000000e+04 5.900000000000005934e-02
1.146000000000000000e+04 5.849999999999994094e-02
1.148000000000000000e+04 5.810000000000001968e-02
1.150000000000000000e+04 5.829999999999998378e-02
