3.000000000000000000e+03 4.584795361626877730e-01
3.100000000000000000e+03 5.416256614434783456e-01
3.200000000000000000e+03 5.912546084869565455e-01
3.300000000000000000e+03 6.415812731535178726e-01
3.400000000000000000e+03 6.770251345049408398e-01
3.500000000000000000e+03 7.059709280063241055e-01
3.600000000000000000e+03 7.478101106431159772e-01
3.700000000000000000e+03 7.980318447515152291e-01
3.800000000000000000e+03 8.472726132984190750e-01
3.900000000000000000e+03 8.841325762334649729e-01
4.000000000000000000e+03 9.071028781060606061e-01
4.100000000000000000e+03 9.198062211351778483e-01
4.200000000000000000e+03 9.277759003067193033e-01
4.300000000000000000e+03 9.334120903139657699e-01
4.400000000000000000e+03 9.364728649989132458e-01
4.500000000000000000e+03 9.388589052437417148e-01
4.600000000000000000e+03 9.315692041304346471e-01
4.700000000000000000e+03 9.242659284584979762e-01
4.800000000000000000e+03 9.169952297167326405e-01
4.900000000000000000e+03 9.087242306060605568e-01
5.000000000000000000e+03 9.018599097760212624e-01
5.100000000000000000e+03 8.940693553623190182e-01
5.200000000000000000e+03 8.865660817654810177e-01
5.300000000000000000e+03 8.805698880830037378e-01
5.400000000000000000e+03 8.736650001284584910e-01
5.500000000000000000e+03 8.670817920355731179e-01
5.600000000000000000e+03 8.619078476613966089e-01
5.700000000000000000e+03 8.558536335177864274e-01
5.800000000000000000e+03 8.500639832740448654e-01
5.900000000000000000e+03 8.456592920454545359e-01
6.000000000000000000e+03 8.404169679841896334e-01
6.100000000000000000e+03 8.340995361462449909e-01
6.200000000000000000e+03 8.282774248221344005e-01
6.300000000000000000e+03 8.223711877733861364e-01
6.400000000000000000e+03 8.163439889262187332e-01
6.500000000000000000e+03 8.097374730237154594e-01
6.600000000000000000e+03 8.030599193115942613e-01
6.700000000000000000e+03 7.962700050988142930e-01
6.800000000000000000e+03 7.888453295158103229e-01
6.900000000000000000e+03 7.856078326745720153e-01
7.000000000000000000e+03 7.827055569334651075e-01
7.100000000000000000e+03 7.787121201581028718e-01
7.200000000000000000e+03 7.719666592094861501e-01
7.300000000000000000e+03 7.676497196574438853e-01
7.400000000000000000e+03 7.435826324802371490e-01
7.500000000000000000e+03 7.083958063510601422e-01
7.600000000000000000e+03 6.962620942283507253e-01
7.700000000000000000e+03 6.805139610722844568e-01
7.800000000000000000e+03 6.570471771026467067e-01
7.900000000000000000e+03 6.289066677697925378e-01
8.000000000000000000e+03 6.002585676101932499e-01
8.100000000000000000e+03 5.719821870556356380e-01
8.200000000000000000e+03 5.460436625263506150e-01
8.300000000000000000e+03 5.244441127257752910e-01
8.400000000000000000e+03 5.093225322032575164e-01
8.500000000000000000e+03 4.919664470203016782e-01
8.600000000000000000e+03 4.655633432318239673e-01
8.700000000000000000e+03 4.322114589891006831e-01
8.800000000000000000e+03 4.007627236624145550e-01
8.900000000000000000e+03 3.784000983635763538e-01
9.000000000000000000e+03 3.575665432336205818e-01
9.100000000000000000e+03 3.429758424206491574e-01
9.200000000000000000e+03 3.255084246116297098e-01
9.300000000000000000e+03 3.100969366759491752e-01
9.400000000000000000e+03 2.868597292481138150e-01
9.500000000000000000e+03 2.582044534592464191e-01
9.600000000000000000e+03 2.328331226587016523e-01
9.700000000000000000e+03 2.116873079768535615e-01
9.800000000000000000e+03 1.954969712343094523e-01
9.900000000000000000e+03 1.761013106134868278e-01
1.000000000000000000e+04 1.541602901989162500e-01
1.010000000000000000e+04 1.343778818540613540e-01
1.020000000000000000e+04 1.094755487699080737e-01
1.030000000000000000e+04 8.514038162103815255e-02
1.040000000000000000e+04 6.090057251543697786e-02
1.050000000000000000e+04 3.239133571768263581e-02
