3.064902238881063113e+03 9.433946228000000822e-01
3.069902238881063113e+03 9.436012268000000258e-01
3.074902238881063113e+03 9.438416290000000153e-01
3.079902238881063113e+03 9.441699219000000420e-01
3.084902238881063113e+03 9.442803191999999957e-01
3.089902238881063113e+03 9.443341827000000244e-01
3.094902238881063113e+03 9.442567443999999588e-01
3.099902238881063113e+03 9.445937347000000761e-01
3.104902238881063113e+03 9.447955322000000100e-01
3.109902238881063113e+03 9.448135376000000862e-01
3.114902238881063113e+03 9.449987792999999803e-01
3.119902238881063113e+03 9.454731750000000545e-01
3.124902238881063113e+03 9.456475829999999583e-01
3.129902238881063113e+03 9.458168793000000241e-01
3.134902238881063113e+03 9.460649109000001111e-01
3.139902238881063113e+03 9.461258698000000189e-01
3.144902238881063113e+03 9.463905334000000114e-01
3.149902238881063113e+03 9.467984009000000034e-01
3.154902238881063113e+03 9.465259552000000465e-01
3.159902238881063113e+03 9.465671539000000134e-01
3.164902238881063113e+03 9.469076537999999710e-01
3.169902238881063113e+03 9.471411895999999331e-01
3.174902238881063113e+03 9.475856781000000506e-01
3.179902238881063113e+03 9.470321654999999117e-01
3.184902238881063113e+03 9.479351807000000463e-01
3.189902238881063113e+03 9.475234985000000609e-01
3.194902238881063113e+03 9.481283568999999689e-01
3.199902238881063113e+03 9.478986359000000084e-01
3.204902238881063113e+03 9.485729980000000561e-01
3.209902238881063113e+03 9.483480072000000094e-01
3.214902238881063113e+03 9.484362792999999625e-01
3.219902238881063113e+03 9.487409972999999441e-01
3.224902238881063113e+03 9.492967224000000703e-01
3.229902238881063113e+03 9.493890380999999712e-01
3.234902238881063113e+03 9.492521667000000107e-01
3.239902238881063113e+03 9.496514892999999846e-01
3.244902238881063113e+03 9.497661591000000625e-01
3.249902238881063113e+03 9.496652985000000324e-01
3.254902238881063113e+03 9.501193236999999625e-01
3.259902238881063113e+03 9.504184722999999835e-01
3.264902238881063113e+03 9.501325226000000290e-01
3.269902238881063113e+03 9.504096985000000108e-01
3.274902238881063113e+03 9.506732941000000103e-01
3.279902238881063113e+03 9.510498047000000010e-01
3.284902238881063113e+03 9.510142516999999796e-01
3.289902238881063113e+03 9.508708953999999158e-01
3.294902238881063113e+03 9.514993286000000827e-01
3.299902238881063113e+03 9.513327789000000090e-01
3.304902238881063113e+03 9.514740752999999440e-01
3.309902238881063113e+03 9.515285491999999623e-01
3.314902238881063113e+03 9.517767334000000190e-01
3.319902238881063113e+03 9.513981628000000024e-01
3.324902238881063113e+03 9.523360442999999620e-01
3.329902238881063113e+03 9.520404815999999881e-01
3.334902238881063113e+03 9.522830199999999801e-01
3.339902238881063113e+03 9.522913361000000521e-01
3.344902238881063113e+03 9.526353455000000636e-01
3.349902238881063113e+03 9.526760864000000106e-01
3.354902238881063113e+03 9.532833098999999866e-01
3.359902238881063113e+03 9.530189514000000361e-01
3.364902238881063113e+03 9.531455993999999876e-01
3.369902238881063113e+03 9.531621552000000275e-01
3.374902238881063113e+03 9.533106232000000402e-01
3.379902238881063113e+03 9.535929871000000668e-01
3.384902238881063113e+03 9.537577819999999429e-01
3.389902238881063113e+03 9.536880492999999515e-01
3.394902238881063113e+03 9.540329741999999946e-01
3.399902238881063113e+03 9.541046142999999313e-01
3.404902238881063113e+03 9.543474578999999736e-01
3.409902238881063113e+03 9.543283081000000223e-01
3.414902238881063113e+03 9.544396973000001116e-01
3.419902238881063113e+03 9.545735168000000215e-01
3.424902238881063113e+03 9.545124054000000413e-01
3.429902238881063113e+03 9.548709868999999406e-01
3.434902238881063113e+03 9.547869873000000007e-01
3.439902238881063113e+03 9.550578307999999517e-01
3.444902238881063113e+03 9.553707885999999094e-01
3.449902238881063113e+03 9.553629302999999684e-01
3.454902238881063113e+03 9.555526733000000439e-01
3.459902238881063113e+03 9.554115294999999675e-01
3.464902238881063113e+03 9.557379912999999227e-01
3.469902238881063113e+03 9.557934570000000685e-01
3.474902238881063113e+03 9.562645720999999321e-01
3.479902238881063113e+03 9.560559082000000819e-01
3.484902238881063113e+03 9.557845306000000152e-01
3.489902238881063113e+03 9.563115691999999335e-01
3.494902238881063113e+03 9.562641144000000315e-01
3.499902238881063113e+03 9.560143279999999688e-01
3.504902238881063113e+03 9.563487243999999610e-01
3.509902238881063113e+03 9.566008758999999806e-01
3.514902238881063113e+03 9.567273711999999541e-01
3.519902238881063113e+03 9.566810608000000382e-01
3.524902238881063113e+03 9.571746826000000485e-01
3.529902238881063113e+03 9.569290161000000294e-01
3.534902238881063113e+03 9.570868683000000043e-01
3.539902238881063113e+03 9.569795226999999738e-01
3.544902238881063113e+03 9.575537108999999658e-01
3.549902238881063113e+03 9.572054291000000603e-01
3.554902238881063113e+03 9.570337677000000376e-01
3.559902238881063113e+03 9.558280181999999625e-01
3.564902238881063113e+03 9.553420257999999388e-01
3.569902238881063113e+03 9.558448792000000527e-01
3.574902238881063113e+03 9.557999420000000690e-01
3.579902238881063113e+03 9.558977509000000650e-01
3.584902238881063113e+03 9.562357330000000877e-01
3.589902238881063113e+03 9.560096740999999287e-01
3.594902238881063113e+03 9.559586333999999797e-01
3.599902238881063113e+03 9.565660094999999252e-01
3.604902238881063113e+03 9.565373993000000352e-01
3.609902238881063113e+03 9.564605713000000620e-01
3.614902238881063113e+03 9.567744446000000513e-01
3.619902238881063113e+03 9.565262603999999946e-01
3.624902238881063113e+03 9.568931580000000769e-01
3.629902238881063113e+03 9.567276001000000196e-01
3.634902238881063113e+03 9.573055266999999091e-01
3.639902238881063113e+03 9.570848082999999784e-01
3.644902238881063113e+03 9.572521973000001072e-01
3.649902238881063113e+03 9.570436096000000115e-01
3.654902238881063113e+03 9.574256133999999863e-01
3.659902238881063113e+03 9.574520873999999848e-01
3.664902238881063113e+03 9.575431061000000410e-01
3.669902238881063113e+03 9.575211333999998908e-01
3.674902238881063113e+03 9.580886841000000320e-01
3.679902238881063113e+03 9.579624176000000046e-01
3.684902238881063113e+03 9.579220580999999735e-01
3.689902238881063113e+03 9.577834319999999346e-01
3.694902238881063113e+03 9.583125304999999816e-01
3.699902238881063113e+03 9.580299377000000005e-01
3.704902238881063113e+03 9.582624816999999462e-01
3.709902238881063113e+03 9.584180449999999407e-01
3.714902238881063113e+03 9.582705688000000555e-01
3.719902238881063113e+03 9.581845092999999869e-01
3.724902238881063113e+03 9.584875487999999777e-01
3.729902238881063113e+03 9.585472106999999298e-01
3.734902238881063113e+03 9.587822722999999048e-01
3.739902238881063113e+03 9.589569092000000960e-01
3.744902238881063113e+03 9.590107727000000137e-01
3.749902238881063113e+03 9.589363097999999974e-01
3.754902238881063113e+03 9.587234497000000077e-01
3.759902238881063113e+03 9.586943816999999868e-01
3.764902238881063113e+03 9.591416168000000964e-01
3.769902238881063113e+03 9.590345001000000202e-01
3.774902238881063113e+03 9.590943145999999420e-01
3.779902238881063113e+03 9.594244385000000319e-01
3.784902238881063113e+03 9.593098449999999389e-01
3.789902238881063113e+03 9.593675994999999457e-01
3.794902238881063113e+03 9.597789763999999835e-01
3.799902238881063113e+03 9.595420074000000632e-01
3.804902238881063113e+03 9.593601227000000398e-01
3.809902238881063113e+03 9.595564269999999896e-01
3.814902238881063113e+03 9.597989655000001008e-01
3.819902238881063113e+03 9.589030456999999563e-01
3.824902238881063113e+03 9.601104736000000139e-01
3.829902238881063113e+03 9.601953125000000089e-01
3.834902238881063113e+03 9.599377440999999900e-01
3.839902238881063113e+03 9.601157379000000436e-01
3.844902238881063113e+03 9.603706359999999442e-01
3.849902238881063113e+03 9.599153137000000502e-01
3.854902238881063113e+03 9.601119995000000351e-01
3.859902238881063113e+03 9.603481293000000196e-01
3.864902238881063113e+03 9.604277801999999697e-01
3.869902238881063113e+03 9.601741791000000248e-01
3.874902238881063113e+03 9.608810425000000599e-01
3.879902238881063113e+03 9.608065795999999326e-01
3.884902238881063113e+03 9.606441497999999024e-01
3.889902238881063113e+03 9.604004668999999161e-01
3.894902238881063113e+03 9.603262329000000763e-01
3.899902238881063113e+03 9.616526030999998920e-01
3.904902238881063113e+03 9.602992249000000813e-01
3.909902238881063113e+03 9.601708983999999170e-01
3.914902238881063113e+03 9.617372894000000283e-01
3.919902238881063113e+03 9.604106903000000361e-01
3.924902238881063113e+03 9.611203002999999523e-01
3.929902238881063113e+03 9.612304688000000708e-01
3.934902238881063113e+03 9.609793854000000524e-01
3.939902238881063113e+03 9.606917571999999961e-01
3.944902238881063113e+03 9.617127990999999598e-01
3.949902238881063113e+03 9.613493347000000577e-01
3.954902238881063113e+03 9.610899353000000866e-01
3.959902238881063113e+03 9.611654662999999932e-01
3.964902238881063113e+03 9.612443541999999841e-01
3.969902238881063113e+03 9.614207458000000317e-01
3.974902238881063113e+03 9.614301299999999939e-01
3.979902238881063113e+03 9.617406464000000099e-01
3.984902238881063113e+03 9.616192626999999771e-01
3.989902238881063113e+03 9.617779540999999988e-01
3.994902238881063113e+03 9.613760376000000107e-01
3.999902238881063113e+03 9.620413207999999328e-01
4.004902238881063113e+03 9.616096496999999577e-01
4.009902238881063113e+03 9.615301513999999772e-01
4.014902238881063113e+03 9.620285796999999972e-01
4.019902238881063113e+03 9.618105316000000737e-01
4.024902238881063113e+03 9.616371154999999726e-01
4.029902238881063113e+03 9.621968078999999507e-01
4.034902238881063113e+03 9.621212006000000594e-01
4.039902238881063113e+03 9.622311400999999931e-01
4.044902238881063113e+03 9.618364716000000758e-01
4.049902238881063113e+03 9.620362853999999686e-01
4.054902238881063113e+03 9.622023772999999114e-01
4.059902238881063113e+03 9.618444060999999934e-01
4.064902238881063113e+03 9.621327209000000158e-01
4.069902238881063113e+03 9.621667480000000161e-01
4.074902238881063113e+03 9.626466369999999717e-01
4.079902238881063113e+03 9.619589996000000864e-01
4.084902238881063113e+03 9.625187683000000494e-01
4.089902238881063113e+03 9.621488189999999330e-01
4.094902238881063113e+03 9.622888184000000233e-01
4.099902238881062658e+03 9.622594451999999521e-01
4.104902238881062658e+03 9.626892089999999902e-01
4.109902238881062658e+03 9.621894073000000214e-01
4.114902238881062658e+03 9.621757506999999432e-01
4.119902238881062658e+03 9.628390502999999434e-01
4.124902238881062658e+03 9.626028442000000851e-01
4.129902238881062658e+03 9.621530151000000641e-01
4.134902238881062658e+03 9.626106262000000413e-01
4.139902238881062658e+03 9.627239989999999414e-01
4.144902238881062658e+03 9.623061371000000142e-01
4.149902238881062658e+03 9.625802611999999536e-01
4.154902238881062658e+03 9.625788115999999173e-01
4.159902238881062658e+03 9.628190612999999454e-01
4.164902238881062658e+03 9.623171233999999741e-01
4.169902238881062658e+03 9.629332733000000033e-01
4.174902238881062658e+03 9.625978851000001058e-01
4.179902238881062658e+03 9.630794525000000439e-01
4.184902238881062658e+03 9.624710846000000819e-01
4.189902238881062658e+03 9.631378173999999293e-01
4.194902238881062658e+03 9.631008147999999824e-01
4.199902238881062658e+03 9.626226044000000259e-01
4.204902238881062658e+03 9.630082702999999134e-01
4.209902238881062658e+03 9.631071472000001243e-01
4.214902238881062658e+03 9.628305054000000363e-01
4.219902238881062658e+03 9.630150604000000669e-01
4.224902238881062658e+03 9.629946898999999227e-01
4.229902238881062658e+03 9.630639648000000053e-01
4.234902238881062658e+03 9.627513885000000826e-01
4.239902238881062658e+03 9.631231689000000484e-01
4.244902238881062658e+03 9.629838562000000435e-01
4.249902238881062658e+03 9.627692412999999672e-01
4.254902238881062658e+03 9.631430054000000851e-01
4.259902238881062658e+03 9.632266997999999747e-01
4.264902238881062658e+03 9.632087708000000026e-01
4.269902238881062658e+03 9.630048370000000579e-01
4.274902238881062658e+03 9.634570313000000441e-01
4.279902238881062658e+03 9.632503509999998936e-01
4.284902238881062658e+03 9.631919098000000234e-01
4.289902238881062658e+03 9.631679535000000625e-01
4.294902238881062658e+03 9.633712006000000327e-01
4.299902238881062658e+03 9.632332610999999600e-01
4.304902238881062658e+03 9.631008147999999824e-01
4.309902238881062658e+03 9.629969025000000293e-01
4.314902238881062658e+03 9.635061645999999369e-01
4.319902238881062658e+03 9.631712340999999400e-01
4.324902238881062658e+03 9.631252288999999633e-01
4.329902238881062658e+03 9.636028290000000496e-01
4.334902238881062658e+03 9.632833861999999803e-01
4.339902238881062658e+03 9.633274077999999241e-01
4.344902238881062658e+03 9.632741547000001070e-01
4.349902238881062658e+03 9.636755370999999792e-01
4.354902238881062658e+03 9.637255096000000298e-01
4.359902238881062658e+03 9.635774231000000523e-01
4.364902238881062658e+03 9.633676146999999856e-01
4.369902238881062658e+03 9.637390137000000356e-01
4.374902238881062658e+03 9.633577728000000118e-01
4.379902238881062658e+03 9.633081817999999963e-01
4.384902238881062658e+03 9.637905120999999964e-01
4.389902238881062658e+03 9.638152313000000193e-01
4.394902238881062658e+03 9.633890533000000200e-01
4.399902238881062658e+03 9.635182952999999939e-01
4.404902238881062658e+03 9.637755584999999625e-01
4.409902238881062658e+03 9.634329986999999873e-01
4.414902238881062658e+03 9.635794830000000699e-01
4.419902238881062658e+03 9.638673400999999696e-01
4.424902238881062658e+03 9.638630675999999564e-01
4.429902238881062658e+03 9.632104492000000961e-01
4.434902238881062658e+03 9.638635254000000874e-01
4.439902238881062658e+03 9.637778473000000456e-01
4.444902238881062658e+03 9.634590912000000618e-01
4.449902238881062658e+03 9.634674834999999993e-01
4.454902238881062658e+03 9.639911652000000553e-01
4.459902238881062658e+03 9.637185669000000177e-01
4.464902238881062658e+03 9.635796356000000396e-01
4.469902238881062658e+03 9.638324738000000336e-01
4.474902238881062658e+03 9.639215851000000335e-01
4.479902238881062658e+03 9.635823059000000468e-01
4.484902238881062658e+03 9.636728668000000830e-01
4.489902238881062658e+03 9.636522675000001037e-01
4.494902238881062658e+03 9.638196564000000022e-01
4.499902238881062658e+03 9.634700775000000217e-01
4.504902238881062658e+03 9.634259032999998862e-01
4.509902238881062658e+03 9.638162230999999247e-01
4.514902238881062658e+03 9.635563659999999420e-01
4.519902238881062658e+03 9.636520385999999272e-01
4.524902238881062658e+03 9.638551330999999278e-01
4.529902238881062658e+03 9.637948608000000972e-01
4.534902238881062658e+03 9.634901428000000045e-01
4.539902238881062658e+03 9.638763428000000077e-01
4.544902238881062658e+03 9.638751983999999107e-01
4.549902238881062658e+03 9.635136414000000649e-01
4.554902238881062658e+03 9.638690185999999605e-01
4.559902238881062658e+03 9.637054442999999360e-01
4.564902238881062658e+03 9.638467406999999820e-01
4.569902238881062658e+03 9.637259674000000498e-01
4.574902238881062658e+03 9.638387298999999686e-01
4.579902238881062658e+03 9.638652038999999672e-01
4.584902238881062658e+03 9.635984802000000515e-01
4.589902238881062658e+03 9.638150786999999386e-01
4.594902238881062658e+03 9.638119507000000308e-01
4.599902238881062658e+03 9.637504577999999045e-01
4.604902238881062658e+03 9.637474822999999580e-01
4.609902238881062658e+03 9.637432097999999447e-01
4.614902238881062658e+03 9.638713837000000284e-01
4.619902238881062658e+03 9.636402893000000081e-01
4.624902238881062658e+03 9.637474822999999580e-01
4.629902238881062658e+03 9.639733123999999487e-01
4.634902238881062658e+03 9.636029816000000192e-01
4.639902238881062658e+03 9.638538361000000831e-01
4.644902238881062658e+03 9.639285277999999346e-01
4.649902238881062658e+03 9.638733673000000612e-01
4.654902238881062658e+03 9.636079406999999986e-01
4.659902238881062658e+03 9.640500640999999371e-01
4.664902238881062658e+03 9.635684204000000141e-01
4.669902238881062658e+03 9.639861297999999801e-01
4.674902238881062658e+03 9.638996887000000902e-01
4.679902238881062658e+03 9.637431334999999599e-01
4.684902238881062658e+03 9.638107300000000599e-01
4.689902238881062658e+03 9.637186432000000025e-01
4.694902238881062658e+03 9.638702392999999313e-01
4.699902238881062658e+03 9.638817595999999988e-01
4.704902238881062658e+03 9.637703705000000287e-01
4.709902238881062658e+03 9.637963104000000225e-01
4.714902238881062658e+03 9.639471436000000004e-01
4.719902238881062658e+03 9.638359832999999766e-01
4.724902238881062658e+03 9.636640929999999994e-01
4.729902238881062658e+03 9.639578247000000211e-01
4.734902238881062658e+03 9.636994934000000512e-01
4.739902238881062658e+03 9.633103943000000946e-01
4.744902238881062658e+03 9.638954162999999742e-01
4.749902238881062658e+03 9.638578033000000378e-01
4.754902238881062658e+03 9.638072967999999907e-01
4.759902238881062658e+03 9.637706756999999680e-01
4.764902238881062658e+03 9.639308167000000260e-01
4.769902238881062658e+03 9.637239838000000169e-01
4.774902238881062658e+03 9.637668609999999747e-01
4.779902238881062658e+03 9.638443755999999141e-01
4.784902238881062658e+03 9.637436675999999647e-01
4.789902238881062658e+03 9.635152435000000626e-01
4.794902238881062658e+03 9.638502502000000360e-01
4.799902238881062658e+03 9.638304900999998814e-01
4.804902238881062658e+03 9.637960051999999722e-01
4.809902238881062658e+03 9.635086059999999897e-01
4.814902238881062658e+03 9.634915924000000409e-01
4.819902238881062658e+03 9.641683960000000386e-01
4.824902238881062658e+03 9.635884857000001080e-01
4.829902238881062658e+03 9.632122803000000566e-01
4.834902238881062658e+03 9.636449432000000481e-01
4.839902238881062658e+03 9.635123443999999981e-01
4.844902238881062658e+03 9.634683990000000309e-01
4.849902238881062658e+03 9.637272643999998945e-01
4.854902238881062658e+03 9.635597228999999153e-01
4.859902238881062658e+03 9.636471557999999327e-01
4.864902238881062658e+03 9.639804839999999153e-01
4.869902238881062658e+03 9.634179688000000796e-01
4.874902238881062658e+03 9.637329101999999592e-01
4.879902238881062658e+03 9.631807708999999829e-01
4.884902238881062658e+03 9.638016510000000370e-01
4.889902238881062658e+03 9.632500457999999544e-01
4.894902238881062658e+03 9.632286071999999200e-01
4.899902238881062658e+03 9.638464355000000428e-01
4.904902238881062658e+03 9.635262299000000308e-01
4.909902238881062658e+03 9.638998413000000598e-01
4.914902238881062658e+03 9.633237457000000115e-01
4.919902238881062658e+03 9.636929320999999549e-01
4.924902238881062658e+03 9.635839081000000528e-01
4.929902238881062658e+03 9.631287383999999063e-01
4.934902238881062658e+03 9.633112335000000304e-01
4.939902238881062658e+03 9.637075805999999467e-01
4.944902238881062658e+03 9.633294677999999500e-01
4.949902238881062658e+03 9.631658935999999338e-01
4.954902238881062658e+03 9.639006804999999956e-01
4.959902238881062658e+03 9.633956908999999902e-01
4.964902238881062658e+03 9.632458495999999259e-01
4.969902238881062658e+03 9.629322815000000979e-01
4.974902238881062658e+03 9.638183594000000465e-01
4.979902238881062658e+03 9.630683898999999881e-01
4.984902238881062658e+03 9.635471343999999494e-01
4.989902238881062658e+03 9.633322144000000531e-01
4.994902238881062658e+03 9.635520934999999287e-01
4.999902238881062658e+03 9.632060242000000105e-01
5.004902238881062658e+03 9.632029723999999682e-01
5.009902238881062658e+03 9.636243439000000688e-01
5.014902238881062658e+03 9.630033111999999340e-01
5.019902238881062658e+03 9.632409667999999314e-01
5.024902238881062658e+03 9.630708312999999299e-01
5.029902238881062658e+03 9.635841370000000072e-01
5.034902238881062658e+03 9.629065703999999393e-01
5.039902238881062658e+03 9.633428191999999779e-01
5.044902238881062658e+03 9.633997345000000490e-01
5.049902238881062658e+03 9.629939269999999718e-01
5.054902238881062658e+03 9.632288361000000965e-01
5.059902238881062658e+03 9.632189178000000185e-01
5.064902238881062658e+03 9.635821532999999661e-01
5.069902238881062658e+03 9.634497833000000844e-01
5.074902238881062658e+03 9.633300780999999313e-01
5.079902238881062658e+03 9.626885986000001116e-01
5.084902238881062658e+03 9.631460570999998971e-01
5.089902238881062658e+03 9.629311371000000008e-01
5.094902238881062658e+03 9.635771179000000020e-01
5.099902238881062658e+03 9.627687835999999555e-01
5.104902238881062658e+03 9.632485199000000442e-01
5.109902238881062658e+03 9.630292511000000388e-01
5.114902238881062658e+03 9.632241057999999523e-01
5.119902238881062658e+03 9.632289124000000813e-01
5.124902238881062658e+03 9.630902100000000576e-01
5.129902238881062658e+03 9.627983092999999881e-01
5.134902238881062658e+03 9.635403442000000096e-01
5.139902238881062658e+03 9.624192809999999598e-01
5.144902238881062658e+03 9.630779266000000227e-01
5.149902238881062658e+03 9.629807280999999053e-01
5.154902238881062658e+03 9.629920959000000114e-01
5.159902238881062658e+03 9.629663085999999872e-01
5.164902238881062658e+03 9.628717803999999880e-01
5.169902238881062658e+03 9.628498077000000599e-01
5.174902238881062658e+03 9.630351256999999388e-01
5.179902238881062658e+03 9.628374481000000484e-01
5.184902238881062658e+03 9.627610015999999993e-01
5.189902238881062658e+03 9.627598571999999022e-01
5.194902238881062658e+03 9.628250122000000522e-01
5.199902238881062658e+03 9.625643158000000144e-01
5.204902238881062658e+03 9.631575011999999880e-01
5.209902238881062658e+03 9.627867125999999276e-01
5.214902238881062658e+03 9.628586577999999063e-01
5.219902238881062658e+03 9.629368590999999311e-01
5.224902238881062658e+03 9.625971221999999328e-01
5.229902238881062658e+03 9.626776886000000255e-01
5.234902238881062658e+03 9.628638458000000622e-01
5.239902238881062658e+03 9.626663207999999194e-01
5.244902238881062658e+03 9.622676085999999351e-01
5.249902238881062658e+03 9.626505280000000608e-01
5.254902238881062658e+03 9.625802611999999536e-01
5.259902238881062658e+03 9.627635956000000217e-01
5.264902238881062658e+03 9.626508330999999918e-01
5.269902238881062658e+03 9.626976012999999277e-01
5.274902238881062658e+03 9.624337005999999972e-01
5.279902238881062658e+03 9.628102112000000989e-01
5.284902238881062658e+03 9.625559997999999506e-01
5.289902238881062658e+03 9.625167084000000317e-01
5.294902238881062658e+03 9.625060272000000028e-01
5.299902238881062658e+03 9.623231506000000657e-01
5.304902238881062658e+03 9.623609924000000593e-01
5.309902238881062658e+03 9.627542877000000443e-01
5.314902238881062658e+03 9.621450806000000355e-01
5.319902238881062658e+03 9.624539948000000456e-01
5.324902238881062658e+03 9.625470734000000084e-01
5.329902238881062658e+03 9.622222900000000356e-01
5.334902238881062658e+03 9.620836638999999968e-01
5.339902238881062658e+03 9.623803710999999650e-01
5.344902238881062658e+03 9.621604155999999852e-01
5.349902238881062658e+03 9.622148131999999077e-01
5.354902238881062658e+03 9.624223327999998912e-01
5.359902238881062658e+03 9.622666168000000297e-01
5.364902238881062658e+03 9.622766112999999732e-01
5.369902238881062658e+03 9.621209717000001049e-01
5.374902238881062658e+03 9.621065520999999565e-01
5.379902238881062658e+03 9.621044159000000651e-01
5.384902238881062658e+03 9.622142028999999264e-01
5.389902238881062658e+03 9.618862151999999499e-01
5.394902238881062658e+03 9.621942138999999283e-01
5.399902238881062658e+03 9.624343108999999785e-01
5.404902238881062658e+03 9.620782471000000058e-01
5.409902238881062658e+03 9.622978209999999422e-01
5.414902238881062658e+03 9.620106506000000168e-01
5.419902238881062658e+03 9.618778991999999972e-01
5.424902238881062658e+03 9.620996857000000402e-01
5.429902238881062658e+03 9.623956298999999381e-01
5.434902238881062658e+03 9.619065856999999831e-01
5.439902238881062658e+03 9.620338440000000269e-01
5.444902238881062658e+03 9.620563506999999515e-01
5.449902238881062658e+03 9.621973418999999472e-01
5.454902238881062658e+03 9.615664673000000606e-01
5.459902238881062658e+03 9.619434356999999602e-01
5.464902238881062658e+03 9.619567108000000033e-01
5.469902238881062658e+03 9.619625091999999267e-01
5.474902238881062658e+03 9.617649077999999019e-01
5.479902238881062658e+03 9.616853333000000559e-01
5.484902238881062658e+03 9.619085692999999049e-01
5.489902238881062658e+03 9.616601563000000130e-01
5.494902238881062658e+03 9.616723632999999438e-01
5.499902238881062658e+03 9.620743561000000277e-01
5.504902238881062658e+03 9.617224883999999641e-01
5.509902238881062658e+03 9.614427947999999446e-01
5.514902238881062658e+03 9.619989013999998839e-01
5.519902238881062658e+03 9.617187499999999556e-01
5.524902238881062658e+03 9.615077209000000291e-01
5.529902238881062658e+03 9.619812011999999690e-01
5.534902238881062658e+03 9.616546631000000289e-01
5.539902238881062658e+03 9.611215973000000190e-01
5.544902238881062658e+03 9.616439056000000152e-01
5.549902238881062658e+03 9.614941405999999358e-01
5.554902238881062658e+03 9.614413451999999083e-01
5.559902238881062658e+03 9.616624450999999851e-01
5.564902238881062658e+03 9.616432190000000491e-01
5.569902238881062658e+03 9.616029358000000027e-01
5.574902238881062658e+03 9.611794281000000106e-01
5.579902238881062658e+03 9.614486693999999556e-01
5.584902238881062658e+03 9.615142059000000296e-01
5.589902238881062658e+03 9.618241118999999451e-01
5.594902238881062658e+03 9.608179474000000386e-01
5.599902238881062658e+03 9.616275023999999449e-01
5.604902238881062658e+03 9.615380859000000058e-01
5.609902238881062658e+03 9.610496521000000403e-01
5.614902238881062658e+03 9.614443206999999658e-01
5.619902238881062658e+03 9.616643524000000331e-01
5.624902238881062658e+03 9.610225676999999411e-01
5.629902238881062658e+03 9.615475463999999528e-01
5.634902238881062658e+03 9.612313080000000065e-01
5.639902238881062658e+03 9.610045623999999842e-01
5.644902238881062658e+03 9.614466858000000338e-01
5.649902238881062658e+03 9.608980560000000004e-01
5.654902238881062658e+03 9.611566924999999095e-01
5.659902238881062658e+03 9.611662291999999441e-01
5.664902238881062658e+03 9.609596252000000005e-01
5.669902238881062658e+03 9.608815001999999605e-01
5.674902238881062658e+03 9.615947722999999003e-01
5.679902238881062658e+03 9.613744354000001158e-01
5.684902238881062658e+03 9.606194304999999822e-01
5.689902238881062658e+03 9.614709473000000450e-01
5.694902238881062658e+03 9.607223510999999272e-01
5.699902238881062658e+03 9.605912781000001122e-01
5.704902238881062658e+03 9.610623168999999910e-01
5.709902238881062658e+03 9.611782074000000398e-01
5.714902238881062658e+03 9.609796143000000068e-01
5.719902238881062658e+03 9.611804198999999160e-01
5.724902238881062658e+03 9.607726288000000281e-01
5.729902238881062658e+03 9.605848693999999854e-01
5.734902238881062658e+03 9.609153747999999995e-01
5.739902238881062658e+03 9.606295013000000216e-01
5.744902238881062658e+03 9.605356597999999968e-01
5.749902238881062658e+03 9.611387634000000402e-01
5.754902238881062658e+03 9.603646088000000747e-01
5.759902238881062658e+03 9.609072875999999930e-01
5.764902238881062658e+03 9.607241058000000056e-01
5.769902238881062658e+03 9.605311584000000291e-01
5.774902238881062658e+03 9.605359649999999361e-01
5.779902238881062658e+03 9.603386688000000726e-01
5.784902238881062658e+03 9.608616637999999321e-01
5.789902238881062658e+03 9.600417328000000472e-01
5.794902238881062658e+03 9.604383086999999097e-01
5.799902238881062658e+03 9.608618927000001086e-01
5.804902238881062658e+03 9.603297424000000193e-01
5.809902238881062658e+03 9.601322174000000986e-01
5.814902238881062658e+03 9.605355072000000272e-01
5.819902238881062658e+03 9.607992553999999963e-01
5.824902238881062658e+03 9.599593352999999940e-01
5.829902238881062658e+03 9.602108002000000475e-01
5.834902238881062658e+03 9.606177520999998887e-01
5.839902238881062658e+03 9.602059937000000378e-01
5.844902238881062658e+03 9.599905396000000257e-01
5.849902238881062658e+03 9.605182648000000212e-01
5.854902238881062658e+03 9.606917571999999961e-01
5.859902238881062658e+03 9.600605011000000744e-01
5.864902238881062658e+03 9.604251098999999625e-01
5.869902238881062658e+03 9.603082275000000001e-01
5.874902238881062658e+03 9.601774597000001243e-01
5.879902238881062658e+03 9.598082732999999589e-01
5.884902238881062658e+03 9.600677489999999148e-01
5.889902238881062658e+03 9.606221007999999895e-01
5.894902238881062658e+03 9.601066589000000207e-01
5.899902238881062658e+03 9.601449585000000342e-01
5.904902238881062658e+03 9.601461792000001161e-01
5.909902238881062658e+03 9.605665587999999699e-01
5.914902238881062658e+03 9.597223662999999627e-01
5.919902238881062658e+03 9.601575470000000001e-01
5.924902238881062658e+03 9.604889679000000458e-01
5.929902238881062658e+03 9.599770355000000199e-01
5.934902238881062658e+03 9.596232605000000193e-01
5.939902238881062658e+03 9.600476073999999471e-01
5.944902238881062658e+03 9.598673248000000324e-01
5.949902238881062658e+03 9.594812775000000071e-01
5.954902238881062658e+03 9.598712157999998995e-01
5.959902238881062658e+03 9.599822235000000648e-01
5.964902238881062658e+03 9.600190734999999309e-01
5.969902238881062658e+03 9.598549652000000210e-01
5.974902238881062658e+03 9.597109984999999677e-01
5.979902238881062658e+03 9.597050475999999719e-01
5.984902238881062658e+03 9.597940825999999870e-01
5.989902238881062658e+03 9.595229339999999940e-01
5.994902238881062658e+03 9.600821686000000632e-01
5.999902238881062658e+03 9.595027161000000415e-01
6.004902238881062658e+03 9.593595123000000502e-01
6.009902238881062658e+03 9.597399138999999080e-01
6.014902238881062658e+03 9.596316527999999568e-01
6.019902238881062658e+03 9.594463347999999669e-01
6.024902238881062658e+03 9.595687103000000162e-01
6.029902238881062658e+03 9.597611999999999810e-01
6.034902238881062658e+03 9.595324707000000286e-01
6.039902238881062658e+03 9.596600342000001227e-01
6.044902238881062658e+03 9.594641112999999777e-01
6.049902238881062658e+03 9.592717742999999908e-01
6.054902238881062658e+03 9.596493529999999827e-01
6.059902238881062658e+03 9.594909668000000114e-01
6.064902238881062658e+03 9.593009948999999814e-01
6.069902238881062658e+03 9.592977141999999846e-01
6.074902238881062658e+03 9.595307922000000378e-01
6.079902238881062658e+03 9.591278076000000485e-01
6.084902238881062658e+03 9.591738891999999073e-01
6.089902238881062658e+03 9.593526459000000228e-01
6.094902238881062658e+03 9.591397095000000483e-01
6.099902238881062658e+03 9.593887329000000408e-01
6.104902238881062658e+03 9.592158508000000472e-01
6.109902238881062658e+03 9.592523192999999893e-01
6.114902238881062658e+03 9.593231964000000778e-01
6.119902238881062658e+03 9.590510559000000601e-01
6.124902238881062658e+03 9.589846038999999545e-01
6.129902238881062658e+03 9.593698120000000440e-01
6.134902238881062658e+03 9.590699768000000569e-01
6.139902238881062658e+03 9.591397858000000332e-01
6.144902238881062658e+03 9.595449066000000249e-01
6.149902238881062658e+03 9.592746734999999525e-01
6.154902238881062658e+03 9.590113830999998923e-01
6.159902238881062658e+03 9.592289734000000179e-01
6.164902238881062658e+03 9.591122437000000334e-01
6.169902238881062658e+03 9.589340973000000101e-01
6.174902238881062658e+03 9.587661742999999959e-01
6.179902238881062658e+03 9.589965057000000570e-01
6.184902238881062658e+03 9.589636230000000428e-01
6.189902238881062658e+03 9.589823150999999823e-01
6.194902238881062658e+03 9.588963318000000013e-01
6.199902238881062658e+03 9.589857483000000515e-01
6.204902238881062658e+03 9.590961455999998941e-01
6.209902238881062658e+03 9.583207702999999578e-01
6.214902238881062658e+03 9.589859009000000212e-01
6.219902238881062658e+03 9.589788054999999201e-01
6.224902238881062658e+03 9.585907744999999647e-01
6.229902238881062658e+03 9.587110138000000115e-01
6.234902238881062658e+03 9.589451599000000659e-01
6.239902238881062658e+03 9.588024138999999835e-01
6.244902238881062658e+03 9.587313079999999488e-01
6.249902238881062658e+03 9.587570189999999881e-01
6.254902238881062658e+03 9.587693787000000079e-01
6.259902238881062658e+03 9.593332672000000061e-01
6.264902238881062658e+03 9.575361633000000205e-01
6.269902238881062658e+03 9.592638397000000650e-01
6.274902238881062658e+03 9.586652374000000920e-01
6.279902238881062658e+03 9.586006165000000578e-01
6.284902238881062658e+03 9.582055664000000972e-01
6.289902238881062658e+03 9.591189574999999801e-01
6.294902238881062658e+03 9.583376312000000397e-01
6.299902238881062658e+03 9.583785247999999646e-01
6.304902238881062658e+03 9.586877441000000166e-01
6.309902238881062658e+03 9.585989379999999560e-01
6.314902238881062658e+03 9.583038329999999938e-01
6.319902238881062658e+03 9.583857727000000271e-01
6.324902238881062658e+03 9.581295776000000597e-01
6.329902238881062658e+03 9.580861663999999944e-01
6.334902238881062658e+03 9.587029266000000050e-01
6.339902238881062658e+03 9.578309631000000435e-01
6.344902238881062658e+03 9.580860901000000096e-01
6.349902238881062658e+03 9.588111876999999561e-01
6.354902238881062658e+03 9.581357574000000099e-01
6.359902238881062658e+03 9.583586121000000624e-01
6.364902238881062658e+03 9.588274384000000650e-01
6.369902238881062658e+03 9.580780029000000031e-01
6.374902238881062658e+03 9.580014800999999691e-01
6.379902238881062658e+03 9.581280517999999358e-01
6.384902238881062658e+03 9.580612945999998908e-01
6.389902238881062658e+03 9.575459290000000179e-01
6.394902238881062658e+03 9.581482696999999993e-01
6.399902238881062658e+03 9.583570099000000564e-01
6.404902238881062658e+03 9.575057983000000439e-01
6.409902238881062658e+03 9.581439971999999861e-01
6.414902238881062658e+03 9.582395934999999865e-01
6.419902238881062658e+03 9.578708648999999520e-01
6.424902238881062658e+03 9.575082396999999856e-01
6.429902238881062658e+03 9.579908752000000360e-01
6.434902238881062658e+03 9.578226471000000908e-01
6.439902238881062658e+03 9.580387115000000842e-01
6.444902238881062658e+03 9.574618529999999739e-01
6.449902238881062658e+03 9.578962708000000603e-01
6.454902238881062658e+03 9.580760956000000661e-01
6.459902238881062658e+03 9.574209595000000572e-01
6.464902238881062658e+03 9.579555510999999690e-01
6.469902238881062658e+03 9.583864594000001125e-01
6.474902238881062658e+03 9.572032928000000496e-01
6.479902238881062658e+03 9.576296997000000033e-01
6.484902238881062658e+03 9.580507660000000536e-01
6.489902238881062658e+03 9.578768920999999326e-01
6.494902238881062658e+03 9.571385956000000306e-01
6.499902238881062658e+03 9.582344055000000527e-01
6.504902238881062658e+03 9.574385833999999873e-01
6.509902238881062658e+03 9.577695464999999020e-01
6.514902238881062658e+03 9.579248809999999503e-01
6.519902238881062658e+03 9.575128173999999381e-01
6.524902238881062658e+03 9.576332091999999463e-01
6.529902238881062658e+03 9.578264617999999730e-01
6.534902238881062658e+03 9.574187469000000617e-01
6.539902238881062658e+03 9.574956512000000197e-01
6.544902238881062658e+03 9.572921752999999923e-01
6.549902238881062658e+03 9.568806457999999848e-01
6.554902238881062658e+03 9.575270080999999101e-01
6.559902238881062658e+03 9.573455810999998983e-01
6.564902238881062658e+03 9.571300506999999014e-01
6.569902238881062658e+03 9.568711089999999420e-01
6.574902238881062658e+03 9.578439330999999335e-01
6.579902238881062658e+03 9.574753570999999797e-01
6.584902238881062658e+03 9.573068236999999758e-01
6.589902238881062658e+03 9.578659057999999726e-01
6.594902238881062658e+03 9.566918945000000285e-01
6.599902238881062658e+03 9.573947905999999897e-01
6.604902238881062658e+03 9.572332000999999035e-01
6.609902238881062658e+03 9.573530579000000262e-01
6.614902238881062658e+03 9.570836638999999924e-01
6.619902238881062658e+03 9.574060822000000082e-01
6.624902238881062658e+03 9.568067168999999650e-01
6.629902238881062658e+03 9.569490813999999013e-01
6.634902238881062658e+03 9.569915770999999349e-01
6.639902238881062658e+03 9.569947052000000731e-01
6.644902238881062658e+03 9.571957396999999368e-01
6.649902238881062658e+03 9.569891356999999932e-01
6.654902238881062658e+03 9.572267151000000140e-01
6.659902238881062658e+03 9.571494293000000209e-01
6.664902238881062658e+03 9.568666839999999674e-01
6.669902238881062658e+03 9.572347259999999247e-01
6.674902238881062658e+03 9.565874481000000706e-01
6.679902238881062658e+03 9.571261597000000343e-01
6.684902238881062658e+03 9.568177032000000359e-01
6.689902238881062658e+03 9.571020507999999927e-01
6.694902238881062658e+03 9.571321869000000149e-01
6.699902238881062658e+03 9.568111419999999478e-01
6.704902238881062658e+03 9.567144774999999379e-01
6.709902238881062658e+03 9.570999908000000778e-01
6.714902238881062658e+03 9.568596648999999621e-01
6.719902238881062658e+03 9.564415741000000803e-01
6.724902238881062658e+03 9.569030762000000356e-01
6.729902238881062658e+03 9.569974517999999541e-01
6.734902238881062658e+03 9.565135193000000591e-01
6.739902238881062658e+03 9.567747497999999906e-01
6.744902238881062658e+03 9.567527771000000625e-01
6.749902238881062658e+03 9.567992400999999481e-01
6.754902238881062658e+03 9.564044952000000377e-01
6.759902238881062658e+03 9.568082427999999862e-01
6.764902238881062658e+03 9.563915253000000449e-01
6.769902238881062658e+03 9.566858673000000479e-01
6.774902238881062658e+03 9.565390014999999302e-01
6.779902238881062658e+03 9.564463806000000901e-01
6.784902238881062658e+03 9.565674590999999616e-01
6.789902238881062658e+03 9.565910338999999984e-01
6.794902238881062658e+03 9.560090637000000502e-01
6.799902238881062658e+03 9.565608214999999914e-01
6.804902238881062658e+03 9.566816711000000195e-01
6.809902238881062658e+03 9.560437012000000401e-01
6.814902238881062658e+03 9.568356323000000163e-01
6.819902238881062658e+03 9.563735198999999687e-01
6.824902238881062658e+03 9.564261627000000265e-01
6.829902238881062658e+03 9.562053680000000000e-01
6.834902238881062658e+03 9.564491271999999711e-01
6.839902238881062658e+03 9.563216400000000839e-01
6.844902238881062658e+03 9.562140655999999961e-01
6.849902238881062658e+03 9.561046600000000506e-01
6.854902238881062658e+03 9.562686919999999757e-01
6.859902238881062658e+03 9.564228821000000380e-01
6.864902238881062658e+03 9.561322783999999242e-01
6.869902238881062658e+03 9.560724639999998997e-01
6.874902238881062658e+03 9.562966918999999955e-01
6.879902238881062658e+03 9.560147095000001150e-01
6.884902238881062658e+03 9.559830474999999606e-01
6.889902238881062658e+03 9.562173461999999846e-01
6.894902238881062658e+03 9.564014435000000036e-01
6.899902238881062658e+03 9.558845519999999985e-01
6.904902238881062658e+03 9.561124420000000068e-01
6.909902238881062658e+03 9.560444640999999910e-01
6.914902238881062658e+03 9.558335875999999232e-01
6.919902238881062658e+03 9.558589172000000467e-01
6.924902238881062658e+03 9.562781524999999228e-01
6.929902238881062658e+03 9.560092926000000046e-01
6.934902238881062658e+03 9.560692595999999988e-01
6.939902238881062658e+03 9.558139037999999754e-01
6.944902238881062658e+03 9.560728455000000459e-01
6.949902238881062658e+03 9.561573029000000057e-01
6.954902238881062658e+03 9.555367278999998826e-01
6.959902238881062658e+03 9.557736969000000249e-01
6.964902238881062658e+03 9.559438324000000264e-01
6.969902238881062658e+03 9.556444550000000593e-01
6.974902238881062658e+03 9.555317687999999032e-01
6.979902238881062658e+03 9.563955687999999844e-01
6.984902238881062658e+03 9.551919556000000311e-01
6.989902238881062658e+03 9.560850524999999767e-01
6.994902238881062658e+03 9.558170319000000026e-01
6.999902238881062658e+03 9.556801604999999311e-01
7.004902238881062658e+03 9.557839966000000187e-01
7.009902238881062658e+03 9.556144713999999984e-01
7.014902238881062658e+03 9.559513092000000434e-01
7.019902238881062658e+03 9.555440521000000409e-01
7.024902238881062658e+03 9.556744385000000008e-01
7.029902238881062658e+03 9.551287842000000250e-01
7.034902238881062658e+03 9.557562255999999534e-01
7.039902238881062658e+03 9.553193665000000445e-01
7.044902238881062658e+03 9.554259491000000049e-01
7.049902238881062658e+03 9.559262084999999853e-01
7.054902238881062658e+03 9.556117249000000147e-01
7.059902238881062658e+03 9.555962372000000871e-01
7.064902238881062658e+03 9.554559326000000574e-01
7.069902238881062658e+03 9.554417419000000855e-01
7.074902238881062658e+03 9.556211853000000644e-01
7.079902238881062658e+03 9.554949951000000219e-01
7.084902238881062658e+03 9.553945923000000118e-01
7.089902238881062658e+03 9.552674102999999528e-01
7.094902238881062658e+03 9.554850768999999522e-01
7.099902238881062658e+03 9.548374175999999602e-01
7.104902238881062658e+03 9.556796264999999346e-01
7.109902238881062658e+03 9.553968810999999839e-01
7.114902238881062658e+03 9.550690459999999771e-01
7.119902238881062658e+03 9.553939056000000374e-01
7.124902238881062658e+03 9.550643920999999370e-01
7.129902238881062658e+03 9.549921417000000190e-01
7.134902238881062658e+03 9.557357025000000617e-01
7.139902238881062658e+03 9.553553008999999818e-01
7.144902238881062658e+03 9.550670623999999442e-01
7.149902238881062658e+03 9.552252959999999460e-01
7.154902238881062658e+03 9.552313232000000376e-01
7.159902238881062658e+03 9.550397491000000016e-01
7.164902238881062658e+03 9.551601410000000181e-01
7.169902238881062658e+03 9.547306061000000454e-01
7.174902238881062658e+03 9.551488495000000079e-01
7.179902238881062658e+03 9.551911162999999760e-01
7.184902238881062658e+03 9.550143432999999016e-01
7.189902238881062658e+03 9.551554108000001042e-01
7.194902238881062658e+03 9.552109528000000127e-01
7.199902238881062658e+03 9.551884459999999688e-01
7.204902238881062658e+03 9.549549865999999998e-01
7.209902238881062658e+03 9.550038146999999533e-01
7.214902238881062658e+03 9.549239348999999377e-01
7.219902238881062658e+03 9.549495697000000005e-01
7.224902238881062658e+03 9.551810455000000477e-01
7.229902238881062658e+03 9.549964905000000170e-01
7.234902238881062658e+03 9.546932219999999525e-01
7.239902238881062658e+03 9.550760650999999823e-01
7.244902238881062658e+03 9.546981811999999401e-01
7.249902238881062658e+03 9.549382018999998945e-01
7.254902238881062658e+03 9.548589325000000905e-01
7.259902238881062658e+03 9.547927856000000268e-01
7.264902238881062658e+03 9.547402954000000497e-01
7.269902238881062658e+03 9.547068787000000389e-01
7.274902238881062658e+03 9.545944213999999484e-01
7.279902238881062658e+03 9.548630523999999120e-01
7.284902238881062658e+03 9.547742461999999541e-01
7.289902238881062658e+03 9.545662688999999590e-01
7.294902238881062658e+03 9.547746276999999893e-01
7.299902238881062658e+03 9.546112060999999427e-01
7.304902238881062658e+03 9.546854401000000045e-01
7.309902238881062658e+03 9.544915770999999882e-01
7.314902238881062658e+03 9.544131470000000173e-01
7.319902238881062658e+03 9.549156951999999698e-01
7.324902238881062658e+03 9.545349883999999507e-01
7.329902238881062658e+03 9.547321320000000666e-01
7.334902238881062658e+03 9.545729828000000250e-01
7.339902238881062658e+03 9.547640991000000410e-01
7.344902238881062658e+03 9.543272399999999100e-01
7.349902238881062658e+03 9.548698425000000656e-01
7.354902238881062658e+03 9.547885895000000067e-01
7.359902238881062658e+03 9.540847778000000057e-01
7.364902238881062658e+03 9.543697357000000547e-01
7.369902238881062658e+03 9.545716857999999583e-01
7.374902238881062658e+03 9.545636749000000476e-01
7.379902238881062658e+03 9.540306854000000225e-01
7.384902238881062658e+03 9.549211884000000650e-01
7.389902238881062658e+03 9.544589996000000243e-01
7.394902238881062658e+03 9.540900421000000353e-01
7.399902238881062658e+03 9.550569152999999201e-01
7.404902238881062658e+03 9.541433716000000675e-01
7.409902238881062658e+03 9.540522765999999155e-01
7.414902238881062658e+03 9.545381926999999544e-01
7.419902238881062658e+03 9.539781188999999495e-01
7.424902238881062658e+03 9.545539092999999475e-01
7.429902238881062658e+03 9.540547179999999683e-01
7.434902238881062658e+03 9.544360351999999770e-01
7.439902238881062658e+03 9.541017150999999696e-01
7.444902238881062658e+03 9.543383025999999658e-01
7.449902238881062658e+03 9.544365691999999735e-01
7.454902238881062658e+03 9.539460753999999820e-01
7.459902238881062658e+03 9.543918609999999525e-01
7.464902238881062658e+03 9.541629027999999346e-01
7.469902238881062658e+03 9.540368651999999727e-01
7.474902238881062658e+03 9.540346526999999854e-01
7.479902238881062658e+03 9.539189148000000174e-01
7.484902238881062658e+03 9.542158508000000428e-01
7.489902238881062658e+03 9.537161254999999560e-01
7.494902238881062658e+03 9.538400269000000264e-01
7.499902238881062658e+03 9.541036224000000177e-01
7.504902238881062658e+03 9.537561035000000631e-01
7.509902238881062658e+03 9.539533996999999266e-01
7.514902238881062658e+03 9.540382384999999132e-01
7.519902238881062658e+03 9.542533112000000095e-01
7.524902238881062658e+03 9.537173461999999269e-01
7.529902238881062658e+03 9.537919617000000239e-01
7.534902238881062658e+03 9.543378447999999459e-01
7.539902238881062658e+03 9.536508942000000433e-01
7.544902238881062658e+03 9.537810516000000405e-01
7.549902238881062658e+03 9.542612457000000381e-01
7.554902238881062658e+03 9.537182617000000695e-01
7.559902238881062658e+03 9.536332702999998912e-01
7.564902238881062658e+03 9.541721343999999272e-01
7.569902238881062658e+03 9.536067199999999078e-01
7.574902238881062658e+03 9.540912628000000062e-01
7.579902238881062658e+03 9.536700439000000973e-01
7.584902238881062658e+03 9.537920380000000087e-01
7.589902238881062658e+03 9.537197113000001059e-01
7.594902238881062658e+03 9.540068053999999353e-01
7.599902238881062658e+03 9.540159606999999431e-01
7.604902238881062658e+03 9.536663054999999778e-01
7.609902238881062658e+03 9.538222503999999047e-01
7.614902238881062658e+03 9.535224152000000286e-01
7.619902238881062658e+03 9.538437652999999239e-01
7.624902238881062658e+03 9.537921905999999783e-01
7.629902238881062658e+03 9.535105896000000136e-01
7.634902238881062658e+03 9.535943604000000073e-01
7.639902238881062658e+03 9.537607573999999921e-01
7.644902238881062658e+03 9.536507416000000736e-01
7.649902238881062658e+03 9.535575867000000150e-01
7.654902238881062658e+03 9.535297393999999649e-01
7.659902238881062658e+03 9.534857178000000211e-01
7.664902238881062658e+03 9.535063171000000004e-01
7.669902238881062658e+03 9.534083556999999320e-01
7.674902238881062658e+03 9.537450409000000073e-01
7.679902238881062658e+03 9.534120178000000667e-01
7.684902238881062658e+03 9.535758972000000222e-01
7.689902238881062658e+03 9.535790253000000494e-01
7.694902238881062658e+03 9.536716460999999923e-01
7.699902238881062658e+03 9.536637115000000664e-01
7.704902238881062658e+03 9.530762482000000313e-01
7.709902238881062658e+03 9.536090087999999909e-01
7.714902238881062658e+03 9.533475493999999939e-01
7.719902238881062658e+03 9.530667114000000995e-01
7.724902238881062658e+03 9.535983276000000730e-01
7.729902238881062658e+03 9.534156798999999793e-01
7.734902238881062658e+03 9.531390381000000023e-01
7.739902238881062658e+03 9.533599854000001095e-01
7.744902238881062658e+03 9.533317565999999132e-01
7.749902238881062658e+03 9.533067321999999510e-01
7.754902238881062658e+03 9.532316588999999452e-01
7.759902238881062658e+03 9.532507323999999116e-01
7.764902238881062658e+03 9.532672881999999515e-01
7.769902238881062658e+03 9.532665253000000005e-01
7.774902238881062658e+03 9.527601624000000546e-01
7.779902238881062658e+03 9.533433532999999738e-01
7.784902238881062658e+03 9.533450317000000673e-01
7.789902238881062658e+03 9.530233765000000190e-01
7.794902238881062658e+03 9.530011749000000254e-01
7.799902238881062658e+03 9.535179900999999347e-01
7.804902238881062658e+03 9.528804778999999670e-01
7.809902238881062658e+03 9.529074096999999854e-01
7.814902238881062658e+03 9.535849761999999341e-01
7.819902238881062658e+03 9.527738189999999108e-01
7.824902238881062658e+03 9.527555083999998953e-01
7.829902238881062658e+03 9.531392669999999567e-01
7.834902238881062658e+03 9.529145812999999521e-01
7.839902238881062658e+03 9.528256226000000328e-01
7.844902238881062658e+03 9.527379607999999500e-01
7.849902238881062658e+03 9.531914519999999946e-01
7.854902238881062658e+03 9.528763580000000344e-01
7.859902238881062658e+03 9.526041411999999209e-01
7.864902238881062658e+03 9.527962494000000726e-01
7.869902238881062658e+03 9.532893371999999754e-01
7.874902238881062658e+03 9.529188537999999653e-01
7.879902238881062658e+03 9.528530883999999368e-01
7.884902238881062658e+03 9.532710265999999599e-01
7.889902238881062658e+03 9.527096557999999993e-01
7.894902238881062658e+03 9.523251342999999869e-01
7.899902238881062658e+03 9.525816344999999963e-01
7.904902238881062658e+03 9.529164124000000236e-01
7.909902238881062658e+03 9.527782439999999964e-01
7.914902238881062658e+03 9.523019408999999769e-01
7.919902238881062658e+03 9.527893829000000370e-01
7.924902238881062658e+03 9.530127715999999749e-01
7.929902238881062658e+03 9.523573303000000267e-01
7.934902238881062658e+03 9.524974059999999909e-01
7.939902238881062658e+03 9.526870727999999788e-01
7.944902238881062658e+03 9.523640441999999817e-01
7.949902238881062658e+03 9.523737334999999860e-01
7.954902238881062658e+03 9.528097533999999591e-01
7.959902238881062658e+03 9.523371124000000743e-01
7.964902238881062658e+03 9.524488830999999767e-01
7.969902238881062658e+03 9.524695586999999408e-01
7.974902238881062658e+03 9.527118683000000976e-01
7.979902238881062658e+03 9.524102019999999280e-01
7.984902238881062658e+03 9.524077605999999863e-01
7.989902238881062658e+03 9.525000762999999981e-01
7.994902238881062658e+03 9.528389740000000607e-01
7.999902238881062658e+03 9.522635650999999868e-01
8.004902238881062658e+03 9.525120544000000855e-01
8.009902238881062658e+03 9.528621673999999597e-01
8.014902238881062658e+03 9.524671172999999991e-01
8.019902238881062658e+03 9.525473021999999457e-01
8.024902238881062658e+03 9.525754546999999350e-01
8.029902238881062658e+03 9.525772095000000217e-01
8.034902238881062658e+03 9.522827148000000408e-01
8.039902238881062658e+03 9.523028564000000085e-01
8.044902238881062658e+03 9.521689606000000028e-01
8.049902238881062658e+03 9.521353911999999031e-01
8.054902238881062658e+03 9.523093414000000090e-01
8.059902238881062658e+03 9.524954986999999429e-01
8.064902238881062658e+03 9.523274994000000548e-01
8.069902238881062658e+03 9.522774506000000194e-01
8.074902238881062658e+03 9.521587371999999938e-01
8.079902238881062658e+03 9.523680115000000557e-01
8.084902238881062658e+03 9.517267608999999684e-01
8.089902238881062658e+03 9.521588135000000896e-01
8.094902238881062658e+03 9.524752807999999904e-01
8.099902238881062658e+03 9.521666718000000307e-01
8.104902238881062658e+03 9.519075012000000058e-01
8.109902238881062658e+03 9.521050262000000375e-01
8.114902238881062658e+03 9.522877502000000050e-01
8.119902238881062658e+03 9.520180510999999290e-01
8.124902238881062658e+03 9.517424010999999684e-01
8.129902238881062658e+03 9.522710419000000037e-01
8.134902238881062658e+03 9.521177672999999730e-01
8.139902238881062658e+03 9.518650055000000831e-01
8.144902238881062658e+03 9.517618561000000810e-01
8.149902238881062658e+03 9.519157409999999819e-01
8.154902238881062658e+03 9.518634032999999661e-01
8.159902238881062658e+03 9.513327789000000090e-01
8.164902238881062658e+03 9.523300170999999814e-01
8.169902238881062658e+03 9.521961975000000633e-01
8.174902238881062658e+03 9.514060974000000392e-01
8.179902238881062658e+03 9.520969391000000392e-01
8.184902238881062658e+03 9.520932770000000156e-01
8.189902238881062658e+03 9.516554259999999710e-01
8.194902238881062658e+03 9.518006133999999951e-01
8.199902238881062658e+03 9.519525145999999660e-01
8.204902238881062658e+03 9.516984558000000094e-01
8.209902238881062658e+03 9.518891906999999986e-01
8.214902238881062658e+03 9.517191314999999818e-01
8.219902238881062658e+03 9.518750000000000266e-01
8.224902238881062658e+03 9.515308380000000454e-01
8.229902238881062658e+03 9.514295959000000913e-01
8.234902238881062658e+03 9.517256165000000934e-01
8.239902238881062658e+03 9.517118073000000456e-01
8.244902238881062658e+03 9.515403747999999773e-01
8.249902238881062658e+03 9.516044617000000150e-01
8.254902238881062658e+03 9.517108917000000057e-01
8.259902238881062658e+03 9.513317108000000077e-01
8.264902238881062658e+03 9.514845276000000185e-01
8.269902238881062658e+03 9.517038727000000087e-01
8.274902238881062658e+03 9.513639068999999449e-01
8.279902238881062658e+03 9.513446808000000088e-01
8.284902238881062658e+03 9.514752197000000411e-01
8.289902238881062658e+03 9.512953186000000505e-01
8.294902238881062658e+03 9.516773987000000101e-01
8.299902238881062658e+03 9.514936829000000262e-01
8.304902238881062658e+03 9.513187408000000067e-01
8.309902238881062658e+03 9.511859131000000023e-01
8.314902238881062658e+03 9.514209746999999773e-01
8.319902238881062658e+03 9.513409424000000003e-01
8.324902238881062658e+03 9.513325500000000545e-01
8.329902238881062658e+03 9.511734009000000212e-01
8.334902238881062658e+03 9.515450287000000174e-01
8.339902238881062658e+03 9.513093566999999418e-01
8.344902238881062658e+03 9.512187195000000317e-01
8.349902238881062658e+03 9.516231537000000573e-01
8.354902238881062658e+03 9.511537932999999390e-01
8.359902238881062658e+03 9.512013244999999451e-01
8.364902238881062658e+03 9.510055542000001028e-01
8.369902238881062658e+03 9.508886719000000376e-01
8.374902238881062658e+03 9.513829803000000140e-01
8.379902238881062658e+03 9.512850951999999305e-01
8.384902238881062658e+03 9.511017608999999817e-01
8.389902238881062658e+03 9.508243561000000454e-01
8.394902238881062658e+03 9.512338257000000352e-01
8.399902238881062658e+03 9.506556702000000802e-01
8.404902238881062658e+03 9.511159514999999454e-01
8.409902238881062658e+03 9.510017394999999985e-01
8.414902238881062658e+03 9.509926604999999755e-01
8.419902238881062658e+03 9.512646484000000235e-01
8.424902238881062658e+03 9.513095856000000072e-01
8.429902238881062658e+03 9.509372711000000367e-01
8.434902238881062658e+03 9.510105133000000821e-01
8.439902238881062658e+03 9.513106537000000085e-01
8.444902238881062658e+03 9.500865172999999331e-01
8.449902238881062658e+03 9.510837555000000165e-01
8.454902238881062658e+03 9.502400208000000292e-01
8.459902238881062658e+03 9.510752868999999832e-01
8.464902238881062658e+03 9.505520629999999471e-01
8.469902238881062658e+03 9.510297394000000182e-01
8.474902238881062658e+03 9.506245422000000334e-01
8.479902238881062658e+03 9.509577942000000395e-01
8.484902238881062658e+03 9.509502410999999267e-01
8.489902238881062658e+03 9.503495789000000471e-01
8.494902238881062658e+03 9.506863402999999879e-01
8.499902238881062658e+03 9.501679230000000809e-01
8.504902238881062658e+03 9.509345245000000446e-01
8.509902238881062658e+03 9.515790558000000177e-01
8.514902238881062658e+03 9.500351714999999420e-01
8.519902238881062658e+03 9.505991364000000443e-01
8.524902238881062658e+03 9.508747101000000201e-01
8.529902238881062658e+03 9.506764984000000140e-01
8.534902238881062658e+03 9.505986022999999285e-01
8.539902238881062658e+03 9.501543426999999875e-01
8.544902238881062658e+03 9.504096222000000260e-01
8.549902238881062658e+03 9.499987029999999999e-01
8.554902238881062658e+03 9.509273528999999670e-01
8.559902238881062658e+03 9.510210419000000304e-01
8.564902238881062658e+03 9.508524323000000500e-01
8.569902238881062658e+03 9.508740233999999347e-01
8.574902238881062658e+03 9.508594512999999360e-01
8.579902238881062658e+03 9.504364013999999639e-01
8.584902238881062658e+03 9.507965087999999954e-01
8.589902238881062658e+03 9.503631592000000294e-01
8.594902238881062658e+03 9.507141113000000532e-01
8.599902238881062658e+03 9.507801055999999251e-01
8.604902238881062658e+03 9.499851227000000176e-01
8.609902238881062658e+03 9.512319182999999789e-01
8.614902238881062658e+03 9.508669281000000639e-01
8.619902238881062658e+03 9.498522948999998938e-01
8.624902238881062658e+03 9.511987304999999226e-01
8.629902238881062658e+03 9.509208678999999664e-01
8.634902238881062658e+03 9.509046172999999769e-01
8.639902238881062658e+03 9.505718230999999907e-01
8.644902238881062658e+03 9.512548828000000345e-01
8.649902238881062658e+03 9.504068755999999230e-01
8.654902238881062658e+03 9.502049255000000194e-01
8.659902238881062658e+03 9.488729858000000128e-01
8.664902238881062658e+03 9.495832061999999185e-01
8.669902238881062658e+03 9.509920501999999942e-01
8.674902238881062658e+03 9.499226378999999776e-01
8.679902238881062658e+03 9.494980621000000953e-01
8.684902238881062658e+03 9.503248596000000159e-01
8.689902238881062658e+03 9.506567382999999705e-01
8.694902238881062658e+03 9.504148865000000557e-01
8.699902238881062658e+03 9.506381226000000240e-01
8.704902238881062658e+03 9.497470855999999850e-01
8.709902238881062658e+03 9.498013306000000489e-01
8.714902238881062658e+03 9.499889374000000108e-01
8.719902238881062658e+03 9.504528809000000189e-01
8.724902238881062658e+03 9.490207671999999484e-01
8.729902238881062658e+03 9.490151977999999877e-01
8.734902238881062658e+03 9.507899475000001210e-01
8.739902238881062658e+03 9.498406982000000554e-01
8.744902238881062658e+03 9.489782715000000257e-01
8.749902238881062658e+03 9.514005280000000786e-01
8.754902238881062658e+03 9.498341369999999673e-01
8.759902238881062658e+03 9.496101378999999287e-01
8.764902238881062658e+03 9.504959105999999380e-01
8.769902238881062658e+03 9.500839233000000217e-01
8.774902238881062658e+03 9.502603911999999431e-01
8.779902238881062658e+03 9.490213013000000641e-01
8.784902238881062658e+03 9.498722076000000181e-01
8.789902238881062658e+03 9.486704254000000169e-01
8.794902238881062658e+03 9.520314788999999500e-01
8.799902238881062658e+03 9.504994202000000003e-01
8.804902238881062658e+03 9.497024536000000516e-01
8.809902238881062658e+03 9.496000671000000004e-01
8.814902238881062658e+03 9.487970733999999684e-01
8.819902238881062658e+03 9.512238311999999807e-01
8.824902238881062658e+03 9.513085937999999908e-01
8.829902238881062658e+03 9.512687682999999561e-01
8.834902238881062658e+03 9.505912781000001033e-01
8.839902238881062658e+03 9.504207610999999556e-01
8.844902238881062658e+03 9.515420532000000708e-01
8.849902238881062658e+03 9.494947052000000109e-01
8.854902238881062658e+03 9.500679015999999866e-01
8.859902238881062658e+03 9.508802031999999960e-01
8.864902238881062658e+03 9.504772948999999915e-01
8.869902238881062658e+03 9.504164885999999424e-01
8.874902238881062658e+03 9.504312897000000149e-01
8.879902238881062658e+03 9.496442413000000249e-01
8.884902238881062658e+03 9.487677764999999930e-01
8.889902238881062658e+03 9.478589630000000543e-01
8.894902238881062658e+03 9.527452849999999973e-01
8.899902238881062658e+03 9.504251098999999536e-01
8.904902238881062658e+03 9.491294861000000305e-01
8.909902238881062658e+03 9.499192047000000194e-01
8.914902238881062658e+03 9.500804137999999677e-01
8.919902238881062658e+03 9.498157500999999669e-01
8.924902238881062658e+03 9.480965423999999642e-01
8.929902238881062658e+03 9.495668793000000552e-01
8.934902238881062658e+03 9.492777252000000887e-01
8.939902238881062658e+03 9.488472747999999735e-01
8.944902238881062658e+03 9.484220123000000058e-01
8.949902238881062658e+03 9.494741820999998971e-01
8.954902238881062658e+03 9.504638671999999788e-01
8.959902238881062658e+03 9.489451599000000570e-01
8.964902238881062658e+03 9.514313506999999559e-01
8.969902238881062658e+03 9.452706145999999476e-01
8.974902238881062658e+03 9.517774199999999851e-01
8.979902238881062658e+03 9.520148467999999253e-01
8.984902238881062658e+03 9.510764312999999692e-01
8.989902238881062658e+03 9.481547545999999826e-01
8.994902238881062658e+03 9.463112639999999853e-01
8.999902238881062658e+03 9.492733002000000031e-01
9.004902238881062658e+03 9.512490845000001194e-01
9.009902238881062658e+03 9.517794037000000262e-01
9.014902238881062658e+03 9.470957183999999529e-01
9.019902238881062658e+03 9.496701050000000421e-01
9.024902238881062658e+03 9.553504943999999721e-01
9.029902238881062658e+03 9.539223479999999755e-01
9.034902238881062658e+03 9.515903473000000279e-01
9.039902238881062658e+03 9.455452728000000029e-01
9.044902238881062658e+03 9.515331268000000176e-01
9.049902238881062658e+03 9.502185821999999948e-01
9.054902238881062658e+03 9.491838837000000639e-01
9.059902238881062658e+03 9.481472014999999809e-01
9.064902238881062658e+03 9.486898804000000185e-01
9.069902238881062658e+03 9.483810424999999933e-01
9.074902238881062658e+03 9.485361480999999761e-01
9.079902238881062658e+03 9.483611297999999801e-01
9.084902238881062658e+03 9.491117859000000045e-01
9.089902238881062658e+03 9.483757782000000747e-01
9.094902238881062658e+03 9.480518340999999349e-01
9.099902238881062658e+03 9.487020873999999493e-01
9.104902238881062658e+03 9.483677672999999420e-01
9.109902238881062658e+03 9.481189728000000150e-01
9.114902238881062658e+03 9.484502410999999800e-01
9.119902238881062658e+03 9.486161040999999683e-01
9.124902238881062658e+03 9.480055237000000190e-01
9.129902238881062658e+03 9.484987639999999942e-01
9.134902238881062658e+03 9.484990691999999335e-01
9.139902238881062658e+03 9.481382750999999276e-01
9.144902238881062658e+03 9.481739043999999339e-01
9.149902238881062658e+03 9.484403229000000213e-01
9.154902238881062658e+03 9.483264922999999902e-01
9.159902238881062658e+03 9.482715606999999602e-01
9.164902238881062658e+03 9.478885650999999690e-01
9.169902238881062658e+03 9.482900238000000481e-01
9.174902238881062658e+03 9.484162139999999797e-01
9.179902238881062658e+03 9.477791594999999125e-01
9.184902238881062658e+03 9.479964446999999961e-01
9.189902238881062658e+03 9.487883758999999806e-01
9.194902238881062658e+03 9.477845764000000228e-01
9.199902238881062658e+03 9.476944733000000065e-01
9.204902238881062658e+03 9.486434937000000067e-01
9.209902238881062658e+03 9.480033111999999207e-01
9.214902238881062658e+03 9.478828430000000305e-01
9.219902238881062658e+03 9.477603148999999005e-01
9.224902238881062658e+03 9.487384032999999217e-01
9.229902238881062658e+03 9.475355530000000304e-01
9.234902238881062658e+03 9.484072113000000526e-01
9.239902238881062658e+03 9.481706237999999454e-01
9.244902238881062658e+03 9.477916718000000129e-01
9.249902238881062658e+03 9.482250976999999637e-01
9.254902238881062658e+03 9.475154113999999517e-01
9.259902238881062658e+03 9.483227539000000927e-01
9.264902238881062658e+03 9.477161406999999871e-01
9.269902238881062658e+03 9.480358124000000108e-01
9.274902238881062658e+03 9.480913544000000304e-01
9.279902238881062658e+03 9.486345672999999534e-01
9.284902238881062658e+03 9.475097655999999979e-01
9.289902238881062658e+03 9.478341675000000466e-01
9.294902238881062658e+03 9.479306029999999827e-01
9.299902238881062658e+03 9.481520844000000947e-01
9.304902238881062658e+03 9.475199890000000069e-01
9.309902238881062658e+03 9.481210326999999216e-01
9.314902238881062658e+03 9.480455017000000151e-01
9.319902238881062658e+03 9.478687286000000434e-01
9.324902238881062658e+03 9.471952820000000273e-01
9.329902238881062658e+03 9.480464935000000315e-01
9.334902238881062658e+03 9.481104278999999968e-01
9.339902238881062658e+03 9.475189971999999905e-01
9.344902238881062658e+03 9.476750945999999898e-01
9.349902238881062658e+03 9.483270263999998839e-01
9.354902238881062658e+03 9.479621887000000413e-01
9.359902238881062658e+03 9.466245269999999934e-01
9.364902238881062658e+03 9.484432219999999747e-01
9.369902238881062658e+03 9.476837157999998817e-01
9.374902238881062658e+03 9.468206786999999736e-01
9.379902238881062658e+03 9.477307891999999789e-01
9.384902238881062658e+03 9.476765442000000261e-01
9.389902238881062658e+03 9.475359344000000572e-01
9.394902238881062658e+03 9.473355102999999611e-01
9.399902238881062658e+03 9.479448700000000505e-01
9.404902238881062658e+03 9.475109862999999688e-01
9.409902238881062658e+03 9.467089081000000794e-01
9.414902238881062658e+03 9.476141356999999710e-01
9.419902238881062658e+03 9.476893615999999465e-01
9.424902238881062658e+03 9.467995452999999895e-01
9.429902238881062658e+03 9.468820952999998930e-01
9.434902238881062658e+03 9.478782653999999752e-01
9.439902238881062658e+03 9.468248749000000020e-01
9.444902238881062658e+03 9.466314697000000056e-01
9.449902238881062658e+03 9.472499084000000069e-01
9.454902238881062658e+03 9.471408843999999938e-01
9.459902238881062658e+03 9.463362121999999710e-01
9.464902238881062658e+03 9.468357848999999771e-01
9.469902238881062658e+03 9.467867278999999581e-01
9.474902238881062658e+03 9.466101073999999560e-01
9.479902238881062658e+03 9.464550780999999580e-01
9.484902238881062658e+03 9.468799591000000015e-01
9.489902238881062658e+03 9.469039917000000584e-01
9.494902238881062658e+03 9.462505341000000403e-01
9.499902238881062658e+03 9.463282012999999493e-01
9.504902238881062658e+03 9.467700958000000444e-01
9.509902238881062658e+03 9.469390105999999641e-01
9.514902238881062658e+03 9.460717010000000426e-01
9.519902238881062658e+03 9.468991088999999528e-01
9.524902238881062658e+03 9.467916870000000484e-01
9.529902238881062658e+03 9.464514160000000453e-01
9.534902238881062658e+03 9.464875793000000481e-01
9.539902238881062658e+03 9.470981598000000057e-01
9.544902238881062658e+03 9.461666107000000769e-01
9.549902238881062658e+03 9.467539214999999286e-01
9.554902238881062658e+03 9.466358947999999884e-01
9.559902238881062658e+03 9.464817809999999110e-01
9.564902238881062658e+03 9.466508484000000223e-01
9.569902238881062658e+03 9.470333099000000088e-01
9.574902238881062658e+03 9.463070679000000762e-01
9.579902238881062658e+03 9.467025757000000485e-01
9.584902238881062658e+03 9.468250274999999716e-01
9.589902238881062658e+03 9.465841674999999622e-01
9.594902238881062658e+03 9.465851592999999786e-01
9.599902238881062658e+03 9.471701049999999844e-01
9.604902238881062658e+03 9.461647034000000289e-01
9.609902238881062658e+03 9.468652344000000332e-01
9.614902238881062658e+03 9.468562316999999950e-01
9.619902238881062658e+03 9.468952178999999747e-01
9.624902238881062658e+03 9.464337157999999084e-01
9.629902238881062658e+03 9.468560791000000254e-01
9.634902238881062658e+03 9.467008972000000577e-01
9.639902238881062658e+03 9.465847014999999587e-01
9.644902238881062658e+03 9.471747589000000245e-01
9.649902238881062658e+03 9.466561890000000368e-01
9.654902238881062658e+03 9.470988463999999718e-01
9.659902238881062658e+03 9.462582397000000034e-01
9.664902238881062658e+03 9.469269562000000029e-01
9.669902238881062658e+03 9.474127196999999612e-01
9.674902238881062658e+03 9.462507628999999865e-01
9.679902238881062658e+03 9.467333983999999258e-01
9.684902238881062658e+03 9.471580505000000150e-01
9.689902238881062658e+03 9.465864562999999343e-01
9.694902238881062658e+03 9.466420746000000497e-01
9.699902238881062658e+03 9.472452544999999668e-01
9.704902238881062658e+03 9.466796111999999930e-01
9.709902238881062658e+03 9.465614318999999721e-01
9.714902238881062658e+03 9.473932648000000789e-01
9.719902238881062658e+03 9.466629027999999835e-01
9.724902238881062658e+03 9.464414214999998798e-01
9.729902238881062658e+03 9.466856384000000846e-01
9.734902238881062658e+03 9.471878052000000103e-01
9.739902238881062658e+03 9.464056395999999038e-01
9.744902238881062658e+03 9.466734314000000428e-01
9.749902238881062658e+03 9.476023865000000601e-01
9.754902238881062658e+03 9.463250732000000331e-01
9.759902238881062658e+03 9.469271851000000684e-01
9.764902238881062658e+03 9.467770385999999538e-01
9.769902238881062658e+03 9.464048003999999681e-01
9.774902238881062658e+03 9.465134430000000654e-01
9.779902238881062658e+03 9.468566894999999040e-01
9.784902238881062658e+03 9.468120575000000816e-01
9.789902238881062658e+03 9.470114898999999475e-01
9.794902238881062658e+03 9.461193848000000184e-01
9.799902238881062658e+03 9.465515899999999982e-01
9.804902238881062658e+03 9.467984771999999882e-01
9.809902238881062658e+03 9.470353699000000347e-01
9.814902238881062658e+03 9.464029694000000159e-01
9.819902238881062658e+03 9.463651276000000223e-01
9.824902238881062658e+03 9.471276093000000618e-01
9.829902238881062658e+03 9.460318755999999052e-01
9.834902238881062658e+03 9.470082854999999356e-01
9.839902238881062658e+03 9.471678162000000123e-01
9.844902238881062658e+03 9.464726256999999032e-01
9.849902238881062658e+03 9.459707641999999250e-01
9.854902238881062658e+03 9.465100098000001072e-01
9.859902238881062658e+03 9.470738220000000096e-01
9.864902238881062658e+03 9.468210602000000087e-01
9.869902238881062658e+03 9.461145019999999128e-01
9.874902238881062658e+03 9.471003722999999930e-01
9.879902238881062658e+03 9.471863555999999740e-01
9.884902238881062658e+03 9.464243317000000655e-01
9.889902238881062658e+03 9.470675658999999635e-01
9.894902238881062658e+03 9.468766785000000130e-01
9.899902238881062658e+03 9.462078857000000287e-01
9.904902238881062658e+03 9.464173889000000450e-01
9.909902238881062658e+03 9.469630431999999098e-01
9.914902238881062658e+03 9.458671570000000139e-01
9.919902238881062658e+03 9.469299316000000521e-01
9.924902238881062658e+03 9.461985015999999638e-01
9.929902238881062658e+03 9.468412781000000722e-01
9.934902238881062658e+03 9.464360808999999763e-01
9.939902238881062658e+03 9.465258025999999658e-01
9.944902238881062658e+03 9.463676452999999489e-01
9.949902238881062658e+03 9.463359833000000165e-01
9.954902238881062658e+03 9.473558807000000970e-01
9.959902238881062658e+03 9.454723358000000077e-01
9.964902238881062658e+03 9.474823761000000788e-01
9.969902238881062658e+03 9.466333770999999508e-01
9.974902238881062658e+03 9.464117432000000996e-01
9.979902238881062658e+03 9.477943420000000119e-01
9.984902238881062658e+03 9.452599334999999270e-01
9.989902238881062658e+03 9.457535552999999373e-01
9.994902238881062658e+03 9.459574126999999999e-01
9.999902238881062658e+03 9.470011902000000648e-01
1.000490223888106266e+04 9.470181273999999094e-01
1.000990223888106266e+04 9.457815551999999570e-01
1.001490223888106266e+04 9.458657836999999624e-01
1.001990223888106266e+04 9.472589111000000450e-01
1.002490223888106266e+04 9.453041840000000473e-01
1.002990223888106266e+04 9.470804596000000908e-01
1.003490223888106266e+04 9.465068053999999842e-01
1.003990223888106266e+04 9.460183716000000187e-01
1.004490223888106266e+04 9.459693145999998887e-01
1.004990223888106266e+04 9.466967010000000293e-01
1.005490223888106266e+04 9.463983154000000786e-01
1.005990223888106266e+04 9.462444304999999556e-01
1.006490223888106266e+04 9.461622619999999761e-01
1.006990223888106266e+04 9.466603087999999611e-01
1.007490223888106266e+04 9.457845306000000063e-01
1.007990223888106266e+04 9.461304474000000742e-01
1.008490223888106266e+04 9.467726897999999558e-01
1.008990223888106266e+04 9.464183044000000766e-01
1.009490223888106266e+04 9.457770537999999894e-01
1.009990223888106266e+04 9.467313385000000192e-01
1.010490223888106266e+04 9.462126159999999508e-01
1.010990223888106266e+04 9.462483215000000447e-01
1.011490223888106266e+04 9.462139893000000024e-01
1.011990223888106266e+04 9.465052794999999630e-01
1.012490223888106266e+04 9.463488769999999217e-01
1.012990223888106266e+04 9.455214691000000116e-01
1.013490223888106266e+04 9.463745117000000873e-01
1.013990223888106266e+04 9.460540770999998905e-01
1.014490223888106266e+04 9.465741730000000187e-01
1.014990223888106266e+04 9.455347442999999519e-01
1.015490223888106266e+04 9.463912963999999706e-01
1.015990223888106266e+04 9.464437103000000739e-01
1.016490223888106266e+04 9.458283996999999887e-01
1.016990223888106266e+04 9.460067748999999582e-01
1.017490223888106266e+04 9.464341736000000394e-01
1.017990223888106266e+04 9.463526154000000412e-01
1.018490223888106266e+04 9.456483459000000202e-01
1.018990223888106266e+04 9.464095305999999930e-01
1.019490223888106266e+04 9.460156250000000266e-01
1.019990223888106266e+04 9.460934448000000163e-01
1.020490223888106266e+04 9.462447357000001169e-01
1.020990223888106266e+04 9.461031341999999178e-01
1.021490223888106266e+04 9.461475371999999995e-01
1.021990223888106266e+04 9.460821532999998951e-01
1.022490223888106266e+04 9.463450623000000395e-01
1.022990223888106266e+04 9.455692290999999639e-01
1.023490223888106266e+04 9.461477661000000650e-01
1.023990223888106266e+04 9.460290526999999283e-01
1.024490223888106266e+04 9.458303832999999106e-01
1.024990223888106266e+04 9.459736632999999895e-01
1.025490223888106266e+04 9.464060211000000500e-01
1.025990223888106266e+04 9.460044860999999861e-01
1.026490223888106266e+04 9.456266021999999438e-01
1.026990223888106266e+04 9.461259459999999955e-01
1.027490223888106266e+04 9.459452819999999429e-01
1.027990223888106266e+04 9.462403107000000313e-01
1.028490223888106266e+04 9.458180999999999949e-01
1.028990223888106266e+04 9.459568023999999076e-01
1.029490223888106266e+04 9.459857940999999437e-01
1.029990223888106266e+04 9.461628722999999574e-01
1.030490223888106266e+04 9.453563689999999742e-01
1.030990223888106266e+04 9.460337067000000877e-01
1.031490223888106266e+04 9.463127136000000217e-01
1.031990223888106266e+04 9.455581665000000191e-01
1.032490223888106266e+04 9.456605530000000703e-01
1.032990223888106266e+04 9.465813445999999853e-01
1.033490223888106266e+04 9.455262756000000213e-01
1.033990223888106266e+04 9.456358337000000391e-01
1.034490223888106266e+04 9.462140655999999872e-01
1.034990223888106266e+04 9.458965301999999742e-01
1.035490223888106266e+04 9.455444335999999561e-01
1.035990223888106266e+04 9.458795929000000102e-01
1.036490223888106266e+04 9.459896088000000480e-01
1.036990223888106266e+04 9.455524445000000888e-01
1.037490223888106266e+04 9.453546143000000068e-01
1.037990223888106266e+04 9.462438964999999591e-01
1.038490223888106266e+04 9.463480377000000887e-01
1.038990223888106266e+04 9.450539397999999647e-01
1.039490223888106266e+04 9.462065124999999854e-01
1.039990223888106266e+04 9.461867522999999336e-01
1.040490223888106266e+04 9.450917816000000693e-01
1.040990223888106266e+04 9.456935882999999432e-01
1.041490223888106266e+04 9.462180327999999419e-01
1.041990223888106266e+04 9.453478241000000670e-01
1.042490223888106266e+04 9.457591248000000173e-01
1.042990223888106266e+04 9.458535766999999206e-01
1.043490223888106266e+04 9.458647156000000722e-01
1.043990223888106266e+04 9.456581115999999065e-01
1.044490223888106266e+04 9.454479218000000351e-01
1.044990223888106266e+04 9.460015106000000396e-01
1.045490223888106266e+04 9.455393219000000071e-01
1.045990223888106266e+04 9.452584838999998906e-01
1.046490223888106266e+04 9.459687804999999949e-01
1.046990223888106266e+04 9.458477782999998862e-01
1.047490223888106266e+04 9.449957274999999379e-01
1.047990223888106266e+04 9.460968780999999828e-01
1.048490223888106266e+04 9.458717346000000692e-01
1.048990223888106266e+04 9.451480103000000632e-01
1.049490223888106266e+04 9.454673004000000436e-01
1.049990223888106266e+04 9.459764098999999815e-01
1.050490223888106266e+04 9.454417419000000766e-01
1.050990223888106266e+04 9.455597686999999141e-01
1.051490223888106266e+04 9.457050323000000258e-01
1.051990223888106266e+04 9.455766295999999960e-01
1.052490223888106266e+04 9.457785797000000105e-01
1.052990223888106266e+04 9.455097960999999662e-01
1.053490223888106266e+04 9.457903290000000407e-01
1.053990223888106266e+04 9.454829406999999408e-01
1.054490223888106266e+04 9.455581665000000191e-01
1.054990223888106266e+04 9.451672362999999910e-01
1.055490223888106266e+04 9.454706573000000169e-01
1.055990223888106266e+04 9.456714630000000454e-01
1.056490223888106266e+04 9.449943541999999974e-01
1.056990223888106266e+04 9.455464172000001000e-01
1.057490223888106266e+04 9.458647156000000722e-01
1.057990223888106266e+04 9.450281524999999405e-01
1.058490223888106266e+04 9.460054015999999066e-01
1.058990223888106266e+04 9.449499512000000268e-01
1.059490223888106266e+04 9.453778838999999934e-01
1.059990223888106266e+04 9.454309082000000863e-01
1.060490223888106266e+04 9.459954833999999479e-01
1.060990223888106266e+04 9.452536010999998961e-01
1.061490223888106266e+04 9.451349639999999663e-01
1.061990223888106266e+04 9.454439544999999612e-01
1.062490223888106266e+04 9.454412078999999691e-01
1.062990223888106266e+04 9.452700042999999663e-01
1.063490223888106266e+04 9.457390594000000261e-01
1.063990223888106266e+04 9.449746704000000497e-01
1.064490223888106266e+04 9.455674743999999965e-01
1.064990223888106266e+04 9.454859160999999901e-01
1.065490223888106266e+04 9.453835297000000581e-01
1.065990223888106266e+04 9.452670288000000198e-01
1.066490223888106266e+04 9.456461333999999219e-01
1.066990223888106266e+04 9.451403045999999808e-01
1.067490223888106266e+04 9.456989287999999494e-01
1.067990223888106266e+04 9.452254486000000178e-01
1.068490223888106266e+04 9.452401733000000972e-01
1.068990223888106266e+04 9.452565001999999605e-01
1.069490223888106266e+04 9.452708434999999021e-01
1.069990223888106266e+04 9.456004332999999873e-01
1.070490223888106266e+04 9.451216125000000412e-01
1.070990223888106266e+04 9.453720855999999673e-01
1.071490223888106266e+04 9.449737548999999071e-01
1.071990223888106266e+04 9.452787781000000500e-01
1.072490223888106266e+04 9.450694274999998923e-01
1.072990223888106266e+04 9.450748444000000026e-01
1.073490223888106266e+04 9.450502776999999410e-01
1.073990223888106266e+04 9.453008269999999547e-01
1.074490223888106266e+04 9.451193999999999429e-01
1.074990223888106266e+04 9.449433899000000414e-01
1.075490223888106266e+04 9.455823517000000455e-01
1.075990223888106266e+04 9.449456024000000287e-01
1.076490223888106266e+04 9.452120971999999899e-01
1.076990223888106266e+04 9.452740479000000251e-01
1.077490223888106266e+04 9.452665709999998889e-01
1.077990223888106266e+04 9.449084473000000095e-01
1.078490223888106266e+04 9.453891754000000036e-01
1.078990223888106266e+04 9.453833770999999775e-01
1.079490223888106266e+04 9.448168945000000596e-01
1.079990223888106266e+04 9.450981139999999892e-01
1.080490223888106266e+04 9.447956084999999948e-01
1.080990223888106266e+04 9.459778595000000179e-01
1.081490223888106266e+04 9.448937225000000328e-01
1.081990223888106266e+04 9.451496124000000609e-01
1.082490223888106266e+04 9.454759215999999356e-01
1.082990223888106266e+04 9.448545837000000835e-01
1.083490223888106266e+04 9.451488494999999990e-01
1.083990223888106266e+04 9.450031280999999783e-01
1.084490223888106266e+04 9.453711699999999274e-01
1.084990223888106266e+04 9.448885344999999880e-01
1.085490223888106266e+04 9.449088286999999253e-01
1.085990223888106266e+04 9.450379180999999296e-01
1.086490223888106266e+04 9.454950713999999978e-01
1.086990223888106266e+04 9.447867583999999264e-01
1.087490223888106266e+04 9.449177550999999786e-01
1.087990223888106266e+04 9.454766846000000058e-01
1.088490223888106266e+04 9.449888611000000216e-01
1.088990223888106266e+04 9.443132018999998989e-01
1.089490223888106266e+04 9.454782104000000187e-01
1.089990223888106266e+04 9.452401733000000972e-01
1.090490223888106266e+04 9.441121674000000352e-01
1.090990223888106266e+04 9.456335448999999560e-01
1.091490223888106266e+04 9.451899718999999811e-01
1.091990223888106266e+04 9.450045776000000064e-01
1.092490223888106266e+04 9.444204711999999446e-01
1.092990223888106266e+04 9.452374268000000024e-01
1.093490223888106266e+04 9.447154999000000331e-01
1.093990223888106266e+04 9.450152588000000353e-01
1.094490223888106266e+04 9.444183350000000532e-01
1.094990223888106266e+04 9.453742217999999697e-01
1.095490223888106266e+04 9.451889037999999799e-01
1.095990223888106266e+04 9.443560027999999829e-01
1.096490223888106266e+04 9.449522399999998878e-01
1.096990223888106266e+04 9.451772307999999345e-01
1.097490223888106266e+04 9.443032836999999402e-01
1.097990223888106266e+04 9.448299407999999344e-01
1.098490223888106266e+04 9.458265686000000283e-01
1.098990223888106266e+04 9.440838623000000762e-01
1.099490223888106266e+04 9.449018859999999131e-01
1.099990223888106266e+04 9.450223541000000171e-01
1.100490223888106266e+04 9.451904297000000010e-01
1.100990223888106266e+04 9.445944977000000353e-01
1.101490223888106266e+04 9.449445342999999164e-01
1.101990223888106266e+04 9.447409057999999193e-01
1.102490223888106266e+04 9.446871185000000892e-01
1.102990223888106266e+04 9.444181061000000987e-01
1.103490223888106266e+04 9.450412749999999029e-01
1.103990223888106266e+04 9.450389099000000570e-01
1.104490223888106266e+04 9.442022704999999405e-01
1.104990223888106266e+04 9.448674773999999887e-01
1.105490223888106266e+04 9.452100371999999640e-01
1.105990223888106266e+04 9.444972228999999331e-01
1.106490223888106266e+04 9.441186523000000275e-01
