3.061225703169940061e+03 6.906214984999999666e-06
3.066225703169940061e+03 4.820438335000000297e-06
3.071225703169940061e+03 7.813011762000000515e-06
3.076225703169940061e+03 7.178887025999999307e-06
3.081225703169940061e+03 5.329221021000000492e-06
3.086225703169940061e+03 6.353174102999999344e-06
3.091225703169940061e+03 6.063100299999999416e-06
3.096225703169940061e+03 9.336673538000001107e-06
3.101225703169940061e+03 6.503278854999999272e-06
3.106225703169940061e+03 5.862978286999999293e-06
3.111225703169940061e+03 8.776432950999999303e-06
3.116225703169940061e+03 6.515710847000000211e-06
3.121225703169940061e+03 5.278631579000000050e-06
3.126225703169940061e+03 5.846584098999999238e-06
3.131225703169940061e+03 6.975871511000000090e-06
3.136225703169940061e+03 7.524501415999999756e-06
3.141225703169940061e+03 7.341488963000000656e-06
3.146225703169940061e+03 8.511401828999999271e-06
3.151225703169940061e+03 6.883238092999999600e-06
3.156225703169940061e+03 5.973894149000000366e-06
3.161225703169940061e+03 9.397123940000000225e-06
3.166225703169940061e+03 4.803349730000000008e-06
3.171225703169940061e+03 6.429025087999999299e-06
3.176225703169940061e+03 9.309586020999999778e-06
3.181225703169940061e+03 8.426570566000000091e-06
3.186225703169940061e+03 7.225573645000000757e-06
3.191225703169940061e+03 4.811255203000000232e-06
3.196225703169940061e+03 9.339060633999999371e-06
3.201225703169940061e+03 6.192859728000000060e-06
3.206225703169940061e+03 7.633989444000000341e-06
3.211225703169940061e+03 7.335835835000000637e-06
3.216225703169940061e+03 6.729625165000000456e-06
3.221225703169940061e+03 7.717830013000000382e-06
3.226225703169940061e+03 8.240665774999999767e-06
3.231225703169940061e+03 7.262500585000000245e-06
3.236225703169940061e+03 8.882504770999999707e-06
3.241225703169940061e+03 6.098022567999999594e-06
3.246225703169940061e+03 9.310538297999999851e-06
3.251225703169940061e+03 7.273028022999999345e-06
3.256225703169940061e+03 6.982423365000000214e-06
3.261225703169940061e+03 8.238299632999999375e-06
3.266225703169940061e+03 7.026502280000000204e-06
3.271225703169940061e+03 7.313986424999999971e-06
3.276225703169940061e+03 8.025489515000000683e-06
3.281225703169940061e+03 8.590061916000000478e-06
3.286225703169940061e+03 5.101948044999999918e-06
3.291225703169940061e+03 8.738337783000001051e-06
3.296225703169940061e+03 5.992134683999999802e-06
3.301225703169940061e+03 7.082505035000000111e-06
3.306225703169940061e+03 6.759336101999999692e-06
3.311225703169940061e+03 7.520312210999999318e-06
3.316225703169940061e+03 6.252736784999999367e-06
3.321225703169940061e+03 5.949080222999999444e-06
3.326225703169940061e+03 6.886061164999999648e-06
3.331225703169940061e+03 4.289966309000000084e-06
3.336225703169940061e+03 1.205759821000000047e-05
3.341225703169940061e+03 7.040076307000000288e-06
3.346225703169940061e+03 6.390407797999999536e-06
3.351225703169940061e+03 6.366177113000000440e-06
3.356225703169940061e+03 5.879001109999999958e-06
3.361225703169940061e+03 7.120114750999999641e-06
3.366225703169940061e+03 6.955795106000000209e-06
3.371225703169940061e+03 5.500350379999999885e-06
3.376225703169940061e+03 9.711702004999999243e-06
3.381225703169940061e+03 5.687356461000000312e-06
3.386225703169940061e+03 5.683006019999999868e-06
3.391225703169940061e+03 7.894500159000000653e-06
3.396225703169940061e+03 6.892249803000000191e-06
3.401225703169940061e+03 6.985673098999999811e-06
3.406225703169940061e+03 5.708387470999999394e-06
3.411225703169940061e+03 6.460725563000000333e-06
3.416225703169940061e+03 7.158926455000000119e-06
3.421225703169940061e+03 9.601348428999999262e-06
3.426225703169940061e+03 8.168997591999999788e-06
3.431225703169940061e+03 6.803841679000000079e-06
3.436225703169940061e+03 6.647579139000000343e-06
3.441225703169940061e+03 8.884571725999999744e-06
3.446225703169940061e+03 7.565533741999999608e-06
3.451225703169940061e+03 7.078054476999999129e-06
3.456225703169940061e+03 3.784214204999999877e-06
3.461225703169940061e+03 6.505022174999999206e-06
3.466225703169940061e+03 8.563439477999999460e-06
3.471225703169940061e+03 6.251913146000000272e-06
3.476225703169940061e+03 6.983925705000000556e-06
3.481225703169940061e+03 7.297057890999999803e-06
3.486225703169940061e+03 5.517058889000000348e-06
3.491225703169940061e+03 4.965069237999999700e-06
3.496225703169940061e+03 4.914588644000000233e-06
3.501225703169940061e+03 4.972340538999999587e-06
3.506225703169940061e+03 8.912591729000000822e-06
3.511225703169940061e+03 7.075194152999999899e-06
3.516225703169940061e+03 6.398137193000000336e-06
3.521225703169940061e+03 7.443138746999999991e-06
3.526225703169940061e+03 8.083876454999998777e-06
3.531225703169940061e+03 8.492149644999999114e-06
3.536225703169940061e+03 6.136507727000000214e-06
3.541225703169940061e+03 6.431515212000000719e-06
3.546225703169940061e+03 6.267557036999999828e-06
3.551225703169940061e+03 5.395684857000000300e-06
3.556225703169940061e+03 9.251045412000000011e-06
3.561225703169940061e+03 8.374988100999999365e-06
3.566225703169940061e+03 8.492651394999999994e-06
3.571225703169940061e+03 7.014606380999999893e-06
3.576225703169940061e+03 3.896971175000000279e-06
3.581225703169940061e+03 9.310792084000000369e-06
3.586225703169940061e+03 7.655618828999999608e-06
3.591225703169940061e+03 4.839946049999999996e-06
3.596225703169940061e+03 5.647459766000000515e-06
3.601225703169940061e+03 6.064727785999999504e-06
3.606225703169940061e+03 1.058626220999999969e-05
3.611225703169940061e+03 8.516495000000000188e-06
3.616225703169940061e+03 8.715506991999999770e-06
3.621225703169940061e+03 8.328051771999999054e-06
3.626225703169940061e+03 9.960080497000000448e-06
3.631225703169940061e+03 5.083564901999999862e-06
3.636225703169940061e+03 1.007459592000000052e-05
3.641225703169940061e+03 8.606321644000000247e-06
3.646225703169940061e+03 8.117054821999999560e-06
3.651225703169940061e+03 7.749230716999998942e-06
3.656225703169940061e+03 8.320425986000000871e-06
3.661225703169940061e+03 5.489665200000000113e-06
3.666225703169940061e+03 9.063457836999999119e-06
3.671225703169940061e+03 9.042205637999999922e-06
3.676225703169940061e+03 7.834130083000000056e-06
3.681225703169940061e+03 7.837627198999999386e-06
3.686225703169940061e+03 4.884704830999999424e-06
3.691225703169940061e+03 6.714705959999999869e-06
3.696225703169940061e+03 4.240314301999999449e-06
3.701225703169940061e+03 7.510601425999999595e-06
3.706225703169940061e+03 5.998975247999999651e-06
3.711225703169940061e+03 7.538391510000000441e-06
3.716225703169940061e+03 6.877310807000000127e-06
3.721225703169940061e+03 6.824954180000000107e-06
3.726225703169940061e+03 6.624897360000000466e-06
3.731225703169940061e+03 5.678174784000000125e-06
3.736225703169940061e+03 1.012731111000000028e-05
3.741225703169940061e+03 7.793029072000000183e-06
3.746225703169940061e+03 6.757270312000000388e-06
3.751225703169940061e+03 7.252505747999999694e-06
3.756225703169940061e+03 5.724219372000000575e-06
3.761225703169940061e+03 6.611509015999999813e-06
3.766225703169940061e+03 3.725564166000000200e-06
3.771225703169940061e+03 5.957898684000000050e-06
3.776225703169940061e+03 8.062298292999999503e-06
3.781225703169940061e+03 6.857734987999999868e-06
3.786225703169940061e+03 5.843518301999999728e-06
3.791225703169940061e+03 7.629964965999999973e-06
3.796225703169940061e+03 6.842155708000000165e-06
3.801225703169940061e+03 6.202789373000000450e-06
3.806225703169940061e+03 6.474150577999999860e-06
3.811225703169940061e+03 5.122214789000000874e-06
3.816225703169940061e+03 5.967111791999999586e-06
3.821225703169940061e+03 5.691857659000000337e-06
3.826225703169940061e+03 4.502579977000000415e-06
3.831225703169940061e+03 5.655453424000000769e-06
3.836225703169940061e+03 4.440379562000000060e-06
3.841225703169940061e+03 5.949966725999999573e-06
3.846225703169940061e+03 6.353724165999999614e-06
3.851225703169940061e+03 5.910902982999999938e-06
3.856225703169940061e+03 5.147985066000000342e-06
3.861225703169940061e+03 7.047142717000000523e-06
3.866225703169940061e+03 4.309921351000000073e-06
3.871225703169940061e+03 2.674443239999999906e-06
3.876225703169940061e+03 4.890707787000000010e-06
3.881225703169940061e+03 5.225397763000000440e-06
3.886225703169940061e+03 5.656003485999999870e-06
3.891225703169940061e+03 5.575441173000000187e-06
3.896225703169940061e+03 4.471696739000000029e-06
3.901225703169940061e+03 2.311046554999999982e-06
3.906225703169940061e+03 3.809662594000000180e-06
3.911225703169940061e+03 8.084916044000000477e-06
3.916225703169940061e+03 2.713724097999999913e-06
3.921225703169940061e+03 6.955667632000000490e-06
3.926225703169940061e+03 5.103014992000000274e-06
3.931225703169940061e+03 5.367405829000000346e-06
3.936225703169940061e+03 5.648235674000000003e-06
3.941225703169940061e+03 7.379661547000000212e-06
3.946225703169940061e+03 5.800334038000000201e-06
3.951225703169940061e+03 2.244296484000000215e-06
3.956225703169940061e+03 6.324431159999999490e-06
3.961225703169940061e+03 4.989563604000000162e-06
3.966225703169940061e+03 6.570423719999999454e-06
3.971225703169940061e+03 7.304480532000000221e-06
3.976225703169940061e+03 4.511190928000000234e-06
3.981225703169940061e+03 7.105304394000000028e-06
3.986225703169940061e+03 5.789104034000000211e-06
3.991225703169940061e+03 6.110055256000000487e-06
3.996225703169940061e+03 4.734594840999999766e-06
4.001225703169940061e+03 2.107623732000000060e-06
4.006225703169940061e+03 6.212300504999999405e-06
4.011225703169940061e+03 6.431261426999999676e-06
4.016225703169940061e+03 6.190803832999999909e-06
4.021225703169940061e+03 6.535201682999999985e-06
4.026225703169940061e+03 5.923757561999999938e-06
4.031225703169940061e+03 5.147603806000000105e-06
4.036225703169940061e+03 4.956611664999999547e-06
4.041225703169940061e+03 3.266267303999999946e-06
4.046225703169940061e+03 6.142948987000000017e-06
4.051225703169940061e+03 8.147667395000001198e-06
4.056225703169940061e+03 5.194520344999999567e-06
4.061225703169940061e+03 5.904927966000000010e-06
4.066225703169940061e+03 6.496498826999999635e-06
4.071225703169940061e+03 7.623994607000000637e-06
4.076225703169940061e+03 4.827774245999999717e-06
4.081225703169940061e+03 3.545113140999999865e-06
4.086225703169940061e+03 7.417815505000000178e-06
4.091225703169940061e+03 5.994049134000000269e-06
4.096225703169940061e+03 5.839239457000000229e-06
4.101225703169940061e+03 5.798073834999999655e-06
4.106225703169940061e+03 5.753055447999999350e-06
4.111225703169940061e+03 6.257902714000000150e-06
4.116225703169940061e+03 7.095286273000000141e-06
4.121225703169940061e+03 1.049022074000000023e-05
4.126225703169940061e+03 6.804725272000000452e-06
4.131225703169940061e+03 8.342149085000000213e-06
4.136225703169940061e+03 5.825293483000000127e-06
4.141225703169940061e+03 6.619436317000000867e-06
4.146225703169940061e+03 6.898641586000000193e-06
4.151225703169940061e+03 3.826920873999999854e-06
4.156225703169940061e+03 8.257286972000000297e-06
4.161225703169940061e+03 5.840670200999999626e-06
4.166225703169940061e+03 4.001799098000000282e-06
4.171225703169940061e+03 4.986699204999999596e-06
4.176225703169940061e+03 5.454521161000000038e-06
4.181225703169940061e+03 4.230687045000000333e-06
4.186225703169940061e+03 3.821618447999999973e-06
4.191225703169940061e+03 7.382781477999999794e-06
4.196225703169940061e+03 6.631977158000000561e-06
4.201225703169940061e+03 5.597536801000000176e-06
4.206225703169940061e+03 6.301643443000000088e-06
4.211225703169940061e+03 5.090901977000000540e-06
4.216225703169940061e+03 4.819908935999999600e-06
4.221225703169940061e+03 3.046743804999999962e-06
4.226225703169940061e+03 6.231560836999999896e-06
4.231225703169940061e+03 3.741744730999999844e-06
4.236225703169940061e+03 5.552145885000000071e-06
4.241225703169940061e+03 2.057966484999999900e-06
4.246225703169940061e+03 5.118653062000000843e-06
4.251225703169940061e+03 4.322231106999999329e-06
4.256225703169940061e+03 2.265630609999999823e-06
4.261225703169940061e+03 6.125828368000000276e-06
4.266225703169940061e+03 3.824820450999999962e-06
4.271225703169940061e+03 3.551578848000000364e-06
4.276225703169940061e+03 8.637533755999999093e-06
4.281225703169940061e+03 5.605648038999999622e-06
4.286225703169940061e+03 4.884947557000000056e-06
4.291225703169940061e+03 4.411086264999999621e-06
4.296225703169940061e+03 4.639186954999999780e-06
4.301225703169940061e+03 8.680410101000000047e-06
4.306225703169940061e+03 5.416056956000000677e-06
4.311225703169940061e+03 5.459288950000000338e-06
4.316225703169940061e+03 5.791466101000000115e-06
4.321225703169940061e+03 5.456240614999999160e-06
4.326225703169940061e+03 4.693531081999999923e-06
4.331225703169940061e+03 3.092494735000000103e-06
4.336225703169940061e+03 6.765460711999999638e-06
4.341225703169940061e+03 4.745742771999999875e-06
4.346225703169940061e+03 4.473089938999999607e-06
4.351225703169940061e+03 5.941300769000000755e-06
4.356225703169940061e+03 6.109247915000000161e-06
4.361225703169940061e+03 5.364872050000000127e-06
4.366225703169940061e+03 4.385877692000000617e-06
4.371225703169940061e+03 4.749967483999999624e-06
4.376225703169940061e+03 5.144259194000000022e-06
4.381225703169940061e+03 6.085084751000000675e-06
4.386225703169940061e+03 4.615508659999999760e-06
4.391225703169940061e+03 3.324436256999999586e-06
4.396225703169940061e+03 5.555390961999999398e-06
4.401225703169940061e+03 5.404581898000000081e-06
4.406225703169940061e+03 3.241341909999999979e-06
4.411225703169940061e+03 2.327541732999999823e-06
4.416225703169940061e+03 5.551408976000000280e-06
4.421225703169940061e+03 4.422025522000000226e-06
4.426225703169940061e+03 5.292884888999999469e-06
4.431225703169940061e+03 3.252793393999999976e-06
4.436225703169940061e+03 3.003063030000000032e-06
4.441225703169940061e+03 4.247603937999999460e-06
4.446225703169940061e+03 3.976067527999999875e-06
4.451225703169940061e+03 4.918555496000000145e-06
4.456225703169940061e+03 4.242600990000000249e-06
4.461225703169940061e+03 7.155857747000000531e-06
4.466225703169940061e+03 3.147984097999999886e-06
4.471225703169940061e+03 3.122845664999999933e-06
4.476225703169940061e+03 4.608506861000000225e-06
4.481225703169940061e+03 3.151910204999999908e-06
4.486225703169940061e+03 5.542775034000000388e-06
4.491225703169940061e+03 4.689795314000000128e-06
4.496225703169940061e+03 3.409961064000000177e-06
4.501225703169940061e+03 5.635704147000000002e-06
4.506225703169940061e+03 4.186477745000000546e-06
4.511225703169940061e+03 6.397719261999999530e-06
4.516225703169940061e+03 5.078052054000000489e-06
4.521225703169940061e+03 6.085874047000000023e-06
4.526225703169940061e+03 4.491115686999999916e-06
4.531225703169940061e+03 5.607585771999999951e-06
4.536225703169940061e+03 5.863771074999999873e-06
4.541225703169940061e+03 5.408860160999999798e-06
4.546225703169940061e+03 3.053793624999999945e-06
4.551225703169940061e+03 2.849640149999999954e-06
4.556225703169940061e+03 3.296288196000000058e-06
4.561225703169940061e+03 4.710537614000000331e-06
4.566225703169940061e+03 6.097833392999999778e-06
4.571225703169940061e+03 4.397621086999999986e-06
4.576225703169940061e+03 5.406381096999999958e-06
4.581225703169940061e+03 4.334930854000000107e-06
4.586225703169940061e+03 5.175959085999999259e-06
4.591225703169940061e+03 4.223485011999999723e-06
4.596225703169940061e+03 3.707488067000000096e-06
4.601225703169940061e+03 4.583596309999999997e-06
4.606225703169940061e+03 6.930883391999999891e-06
4.611225703169940061e+03 4.418486786999999742e-06
4.616225703169940061e+03 4.980359225999999895e-06
4.621225703169940061e+03 3.712963371000000075e-06
4.626225703169940061e+03 3.394882368999999775e-06
4.631225703169940061e+03 8.682330954000000130e-06
4.636225703169940061e+03 3.147032111999999704e-06
4.641225703169940061e+03 4.619410029000000042e-06
4.646225703169940061e+03 5.126616451999999296e-06
4.651225703169940061e+03 3.347528400000000243e-06
4.656225703169940061e+03 4.943843815000000224e-06
4.661225703169940061e+03 3.731732139999999900e-06
4.666225703169940061e+03 4.015418526000000205e-06
4.671225703169940061e+03 3.959654714000000229e-06
4.676225703169940061e+03 4.491114814000000667e-06
4.681225703169940061e+03 2.497845852999999823e-06
4.686225703169940061e+03 3.015026449999999953e-06
4.691225703169940061e+03 5.065809818999999996e-06
4.696225703169940061e+03 2.363614622000000011e-06
4.701225703169940061e+03 5.077007808999999687e-06
4.706225703169940061e+03 4.593679331999999731e-06
4.711225703169940061e+03 6.453990935999999687e-06
4.716225703169940061e+03 4.516009066999999584e-06
4.721225703169940061e+03 2.050033071999999968e-06
4.726225703169940061e+03 3.920994350000000282e-06
4.731225703169940061e+03 5.020272220000000477e-06
4.736225703169940061e+03 2.967591281000000213e-06
4.741225703169940061e+03 1.710819924000000058e-06
4.746225703169940061e+03 4.087604756999999833e-06
4.751225703169940061e+03 3.808742912999999765e-06
4.756225703169940061e+03 3.546869848000000186e-06
4.761225703169940061e+03 5.760861094999999350e-06
4.766225703169940061e+03 4.847636736999999720e-06
4.771225703169940061e+03 2.651266987000000131e-06
4.776225703169940061e+03 4.385317443000000032e-06
4.781225703169940061e+03 5.062071722999999379e-06
4.786225703169940061e+03 2.193211257999999994e-06
4.791225703169940061e+03 6.380616686999999598e-06
4.796225703169940061e+03 5.150032230000000055e-06
4.801225703169940061e+03 3.076171270000000474e-06
4.806225703169940061e+03 6.558889871999999685e-06
4.811225703169940061e+03 5.324429366999999702e-06
4.816225703169940061e+03 5.839624209000000004e-06
4.821225703169940061e+03 4.042880900999999935e-06
4.826225703169940061e+03 4.095491604000000466e-06
4.831225703169940061e+03 4.560438683000000237e-06
4.836225703169940061e+03 3.974242718000000162e-06
4.841225703169940061e+03 3.106153453999999934e-06
4.846225703169940061e+03 3.294963681000000077e-06
4.851225703169940061e+03 5.118647241000000162e-06
4.856225703169940061e+03 4.180687537999999953e-06
4.861225703169940061e+03 4.527804266999999576e-06
4.866225703169940061e+03 4.069551651000000022e-06
4.871225703169940061e+03 5.003668484000000501e-06
4.876225703169940061e+03 5.178849095999999661e-06
4.881225703169940061e+03 4.206055601000000465e-06
4.886225703169940061e+03 2.298190956999999992e-06
4.891225703169940061e+03 5.959158297999999761e-06
4.896225703169940061e+03 4.040394269000000594e-06
4.901225703169940061e+03 4.121442033999999846e-06
4.906225703169940061e+03 2.814912294999999747e-06
4.911225703169940061e+03 6.394012598000000278e-06
4.916225703169940061e+03 5.852500325999999994e-06
4.921225703169940061e+03 3.562732018000000101e-06
4.926225703169940061e+03 2.126952895000000043e-06
4.931225703169940061e+03 5.652673425999999212e-06
4.936225703169940061e+03 3.224171523000000123e-06
4.941225703169940061e+03 5.747241084000000172e-06
4.946225703169940061e+03 4.423335777000000148e-06
4.951225703169940061e+03 4.027188988000000457e-06
4.956225703169940061e+03 6.367506575999999736e-06
4.961225703169940061e+03 6.606429815000000233e-06
4.966225703169940061e+03 5.999331478999999834e-06
4.971225703169940061e+03 5.088587058999999615e-06
4.976225703169940061e+03 4.061066138000000583e-06
4.981225703169940061e+03 2.402125392000000044e-06
4.986225703169940061e+03 3.672421153000000164e-06
4.991225703169940061e+03 5.124917952000000586e-06
4.996225703169940061e+03 2.156543632999999798e-06
5.001225703169940061e+03 4.766502243000000638e-06
5.006225703169940061e+03 5.111615173999999674e-06
5.011225703169940061e+03 3.402497677999999869e-06
5.016225703169940061e+03 3.473842807999999952e-06
5.021225703169940061e+03 4.868911346000000377e-06
5.026225703169940061e+03 2.867832955000000103e-06
5.031225703169940061e+03 2.391556627000000003e-06
5.036225703169940061e+03 4.464361990999999852e-06
5.041225703169940061e+03 4.447023384000000066e-06
5.046225703169940061e+03 2.565410977999999836e-06
5.051225703169940061e+03 4.971260204999999692e-06
5.056225703169940061e+03 5.718221655000000042e-06
5.061225703169940061e+03 2.720738412000000059e-06
5.066225703169940061e+03 5.260314792000000566e-06
5.071225703169940061e+03 3.804285370000000232e-06
5.076225703169940061e+03 2.591250813999999743e-06
5.081225703169940061e+03 5.962788126999999710e-06
5.086225703169940061e+03 3.876161353999999619e-06
5.091225703169940061e+03 5.557581898999999615e-06
5.096225703169940061e+03 5.646006902999999126e-06
5.101225703169940061e+03 3.712185716999999971e-06
5.106225703169940061e+03 4.709061467999999927e-06
5.111225703169940061e+03 5.377866327999999617e-06
5.116225703169940061e+03 5.715669249000000757e-06
5.121225703169940061e+03 4.226523160000000263e-06
5.126225703169940061e+03 4.750568186999999784e-06
5.131225703169940061e+03 5.157145788000000642e-06
5.136225703169940061e+03 4.390093089999999826e-06
5.141225703169940061e+03 3.846655599999999824e-06
5.146225703169940061e+03 3.252358000999999989e-06
5.151225703169940061e+03 5.885047139999999882e-06
5.156225703169940061e+03 6.519249290999999533e-06
5.161225703169940061e+03 5.313255241999999654e-06
5.166225703169940061e+03 4.250111815000000375e-06
5.171225703169940061e+03 5.968522163999999199e-06
5.176225703169940061e+03 7.666768505999999909e-06
5.181225703169940061e+03 4.949518478999999591e-06
5.186225703169940061e+03 5.224552005999999674e-06
5.191225703169940061e+03 5.908748716999999442e-06
5.196225703169940061e+03 4.891641437999999644e-06
5.201225703169940061e+03 6.553250132000000374e-06
5.206225703169940061e+03 6.845596363000000619e-06
5.211225703169940061e+03 5.581087315999999961e-06
5.216225703169940061e+03 8.336068131000000234e-06
5.221225703169940061e+03 6.647888803999999956e-06
5.226225703169940061e+03 6.937373546000000239e-06
5.231225703169940061e+03 7.056631730000000028e-06
5.236225703169940061e+03 5.910585168999999670e-06
5.241225703169940061e+03 7.559023215000000849e-06
5.246225703169940061e+03 7.696219836000000488e-06
5.251225703169940061e+03 6.914927507999999901e-06
5.256225703169940061e+03 1.008548540999999879e-05
5.261225703169940061e+03 7.125890114999999648e-06
5.266225703169940061e+03 7.530184812000000728e-06
5.271225703169940061e+03 8.649016381000000563e-06
5.276225703169940061e+03 7.515952457000000348e-06
5.281225703169940061e+03 7.163616829000000282e-06
5.286225703169940061e+03 9.605775703999999536e-06
5.291225703169940061e+03 9.809026959999998292e-06
5.296225703169940061e+03 9.998447495000000720e-06
5.301225703169940061e+03 1.325161778000000001e-05
5.306225703169940061e+03 1.284223516000000011e-05
5.311225703169940061e+03 1.768617774000000116e-05
5.316225703169940061e+03 1.989752753000000190e-05
5.321225703169940061e+03 2.107888226999999847e-05
5.326225703169940061e+03 2.737530041000000157e-05
5.331225703169940061e+03 3.550339956000000394e-05
5.336225703169940061e+03 4.296007565999999570e-05
5.341225703169940061e+03 5.136780906000000334e-05
5.346225703169940061e+03 5.993688478999999793e-05
5.351225703169940061e+03 7.129133212999999483e-05
5.356225703169940061e+03 8.336542174000000451e-05
5.361225703169940061e+03 9.226161986999999122e-05
5.366225703169940061e+03 1.016967837000000067e-04
5.371225703169940061e+03 1.144170853999999912e-04
5.376225703169940061e+03 1.230047178000000111e-04
5.381225703169940061e+03 1.339753252000000028e-04
5.386225703169940061e+03 1.441637613000000052e-04
5.391225703169940061e+03 1.595058850999999907e-04
5.396225703169940061e+03 1.756019144999999794e-04
5.401225703169940061e+03 1.969411409999999893e-04
5.406225703169940061e+03 2.252976409999999947e-04
5.411225703169940061e+03 2.571082488000000035e-04
5.416225703169940061e+03 3.021544777000000070e-04
5.421225703169940061e+03 3.590937704000000323e-04
5.426225703169940061e+03 4.334177077000000164e-04
5.431225703169940061e+03 5.321653932000000370e-04
5.436225703169940061e+03 6.660115719000000035e-04
5.441225703169940061e+03 8.324035256999999218e-04
5.446225703169940061e+03 1.052218153999999982e-03
5.451225703169940061e+03 1.355907023000000071e-03
5.456225703169940061e+03 1.742541938999999946e-03
5.461225703169940061e+03 2.254304885999999872e-03
5.466225703169940061e+03 2.939127684000000448e-03
5.471225703169940061e+03 3.808674812000000399e-03
5.476225703169940061e+03 4.929682611999999624e-03
5.481225703169940061e+03 6.347559689999999859e-03
5.486225703169940061e+03 8.121513127999999831e-03
5.491225703169940061e+03 1.033917068999999980e-02
5.496225703169940061e+03 1.306111216999999991e-02
5.501225703169940061e+03 1.650564193999999943e-02
5.506225703169940061e+03 2.072032212999999970e-02
5.511225703169940061e+03 2.601515769999999950e-02
5.516225703169940061e+03 3.298820972000000157e-02
5.521225703169940061e+03 4.173015118000000107e-02
5.526225703169940061e+03 5.318221092000000039e-02
5.531225703169940061e+03 6.859723567999999327e-02
5.536225703169940061e+03 8.876683234999999117e-02
5.541225703169940061e+03 1.160208702000000147e-01
5.546225703169940061e+03 1.519052791999999930e-01
5.551225703169940061e+03 1.993716430999999956e-01
5.556225703169940061e+03 2.599120140000000245e-01
5.561225703169940061e+03 3.341956328999999837e-01
5.566225703169940061e+03 4.234143447999999532e-01
5.571225703169940061e+03 5.197855758999999631e-01
5.576225703169940061e+03 6.193034743999999980e-01
5.581225703169940061e+03 7.175066375999999968e-01
5.586225703169940061e+03 8.013198089999999940e-01
5.591225703169940061e+03 8.697449493000000142e-01
5.596225703169940061e+03 9.206966400000000661e-01
5.601225703169940061e+03 9.546047210999999422e-01
5.606225703169940061e+03 9.748760222999999225e-01
5.611225703169940061e+03 9.851729584000000761e-01
5.616225703169940061e+03 9.891601563000000930e-01
5.621225703169940061e+03 9.895829772999999996e-01
5.626225703169940061e+03 9.883128356999999475e-01
5.631225703169940061e+03 9.866229248000000229e-01
5.636225703169940061e+03 9.849874878000000056e-01
5.641225703169940061e+03 9.839460754000000087e-01
5.646225703169940061e+03 9.834553527999999600e-01
5.651225703169940061e+03 9.837496185000000892e-01
5.656225703169940061e+03 9.843544006000000124e-01
5.661225703169940061e+03 9.854301452999999489e-01
5.666225703169940061e+03 9.867707824999999433e-01
5.671225703169940061e+03 9.882637024000000547e-01
5.676225703169940061e+03 9.897061156999999998e-01
5.681225703169940061e+03 9.906439971999999594e-01
5.686225703169940061e+03 9.913824463000000531e-01
5.691225703169940061e+03 9.917458344000000814e-01
5.696225703169940061e+03 9.917703247000000388e-01
5.701225703169940061e+03 9.915882874000000458e-01
5.706225703169940061e+03 9.913191985999999511e-01
5.711225703169940061e+03 9.909176635999998872e-01
5.716225703169940061e+03 9.905693053999999886e-01
5.721225703169940061e+03 9.903507233000000687e-01
5.726225703169940061e+03 9.903361510999999506e-01
5.731225703169940061e+03 9.904274750000000571e-01
5.736225703169940061e+03 9.905802916999999486e-01
5.741225703169940061e+03 9.910037230999999558e-01
5.746225703169940061e+03 9.913577271000000302e-01
5.751225703169940061e+03 9.917253875999999524e-01
5.756225703169940061e+03 9.917803954999999672e-01
5.761225703169940061e+03 9.919379425000000028e-01
5.766225703169940061e+03 9.917860412999999209e-01
5.771225703169940061e+03 9.916730499000000476e-01
5.776225703169940061e+03 9.915746307000000703e-01
5.781225703169940061e+03 9.906634520999999527e-01
5.786225703169940061e+03 9.904005431999999276e-01
5.791225703169940061e+03 9.901414490000000068e-01
5.796225703169940061e+03 9.901138306000000222e-01
5.801225703169940061e+03 9.902490233999999836e-01
5.806225703169940061e+03 9.907100676999999189e-01
5.811225703169940061e+03 9.906405640000000012e-01
5.816225703169940061e+03 9.911339569000000571e-01
5.821225703169940061e+03 9.915504455999999411e-01
5.826225703169940061e+03 9.918620300000000611e-01
5.831225703169940061e+03 9.919900513000000641e-01
5.836225703169940061e+03 9.918881226000000328e-01
5.841225703169940061e+03 9.916971587999999782e-01
5.846225703169940061e+03 9.911638641000000138e-01
5.851225703169940061e+03 9.903432465000000517e-01
5.856225703169940061e+03 9.895275879000000607e-01
5.861225703169940061e+03 9.887050628999999313e-01
5.866225703169940061e+03 9.878678893999999211e-01
5.871225703169940061e+03 9.874153137000000191e-01
5.876225703169940061e+03 9.868688201999999965e-01
5.881225703169940061e+03 9.868041992000000651e-01
5.886225703169940061e+03 9.869489287999999583e-01
5.891225703169940061e+03 9.875772858000000376e-01
5.896225703169940061e+03 9.883773041000000203e-01
5.901225703169940061e+03 9.892245483000000617e-01
5.906225703169940061e+03 9.904040526999999816e-01
5.911225703169940061e+03 9.913504027999999746e-01
5.916225703169940061e+03 9.921762084999999898e-01
5.921225703169940061e+03 9.927642059000000296e-01
5.926225703169940061e+03 9.929772948999999738e-01
5.931225703169940061e+03 9.926441192999999608e-01
5.936225703169940061e+03 9.924148560000000119e-01
5.941225703169940061e+03 9.915332794000000227e-01
5.946225703169940061e+03 9.904969024999999982e-01
5.951225703169940061e+03 9.892113495000000034e-01
5.956225703169940061e+03 9.881280517999999624e-01
5.961225703169940061e+03 9.870372009000000224e-01
5.966225703169940061e+03 9.862415314000000377e-01
5.971225703169940061e+03 9.857122040000000363e-01
5.976225703169940061e+03 9.855566406000000335e-01
5.981225703169940061e+03 9.859316253999999002e-01
5.986225703169940061e+03 9.864137268000000569e-01
5.991225703169940061e+03 9.873188018999999871e-01
5.996225703169940061e+03 9.882641601999999637e-01
6.001225703169940061e+03 9.894608307000000158e-01
6.006225703169940061e+03 9.905779265999999916e-01
6.011225703169940061e+03 9.915481567000000718e-01
6.016225703169940061e+03 9.921601105000000809e-01
6.021225703169940061e+03 9.926561737000000329e-01
6.026225703169940061e+03 9.928976439999999126e-01
6.031225703169940061e+03 9.927283477999999661e-01
6.036225703169940061e+03 9.923980713000000176e-01
6.041225703169940061e+03 9.918518829000000370e-01
6.046225703169940061e+03 9.912303162000000167e-01
6.051225703169940061e+03 9.905041504000000607e-01
6.056225703169940061e+03 9.899717712000000169e-01
6.061225703169940061e+03 9.896128844999999563e-01
6.066225703169940061e+03 9.892797088999999433e-01
6.071225703169940061e+03 9.893400574000000836e-01
6.076225703169940061e+03 9.896975707999999816e-01
6.081225703169940061e+03 9.900983428999999836e-01
6.086225703169940061e+03 9.907828521999999527e-01
6.091225703169940061e+03 9.912977600000000278e-01
6.096225703169940061e+03 9.919921111999999708e-01
6.101225703169940061e+03 9.925585937999999997e-01
6.106225703169940061e+03 9.928945160000001158e-01
6.111225703169940061e+03 9.930222320999999575e-01
6.116225703169940061e+03 9.929874419999999979e-01
6.121225703169940061e+03 9.926042175000000523e-01
6.126225703169940061e+03 9.918630980999999514e-01
6.131225703169940061e+03 9.911927794999999541e-01
6.136225703169940061e+03 9.902848052999999595e-01
6.141225703169940061e+03 9.892945862000001034e-01
6.146225703169940061e+03 9.885924529999999821e-01
6.151225703169940061e+03 9.878939056000000107e-01
6.156225703169940061e+03 9.873439025999999341e-01
6.161225703169940061e+03 9.871061706999999519e-01
6.166225703169940061e+03 9.872476195999999593e-01
6.171225703169940061e+03 9.875339508000000599e-01
6.176225703169940061e+03 9.882353209999998889e-01
6.181225703169940061e+03 9.890116881999999610e-01
6.186225703169940061e+03 9.899222564999999863e-01
6.191225703169940061e+03 9.908718108999999830e-01
6.196225703169940061e+03 9.917701721000000692e-01
6.201225703169940061e+03 9.926222229000000175e-01
6.206225703169940061e+03 9.932646178999999798e-01
6.211225703169940061e+03 9.937928771999999800e-01
6.216225703169940061e+03 9.938108062999999603e-01
6.221225703169940061e+03 9.937590027000000603e-01
6.226225703169940061e+03 9.935241698999999205e-01
6.231225703169940061e+03 9.931259918000000519e-01
6.236225703169940061e+03 9.927148438000000796e-01
6.241225703169940061e+03 9.921477509000000694e-01
6.246225703169940061e+03 9.916059112999999758e-01
6.251225703169940061e+03 9.912655639999999879e-01
6.256225703169940061e+03 9.909808350000000043e-01
6.261225703169940061e+03 9.910504150000000179e-01
6.266225703169940061e+03 9.914587401999999106e-01
6.271225703169940061e+03 9.912759398999999583e-01
6.276225703169940061e+03 9.915899657999999173e-01
6.281225703169940061e+03 9.920835875999999276e-01
6.286225703169940061e+03 9.925389862000000285e-01
6.291225703169940061e+03 9.929577636999999957e-01
6.296225703169940061e+03 9.933178710999999161e-01
6.301225703169940061e+03 9.936689758000000205e-01
6.306225703169940061e+03 9.935271453999999780e-01
6.311225703169940061e+03 9.934577942000000217e-01
6.316225703169940061e+03 9.931340027000000736e-01
6.321225703169940061e+03 9.926113891999999161e-01
6.326225703169940061e+03 9.920332335999999529e-01
6.331225703169940061e+03 9.913991547000000626e-01
6.336225703169940061e+03 9.906977080999999075e-01
6.341225703169940061e+03 9.901154327000000199e-01
6.346225703169940061e+03 9.896091461000000589e-01
6.351225703169940061e+03 9.892347716999999596e-01
6.356225703169940061e+03 9.890424346999999727e-01
6.361225703169940061e+03 9.891271973000000939e-01
6.366225703169940061e+03 9.893643950999999603e-01
6.371225703169940061e+03 9.898159026999999721e-01
6.376225703169940061e+03 9.902716064000000040e-01
6.381225703169940061e+03 9.909599303999999664e-01
6.386225703169940061e+03 9.916426848999999599e-01
6.391225703169940061e+03 9.922738647000000078e-01
6.396225703169940061e+03 9.929228209999999555e-01
6.401225703169940061e+03 9.933999634000000301e-01
6.406225703169940061e+03 9.936674499999998966e-01
6.411225703169940061e+03 9.938887024000000459e-01
6.416225703169940061e+03 9.938875579999999488e-01
6.421225703169940061e+03 9.935800170999999903e-01
6.426225703169940061e+03 9.933021544999999231e-01
6.431225703169940061e+03 9.927971649000000287e-01
6.436225703169940061e+03 9.922773743000000701e-01
6.441225703169940061e+03 9.916882323999999249e-01
6.446225703169940061e+03 9.912882233000001042e-01
6.451225703169940061e+03 9.907909392999999509e-01
6.456225703169940061e+03 9.904938506999999559e-01
6.461225703169940061e+03 9.903083800999999964e-01
6.466225703169940061e+03 9.902308655000000570e-01
6.471225703169940061e+03 9.904312133999999546e-01
6.476225703169940061e+03 9.907299041999999556e-01
6.481225703169940061e+03 9.911323547000000511e-01
6.486225703169940061e+03 9.917599486999999492e-01
6.491225703169940061e+03 9.922509766000000564e-01
6.496225703169940061e+03 9.927742766999999580e-01
6.501225703169940061e+03 9.931262969999999912e-01
6.506225703169940061e+03 9.935157012999999981e-01
6.511225703169940061e+03 9.938516235000000032e-01
6.516225703169940061e+03 9.939955138999999606e-01
6.521225703169940061e+03 9.937910461000000195e-01
6.526225703169940061e+03 9.935013580000000566e-01
6.531225703169940061e+03 9.932685852000000537e-01
6.536225703169940061e+03 9.930544280999999973e-01
6.541225703169940061e+03 9.924787902999999689e-01
6.546225703169940061e+03 9.918752289000000166e-01
6.551225703169940061e+03 9.910424042000000044e-01
6.556225703169940061e+03 9.898783111999999162e-01
6.561225703169940061e+03 9.892732239000000538e-01
6.566225703169940061e+03 9.887756348000000806e-01
6.571225703169940061e+03 9.883686829000000174e-01
6.576225703169940061e+03 9.880373382999999565e-01
6.581225703169940061e+03 9.878313445999999942e-01
6.586225703169940061e+03 9.877288054999999733e-01
6.591225703169940061e+03 9.877437592000000155e-01
6.596225703169940061e+03 9.877915192000000788e-01
6.601225703169940061e+03 9.879725646999999444e-01
6.606225703169940061e+03 9.880923461999999713e-01
6.611225703169940061e+03 9.881978607000000414e-01
6.616225703169940061e+03 9.883508301000000218e-01
6.621225703169940061e+03 9.885504149999999601e-01
6.626225703169940061e+03 9.888362121999999532e-01
6.631225703169940061e+03 9.885272980000000542e-01
6.636225703169940061e+03 9.885732269000000461e-01
6.641225703169940061e+03 9.884397124999999562e-01
6.646225703169940061e+03 9.885124207000000052e-01
6.651225703169940061e+03 9.884688567999999620e-01
6.656225703169940061e+03 9.885232543999999955e-01
6.661225703169940061e+03 9.887001800999999368e-01
6.666225703169940061e+03 9.888655853000000162e-01
6.671225703169940061e+03 9.890663910000000447e-01
6.676225703169940061e+03 9.895709229000000384e-01
6.681225703169940061e+03 9.900578307999999828e-01
6.686225703169940061e+03 9.906108855999999907e-01
6.691225703169940061e+03 9.911769866999999845e-01
6.696225703169940061e+03 9.918151855000000294e-01
6.701225703169940061e+03 9.923117065000000014e-01
6.706225703169940061e+03 9.928668976000000201e-01
6.711225703169940061e+03 9.933400726000001235e-01
6.716225703169940061e+03 9.936393738000000031e-01
6.721225703169940061e+03 9.938565825999999825e-01
6.726225703169940061e+03 9.937957000999999568e-01
6.731225703169940061e+03 9.935986327999999368e-01
6.736225703169940061e+03 9.931134032999999750e-01
6.741225703169940061e+03 9.927715301999999742e-01
6.746225703169940061e+03 9.920566558999999174e-01
6.751225703169940061e+03 9.913016510000000059e-01
6.756225703169940061e+03 9.905528259000000446e-01
6.761225703169940061e+03 9.898194884999998999e-01
6.766225703169940061e+03 9.891938018999999471e-01
6.771225703169940061e+03 9.888938903999999752e-01
6.776225703169940061e+03 9.881042480000000738e-01
6.781225703169940061e+03 9.878014374000000375e-01
6.786225703169940061e+03 9.876805115000000246e-01
6.791225703169940061e+03 9.876801299999999895e-01
6.796225703169940061e+03 9.880715179000000292e-01
6.801225703169940061e+03 9.884607696999999638e-01
6.806225703169940061e+03 9.889457702999999711e-01
6.811225703169940061e+03 9.895127106000000117e-01
6.816225703169940061e+03 9.899978637999999886e-01
6.821225703169940061e+03 9.904780578999999863e-01
6.826225703169940061e+03 9.907653046000000074e-01
6.831225703169940061e+03 9.910395049999999317e-01
6.836225703169940061e+03 9.905272675000000859e-01
6.841225703169940061e+03 9.901885222999999847e-01
6.846225703169940061e+03 9.897118378000000494e-01
6.851225703169940061e+03 9.891185760000000826e-01
6.856225703169940061e+03 9.887553406000000322e-01
6.861225703169940061e+03 9.883954620000000579e-01
6.866225703169940061e+03 9.877671813999999717e-01
6.871225703169940061e+03 9.874467467999999970e-01
6.876225703169940061e+03 9.872286223999999777e-01
6.881225703169940061e+03 9.868194579999999272e-01
6.886225703169940061e+03 9.855175780999999580e-01
6.891225703169940061e+03 9.825943755999999585e-01
6.896225703169940061e+03 9.768012238000000069e-01
6.901225703169940061e+03 9.665025329999999970e-01
6.906225703169940061e+03 9.496707153000000234e-01
6.911225703169940061e+03 9.239982605000000015e-01
6.916225703169940061e+03 8.880163573999999560e-01
6.921225703169940061e+03 8.395059967000000345e-01
6.926225703169940061e+03 7.792330169999999168e-01
6.931225703169940061e+03 7.089517974999999250e-01
6.936225703169940061e+03 6.288314056000000596e-01
6.941225703169940061e+03 5.475643157999999788e-01
6.946225703169940061e+03 4.660108566000000230e-01
6.951225703169940061e+03 3.873150634999999453e-01
6.956225703169940061e+03 3.174981117000000297e-01
6.961225703169940061e+03 2.561222838999999696e-01
6.966225703169940061e+03 2.043349074999999959e-01
6.971225703169940061e+03 1.616991043000000072e-01
6.976225703169940061e+03 1.273426723000000149e-01
6.981225703169940061e+03 1.001428795000000038e-01
6.986225703169940061e+03 7.833034514999999420e-02
6.991225703169940061e+03 6.155560969999999965e-02
6.996225703169940061e+03 4.847291470000000130e-02
7.001225703169940061e+03 3.802127838000000232e-02
7.006225703169940061e+03 3.008851766999999858e-02
7.011225703169940061e+03 2.388492106999999878e-02
7.016225703169940061e+03 1.892912030000000120e-02
7.021225703169940061e+03 1.512662411000000040e-02
7.026225703169940061e+03 1.210171579999999927e-02
7.031225703169940061e+03 9.738537668999999730e-03
7.036225703169940061e+03 7.845783830000001291e-03
7.041225703169940061e+03 6.349561809999999459e-03
7.046225703169940061e+03 5.169911981000000108e-03
7.051225703169940061e+03 4.201542138999999829e-03
7.056225703169940061e+03 3.448407948000000237e-03
7.061225703169940061e+03 2.836997807000000201e-03
7.066225703169940061e+03 2.333190589999999988e-03
7.071225703169940061e+03 1.933475435000000034e-03
7.076225703169940061e+03 1.605464666999999960e-03
7.081225703169940061e+03 1.340156942999999818e-03
7.086225703169940061e+03 1.119387299000000006e-03
7.091225703169940061e+03 9.386534989000001016e-04
7.096225703169940061e+03 7.920163869999999589e-04
7.101225703169940061e+03 6.679081916999999929e-04
7.106225703169940061e+03 5.666827783000000706e-04
7.111225703169940061e+03 4.845398291999999810e-04
7.116225703169940061e+03 4.133049025999999755e-04
7.121225703169940061e+03 3.548891470000000055e-04
7.126225703169940061e+03 3.065834753000000164e-04
7.131225703169940061e+03 2.596774697000000186e-04
7.136225703169940061e+03 2.284905501000000056e-04
7.141225703169940061e+03 1.958725415000000158e-04
7.146225703169940061e+03 1.726354659000000063e-04
7.151225703169940061e+03 1.530859433000000033e-04
7.156225703169940061e+03 1.302830036999999953e-04
7.161225703169940061e+03 1.167867890999999995e-04
7.166225703169940061e+03 1.041051187000000043e-04
7.171225703169940061e+03 9.230666794000000190e-05
7.176225703169940061e+03 8.099622093000001099e-05
7.181225703169940061e+03 6.872568280000000197e-05
7.186225703169940061e+03 6.383520085000000369e-05
7.191225703169940061e+03 5.585284438000000213e-05
7.196225703169940061e+03 5.190607625999999744e-05
7.201225703169940061e+03 4.670904018000000254e-05
7.206225703169940061e+03 4.336082376999999280e-05
7.211225703169940061e+03 3.669542726000000381e-05
7.216225703169940061e+03 3.255308838999999545e-05
7.221225703169940061e+03 3.230882808999999638e-05
7.226225703169940061e+03 2.673699521000000103e-05
7.231225703169940061e+03 2.601053099999999920e-05
7.236225703169940061e+03 2.504451665999999954e-05
7.241225703169940061e+03 2.210603560999999998e-05
7.246225703169940061e+03 1.946411560999999936e-05
7.251225703169940061e+03 1.908958772999999948e-05
7.256225703169940061e+03 1.657961402000000093e-05
7.261225703169940061e+03 1.966108101999999817e-05
7.266225703169940061e+03 1.560405129999999934e-05
7.271225703169940061e+03 1.357722561999999870e-05
7.276225703169940061e+03 1.351007144000000105e-05
7.281225703169940061e+03 1.095928600999999842e-05
7.286225703169940061e+03 1.275518442999999993e-05
7.291225703169940061e+03 1.166744041000000014e-05
7.296225703169940061e+03 6.914490949999999183e-06
7.301225703169940061e+03 1.140365377000000041e-05
7.306225703169940061e+03 9.826623135999999295e-06
7.311225703169940061e+03 8.769762935000000205e-06
7.316225703169940061e+03 7.560955710000000601e-06
7.321225703169940061e+03 7.869646652000000252e-06
7.326225703169940061e+03 6.472351960999999766e-06
7.331225703169940061e+03 5.736303283000000614e-06
7.336225703169940061e+03 6.094478303999999912e-06
7.341225703169940061e+03 6.831173669000000012e-06
7.346225703169940061e+03 4.620447870999999535e-06
7.351225703169940061e+03 3.958495217000000209e-06
7.356225703169940061e+03 5.562977749000000425e-06
7.361225703169940061e+03 4.141159587999999782e-06
7.366225703169940061e+03 5.398114445000000661e-06
7.371225703169940061e+03 5.128239864000000063e-06
7.376225703169940061e+03 1.459105696999999949e-06
7.381225703169940061e+03 5.466561415000000635e-06
7.386225703169940061e+03 2.502946007999999815e-06
7.391225703169940061e+03 3.789795736999999797e-06
7.396225703169940061e+03 3.495970741000000130e-06
7.401225703169940061e+03 7.570000000000000155e-07
7.406225703169940061e+03 2.221142203999999997e-06
7.411225703169940061e+03 1.539426885000000044e-06
7.416225703169940061e+03 -1.690000000000000178e-07
7.421225703169940061e+03 4.375474526999999472e-06
7.426225703169940061e+03 2.128033374999999833e-06
7.431225703169940061e+03 2.201982424999999931e-06
7.436225703169940061e+03 4.650665795999999381e-06
7.441225703169940061e+03 -4.269999999999999987e-07
7.446225703169940061e+03 1.925090618999999957e-06
7.451225703169940061e+03 2.660959725999999826e-06
7.456225703169940061e+03 9.490000000000000407e-07
7.461225703169940061e+03 4.530968436000000600e-06
7.466225703169940061e+03 2.249943062999999877e-06
7.471225703169940061e+03 2.276940650000000034e-06
7.476225703169940061e+03 4.433451394999999963e-06
7.481225703169940061e+03 3.454946854999999978e-06
7.486225703169940061e+03 3.631554137000000062e-06
7.491225703169940061e+03 4.531431477999999557e-06
7.496225703169940061e+03 3.020409495000000159e-06
7.501225703169940061e+03 8.190000000000000148e-07
7.506225703169940061e+03 4.836646548999999759e-06
7.511225703169940061e+03 3.679517540000000191e-06
7.516225703169940061e+03 3.500694583999999624e-06
7.521225703169940061e+03 3.361610869999999970e-06
7.526225703169940061e+03 3.564688668000000336e-06
7.531225703169940061e+03 3.267872670999999735e-06
7.536225703169940061e+03 1.866808451999999810e-06
7.541225703169940061e+03 1.423634676000000230e-06
7.546225703169940061e+03 1.637497044000000069e-06
7.551225703169940061e+03 4.373127594999999942e-06
7.556225703169940061e+03 2.803950920000000437e-06
7.561225703169940061e+03 2.684914216000000231e-06
7.566225703169940061e+03 3.297751537000000281e-06
7.571225703169940061e+03 2.969961206000000034e-06
7.576225703169940061e+03 1.691335638000000115e-06
7.581225703169940061e+03 2.188736107000000116e-06
7.586225703169940061e+03 2.488212775999999923e-06
7.591225703169940061e+03 4.630000000000000034e-07
7.596225703169940061e+03 3.304440761000000023e-06
7.601225703169940061e+03 2.424679841999999775e-06
7.606225703169940061e+03 3.024646138999999992e-06
7.611225703169940061e+03 3.114861029000000431e-06
7.616225703169940061e+03 2.984180172999999706e-06
7.621225703169940061e+03 3.291067841999999737e-06
7.626225703169940061e+03 1.789613889000000074e-06
7.631225703169940061e+03 1.541208185000000108e-06
7.636225703169940061e+03 2.950318739999999735e-06
7.641225703169940061e+03 6.139999999999999659e-07
7.646225703169940061e+03 1.261834550000000111e-06
7.651225703169940061e+03 1.595626090000000006e-06
7.656225703169940061e+03 1.037622714999999945e-06
7.661225703169940061e+03 1.020540803000000112e-06
7.666225703169940061e+03 2.252039849000000234e-06
7.671225703169940061e+03 1.764575280999999812e-06
7.676225703169940061e+03 -2.606374619000000091e-06
7.681225703169940061e+03 3.786866437000000232e-06
7.686225703169940061e+03 1.986899441999999866e-06
7.691225703169940061e+03 1.491155126000000074e-06
7.696225703169940061e+03 1.317399001000000166e-06
7.701225703169940061e+03 4.490000000000000104e-07
7.706225703169940061e+03 2.858324733000000057e-06
7.711225703169940061e+03 8.479999999999999701e-07
7.716225703169940061e+03 2.369083230999999739e-06
7.721225703169940061e+03 1.105093615000000042e-06
7.726225703169940061e+03 1.932886953000000162e-06
7.731225703169940061e+03 8.369999999999999907e-07
7.736225703169940061e+03 4.998605582000000012e-06
7.741225703169940061e+03 2.416372153999999850e-06
7.746225703169940061e+03 2.267956443000000214e-06
7.751225703169940061e+03 1.150722454999999876e-06
7.756225703169940061e+03 3.470000000000000235e-07
7.761225703169940061e+03 2.457499213000000192e-06
7.766225703169940061e+03 2.035666548000000041e-06
7.771225703169940061e+03 2.056355734000000061e-06
7.776225703169940061e+03 1.053597806999999944e-06
7.781225703169940061e+03 4.500000000000000326e-07
7.786225703169940061e+03 3.818669064999999448e-06
7.791225703169940061e+03 2.277846505999999957e-06
7.796225703169940061e+03 1.119837034000000147e-06
7.801225703169940061e+03 2.250300894999999832e-06
7.806225703169940061e+03 3.266830462999999864e-06
7.811225703169940061e+03 1.651508501000000012e-06
7.816225703169940061e+03 3.432187367999999853e-06
7.821225703169940061e+03 2.142349986000000071e-06
7.826225703169940061e+03 4.313665558999999990e-06
7.831225703169940061e+03 3.287939471000000033e-06
7.836225703169940061e+03 1.167833179000000040e-06
7.841225703169940061e+03 2.348137349999999765e-06
7.846225703169940061e+03 1.663174770999999873e-06
7.851225703169940061e+03 9.590000000000000508e-07
7.856225703169940061e+03 4.730664949999999570e-06
7.861225703169940061e+03 3.082565963000000233e-06
7.866225703169940061e+03 1.935356558999999787e-06
7.871225703169940061e+03 1.105232514000000018e-06
7.876225703169940061e+03 4.258550762000000091e-06
7.881225703169940061e+03 1.375039282999999844e-06
7.886225703169940061e+03 1.254495874000000085e-06
7.891225703169940061e+03 2.373298921000000006e-06
7.896225703169940061e+03 1.824455102999999938e-06
7.901225703169940061e+03 1.024453667999999957e-06
7.906225703169940061e+03 1.789136439999999995e-06
7.911225703169940061e+03 2.128619088999999936e-06
7.916225703169940061e+03 1.690000000000000178e-07
7.921225703169940061e+03 2.633256662999999869e-06
7.926225703169940061e+03 1.903463126000000142e-06
7.931225703169940061e+03 1.754030091000000056e-06
7.936225703169940061e+03 1.721992303000000125e-06
7.941225703169940061e+03 2.870325407000000227e-06
7.946225703169940061e+03 9.579999999999999757e-07
7.951225703169940061e+03 1.277187111999999864e-06
7.956225703169940061e+03 2.215774001999999954e-06
7.961225703169940061e+03 2.141132718000000022e-06
7.966225703169940061e+03 -1.044156742999999992e-06
7.971225703169940061e+03 4.017869359999999920e-06
7.976225703169940061e+03 1.182952473999999910e-06
7.981225703169940061e+03 2.205364144000000047e-06
7.986225703169940061e+03 2.425177808999999955e-06
7.991225703169940061e+03 7.770000000000000358e-07
7.996225703169940061e+03 1.187359303000000131e-06
8.001225703169940061e+03 1.190998663999999929e-06
8.006225703169940061e+03 1.836504524999999911e-06
8.011225703169940061e+03 2.934043877999999913e-06
8.016225703169940061e+03 1.530263106999999881e-06
8.021225703169940061e+03 3.778304090000000117e-06
8.026225703169940061e+03 7.179999999999999442e-07
8.031225703169940061e+03 1.917630725000000036e-06
8.036225703169940061e+03 1.741576997999999971e-06
8.041225703169940061e+03 2.487775054999999962e-06
8.046225703169940061e+03 8.870000000000000414e-07
8.051225703169940061e+03 2.754441811999999889e-06
8.056225703169940061e+03 1.992943288999999811e-06
8.061225703169940061e+03 8.479999999999999701e-07
8.066225703169940061e+03 2.688379609000000001e-06
8.071225703169940061e+03 -5.149999999999999793e-08
8.076225703169940061e+03 8.360000000000000215e-07
8.081225703169940061e+03 7.610000000000001043e-07
8.086225703169940061e+03 4.440000000000000053e-07
8.091225703169940061e+03 2.584197500000000003e-06
8.096225703169940061e+03 -1.910000000000000030e-07
8.101225703169940061e+03 1.068342390000000037e-06
8.106225703169940061e+03 -4.380000000000000310e-07
8.111225703169940061e+03 3.040000000000000222e-07
8.116225703169940061e+03 2.559999999999999630e-07
8.121225703169940061e+03 4.640000000000000256e-07
8.126225703169940061e+03 1.077132982999999926e-06
8.131225703169940061e+03 6.270000000000000955e-07
8.136225703169940061e+03 5.319999999999999463e-07
8.141225703169940061e+03 2.031071925999999934e-06
8.146225703169940061e+03 5.140000000000000763e-07
8.151225703169940061e+03 1.716042170000000042e-06
8.156225703169940061e+03 4.397929296999999721e-06
8.161225703169940061e+03 1.969524454999999825e-06
8.166225703169940061e+03 1.914972526999999850e-06
8.171225703169940061e+03 2.376134216000000030e-06
8.176225703169940061e+03 -3.040000000000000222e-07
8.181225703169940061e+03 1.652573846999999960e-06
8.186225703169940061e+03 1.941547962000000090e-06
8.191225703169940061e+03 2.371509035999999823e-06
8.196225703169940971e+03 2.557066035999999663e-06
8.201225703169940971e+03 -2.879999999999999848e-07
8.206225703169940971e+03 4.699999999999999470e-07
8.211225703169940971e+03 -3.889999999999999496e-07
8.216225703169940971e+03 6.740000000000000267e-07
8.221225703169940971e+03 2.961608697999999732e-06
8.226225703169940971e+03 3.292595502000000025e-06
8.231225703169940971e+03 1.732809469000000102e-06
8.236225703169940971e+03 4.355722921999999577e-06
8.241225703169940971e+03 2.977907425000000045e-06
8.246225703169940971e+03 5.400000000000000179e-07
8.251225703169940971e+03 2.039058891000000155e-06
8.256225703169940971e+03 1.286807528000000105e-06
8.261225703169940971e+03 2.134034439000000332e-06
8.266225703169940971e+03 3.230160801000000008e-06
8.271225703169940971e+03 4.103413085000000314e-06
8.276225703169940971e+03 1.771309908000000034e-06
8.281225703169940971e+03 -6.930000000000000777e-07
8.286225703169940971e+03 5.936475935999999781e-06
8.291225703169940971e+03 2.438602968999999903e-06
8.296225703169940971e+03 3.678206413000000070e-06
8.301225703169940971e+03 2.596183912999999793e-06
8.306225703169940971e+03 1.885059028000000200e-06
8.311225703169940971e+03 5.090000000000000580e-08
8.316225703169940971e+03 -5.300000000000000078e-07
8.321225703169940971e+03 4.498812777000000103e-06
8.326225703169940971e+03 1.394567516000000068e-06
8.331225703169940971e+03 1.024064185999999964e-06
8.336225703169940971e+03 2.670920511999999995e-06
8.341225703169940971e+03 1.370374229999999947e-06
8.346225703169940971e+03 2.907340240000000380e-06
8.351225703169940971e+03 1.339880400000000132e-06
8.356225703169940971e+03 1.490799767999999988e-06
8.361225703169940971e+03 2.696325828000000011e-06
8.366225703169940971e+03 1.510354923000000039e-06
8.371225703169940971e+03 -1.499999999999999932e-07
8.376225703169940971e+03 3.490627569000000039e-06
8.381225703169940971e+03 6.179999999999999752e-08
8.386225703169940971e+03 1.758503348999999949e-06
8.391225703169940971e+03 3.103174676999999721e-06
8.396225703169940971e+03 2.007305301999999786e-06
8.401225703169940971e+03 4.589999999999999676e-07
8.406225703169940971e+03 8.870000000000000414e-07
8.411225703169940971e+03 -2.949999999999999814e-07
8.416225703169940971e+03 3.530578979000000214e-06
8.421225703169940971e+03 -2.849999999999999712e-08
8.426225703169940971e+03 1.057873305000000113e-06
8.431225703169940971e+03 -2.309999999999999906e-07
8.436225703169940971e+03 4.176105140000000143e-06
8.441225703169940971e+03 3.468115174000000078e-06
8.446225703169940971e+03 5.299999999999999813e-08
8.451225703169940971e+03 2.849999999999999712e-08
8.456225703169940971e+03 -8.789999999999999698e-07
8.461225703169940971e+03 1.167794690000000076e-06
8.466225703169940971e+03 3.399439737999999955e-06
8.471225703169940971e+03 6.700000000000000438e-07
8.476225703169940971e+03 -2.809999999999999883e-07
8.481225703169940971e+03 1.587452715999999837e-06
8.486225703169940971e+03 2.661014732000000095e-06
8.491225703169940971e+03 2.055251097999999891e-06
8.496225703169940971e+03 3.720183448999999969e-06
8.501225703169940971e+03 1.266754698000000086e-06
8.506225703169940971e+03 2.343971282000000142e-06
8.511225703169940971e+03 5.160546861999999923e-06
8.516225703169940971e+03 2.355506293999999898e-06
8.521225703169940971e+03 2.527028846000000357e-06
8.526225703169940971e+03 3.682475362000000094e-06
8.531225703169940971e+03 1.925579418000000339e-06
8.536225703169940971e+03 2.047679154000000296e-06
8.541225703169940971e+03 4.500000000000000326e-07
8.546225703169940971e+03 2.448543673000000281e-06
8.551225703169940971e+03 -5.250000000000000557e-07
8.556225703169940971e+03 3.688954747999999920e-06
8.561225703169940971e+03 2.196065469999999923e-06
8.566225703169940971e+03 1.636648084999999970e-06
8.571225703169940971e+03 2.784781972999999725e-06
8.576225703169940971e+03 2.424893463999999864e-06
8.581225703169940971e+03 6.001814035999999534e-06
8.586225703169940971e+03 2.530689816999999983e-06
8.591225703169940971e+03 2.257239830000000027e-06
8.596225703169940971e+03 4.964913823999999849e-06
8.601225703169940971e+03 1.049791899000000038e-06
8.606225703169940971e+03 2.522734866999999958e-06
8.611225703169940971e+03 2.372022427000000050e-06
8.616225703169940971e+03 2.288790274000000090e-06
8.621225703169940971e+03 2.198695292000000089e-06
8.626225703169940971e+03 1.469343114999999865e-06
8.631225703169940971e+03 2.871682809000000180e-06
8.636225703169940971e+03 1.817127048999999903e-06
8.641225703169940971e+03 -3.239999999999999896e-07
8.646225703169940971e+03 2.195818960999999862e-06
8.651225703169940971e+03 1.640410192000000124e-06
8.656225703169940971e+03 4.419999999999999874e-08
8.661225703169940971e+03 2.260000000000000120e-07
8.666225703169940971e+03 -8.090000000000000047e-07
8.671225703169940971e+03 2.739815973000000247e-06
8.676225703169940971e+03 -2.449999999999999836e-07
8.681225703169940971e+03 -7.889999999999999844e-07
8.686225703169940971e+03 3.492468677000000215e-06
8.691225703169940971e+03 2.483425487000000038e-06
8.696225703169940971e+03 4.176455550000000491e-06
8.701225703169940971e+03 4.313402751000000415e-06
8.706225703169940971e+03 4.559999999999999540e-07
8.711225703169940971e+03 5.740000000000000312e-07
8.716225703169940971e+03 3.941440372999999885e-06
8.721225703169940971e+03 3.113517014000000018e-06
8.726225703169940971e+03 3.580000000000000029e-07
8.731225703169940971e+03 4.718785348999999722e-06
8.736225703169940971e+03 3.982273628999999920e-06
8.741225703169940971e+03 3.461505984999999813e-06
8.746225703169940971e+03 -3.809999999999999838e-07
8.751225703169940971e+03 2.269827527999999758e-06
8.756225703169940971e+03 2.584667527000000051e-06
8.761225703169940971e+03 2.851095051000000054e-06
8.766225703169940971e+03 5.259830504999999188e-06
8.771225703169940971e+03 3.526509099000000111e-06
8.776225703169940971e+03 1.461568754000000064e-06
8.781225703169940971e+03 4.890261333999999290e-06
8.786225703169940971e+03 1.819008757999999870e-06
8.791225703169940971e+03 8.989999999999999900e-07
8.796225703169940971e+03 5.258446909000000143e-06
8.801225703169940971e+03 3.960201283999999792e-06
8.806225703169940971e+03 7.607369334000000144e-06
8.811225703169940971e+03 3.308235899999999721e-06
8.816225703169940971e+03 5.402013193999999486e-06
8.821225703169940971e+03 3.056181012999999692e-06
8.826225703169940971e+03 2.305537490999999935e-06
8.831225703169940971e+03 3.534671850999999865e-06
8.836225703169940971e+03 3.858545678999999776e-06
8.841225703169940971e+03 2.295078738999999907e-06
8.846225703169940971e+03 8.619999999999999631e-07
8.851225703169940971e+03 6.558737367999999590e-06
8.856225703169940971e+03 4.098149366000000340e-06
8.861225703169940971e+03 3.599999999999999943e-07
8.866225703169940971e+03 5.711424746999999312e-06
8.871225703169940971e+03 4.957288038000000819e-06
8.876225703169940971e+03 6.834443193000000458e-06
8.881225703169940971e+03 6.121682236000000549e-06
8.886225703169940971e+03 1.155923091999999930e-06
8.891225703169940971e+03 -6.880000000000000197e-07
8.896225703169940971e+03 1.192027047999999841e-06
8.901225703169940971e+03 6.745746940999999555e-06
8.906225703169940971e+03 1.674619125000000051e-06
8.911225703169940971e+03 1.156952465000000105e-05
8.916225703169940971e+03 2.877155492999999973e-06
8.921225703169940971e+03 8.110000000000000491e-07
8.926225703169940971e+03 3.202013613000000153e-06
8.931225703169940971e+03 1.490245048999999980e-06
8.936225703169940971e+03 3.954641578999999534e-06
8.941225703169940971e+03 6.363351713000000418e-06
8.946225703169940971e+03 1.095343323000000050e-06
8.951225703169940971e+03 -6.216570618999999313e-06
8.956225703169940971e+03 -4.020000000000000263e-07
8.961225703169940971e+03 1.011294195999999824e-05
8.966225703169940971e+03 9.010981302999999406e-06
8.971225703169940971e+03 8.860501110999998754e-06
8.976225703169940971e+03 -7.499999999999999131e-07
8.981225703169940971e+03 1.341980968999999919e-06
8.986225703169940971e+03 7.266667671999999859e-06
8.991225703169940971e+03 1.292601664000000022e-06
8.996225703169940971e+03 1.011559623000000027e-05
9.001225703169940971e+03 8.506870363000000834e-06
9.006225703169940971e+03 8.489938335999999960e-06
9.011225703169940971e+03 1.458638230999999852e-05
9.016225703169940971e+03 1.086554956000000062e-05
9.021225703169940971e+03 1.203727908000000028e-05
9.026225703169940971e+03 1.099569722999999993e-05
9.031225703169940971e+03 5.927046295000000078e-06
9.036225703169940971e+03 1.438265782999999839e-05
9.041225703169940971e+03 -1.269935746999999873e-06
9.046225703169940971e+03 -3.334536450000000304e-06
9.051225703169940971e+03 3.619970811999999645e-06
9.056225703169940971e+03 -3.333896457000000133e-06
9.061225703169940971e+03 -3.330000000000000305e-07
9.066225703169940971e+03 -3.249999999999999588e-07
9.071225703169940971e+03 5.806300322999999371e-06
9.076225703169940971e+03 8.299999999999999942e-07
9.081225703169940971e+03 7.712785154999999703e-06
9.086225703169940971e+03 8.020000000000000082e-07
9.091225703169940971e+03 1.486794091999999892e-05
9.096225703169940971e+03 6.075089913999999277e-06
9.101225703169940971e+03 4.093748866999999788e-06
9.106225703169940971e+03 -4.430249100999999659e-06
9.111225703169940971e+03 -4.285236063999999602e-06
9.116225703169940971e+03 1.396908191999999986e-06
9.121225703169940971e+03 -2.180000000000000198e-07
9.126225703169940971e+03 1.203080639000000145e-05
9.131225703169940971e+03 1.598600646999999946e-06
9.136225703169940971e+03 1.285579055999999944e-05
9.141225703169940971e+03 1.880566706000000058e-05
9.146225703169940971e+03 1.685111782999999745e-05
9.151225703169940971e+03 7.133127074000000109e-06
9.156225703169940971e+03 4.160817771000000237e-06
9.161225703169940971e+03 3.879962604999999890e-06
9.166225703169940971e+03 2.896298246999999796e-06
9.171225703169940971e+03 3.582464706000000090e-06
9.176225703169940971e+03 8.846027195000000169e-06
9.181225703169940971e+03 1.451766467999999971e-05
9.186225703169940971e+03 1.179661601999999994e-05
9.191225703169940971e+03 8.931645425000000097e-06
9.196225703169940971e+03 1.171756418999999932e-05
9.201225703169940971e+03 1.317819813000000093e-05
9.206225703169940971e+03 7.715898099999999565e-06
9.211225703169940971e+03 9.441520086999999854e-06
9.216225703169940971e+03 1.163335050999999885e-05
9.221225703169940971e+03 6.751938490000000176e-06
9.226225703169940971e+03 1.280105206999999928e-05
9.231225703169940971e+03 1.741296145999999951e-05
9.236225703169940971e+03 7.614248898000000011e-06
9.241225703169940971e+03 1.919221133000000005e-05
9.246225703169940971e+03 1.348539487999999973e-05
9.251225703169940971e+03 1.631404506000000209e-05
9.256225703169940971e+03 9.285601553999999158e-06
9.261225703169940971e+03 3.553861461000000252e-06
9.266225703169940971e+03 1.169656519999999993e-05
9.271225703169940971e+03 7.773125544000000501e-06
9.276225703169940971e+03 4.416247538999999930e-06
9.281225703169940971e+03 9.523822227000000460e-06
9.286225703169940971e+03 6.773479981000000574e-06
9.291225703169940971e+03 8.457760558999999486e-06
9.296225703169940971e+03 1.030100742000000037e-05
9.301225703169940971e+03 1.296590780999999913e-05
9.306225703169940971e+03 5.733994767000000678e-06
9.311225703169940971e+03 9.217343176999999218e-06
9.316225703169940971e+03 2.078869728999999897e-06
9.321225703169940971e+03 9.877651463999999584e-06
9.326225703169940971e+03 6.509920930999999932e-06
9.331225703169940971e+03 1.426556845999999893e-05
9.336225703169940971e+03 5.587422637999999392e-06
9.341225703169940971e+03 1.071179052999999983e-05
9.346225703169940971e+03 1.230488182000000025e-05
9.351225703169940971e+03 -9.952225954999999581e-06
9.356225703169940971e+03 6.693865288999999321e-06
9.361225703169940971e+03 1.186609617000000091e-05
9.366225703169940971e+03 1.258922042000000048e-05
9.371225703169940971e+03 -3.210881840999999706e-06
9.376225703169940971e+03 1.425398280999999950e-05
9.381225703169940971e+03 7.478924817000000219e-06
9.386225703169940971e+03 1.434816950000000086e-06
9.391225703169940971e+03 2.804509713000000399e-06
9.396225703169940971e+03 8.673269766999999739e-06
9.401225703169940971e+03 8.354261517999999318e-06
9.406225703169940971e+03 4.485512035999999698e-06
9.411225703169940971e+03 4.919802303999999777e-06
9.416225703169940971e+03 1.185092842000000135e-05
9.421225703169940971e+03 8.016421924999999829e-06
9.426225703169940971e+03 5.160000000000000148e-07
9.431225703169940971e+03 -8.740000000000000176e-07
9.436225703169940971e+03 1.514092321000000029e-05
9.441225703169940971e+03 -2.239189634999999869e-06
9.446225703169940971e+03 1.803928521000000058e-05
9.451225703169940971e+03 5.861905519999999424e-06
9.456225703169940971e+03 6.344865541999999747e-06
9.461225703169940971e+03 8.350192802000000049e-06
9.466225703169940971e+03 4.484988457999999682e-06
9.471225703169940971e+03 1.066309413999999910e-06
9.476225703169940971e+03 6.155329173999999487e-06
9.481225703169940971e+03 2.639039885000000217e-06
9.486225703169940971e+03 8.878744556999999962e-06
9.491225703169940971e+03 7.698694244000000379e-06
9.496225703169940971e+03 1.026994664999999931e-05
9.501225703169940971e+03 -5.464943824000000549e-06
9.506225703169940971e+03 1.147309317999999972e-05
9.511225703169940971e+03 6.570000000000000200e-07
9.516225703169940971e+03 1.258422852999999882e-06
9.521225703169940971e+03 5.251566762999999647e-06
9.526225703169940971e+03 -4.151265311999999917e-06
9.531225703169940971e+03 -5.888062879000000132e-06
9.536225703169940971e+03 1.251598587000000073e-05
9.541225703169940971e+03 8.818274364000000521e-06
9.546225703169940971e+03 2.571912481999999639e-06
9.551225703169940971e+03 -2.972113725000000016e-06
9.556225703169940971e+03 4.686423926999999799e-06
9.561225703169940971e+03 1.130242249999999860e-05
9.566225703169940971e+03 3.218688653000000015e-06
9.571225703169940971e+03 2.449999999999999836e-07
9.576225703169940971e+03 1.554376095999999914e-05
9.581225703169940971e+03 1.070825383000000090e-05
9.586225703169940971e+03 1.575957431000000089e-06
9.591225703169940971e+03 5.673037958000000410e-06
9.596225703169940971e+03 5.898438393999999444e-06
9.601225703169940971e+03 7.083404344000000319e-06
9.606225703169940971e+03 1.617805829000000069e-06
9.611225703169940971e+03 -1.388017699000000028e-06
9.616225703169940971e+03 -4.380000000000000310e-07
9.621225703169940971e+03 -9.350680629999999510e-06
9.626225703169940971e+03 2.228344091999999763e-06
9.631225703169940971e+03 -1.090679550999999951e-05
9.636225703169940971e+03 7.355675916000000028e-06
9.641225703169940971e+03 7.643885328000000765e-06
9.646225703169940971e+03 4.189788887999999604e-06
9.651225703169940971e+03 2.255425206000000206e-06
9.656225703169940971e+03 2.112555229999999914e-06
9.661225703169940971e+03 6.892438978000000008e-06
9.666225703169940971e+03 8.547649486000000272e-06
9.671225703169940971e+03 -1.634729997000000070e-06
9.676225703169940971e+03 1.034449203999999973e-05
9.681225703169940971e+03 1.110150943999999902e-05
9.686225703169940971e+03 9.956548456000000741e-06
9.691225703169940971e+03 5.506171146000000899e-06
9.696225703169940971e+03 1.110014854999999912e-05
9.701225703169940971e+03 -2.999999999999999864e-07
9.706225703169940971e+03 8.715572185000000253e-06
9.711225703169940971e+03 -1.233500428000000076e-05
9.716225703169940971e+03 -2.400000000000000315e-07
9.721225703169940971e+03 5.616250563999999731e-06
9.726225703169940971e+03 4.496638138999999824e-06
9.731225703169940971e+03 6.502362666999999986e-06
9.736225703169940971e+03 4.405690997000000287e-06
9.741225703169940971e+03 1.585268881000000140e-05
9.746225703169940971e+03 5.544949671999999821e-06
9.751225703169940971e+03 -8.913075435000000199e-06
9.756225703169940971e+03 4.699887649999999555e-06
9.761225703169940971e+03 2.750000000000000140e-07
9.766225703169940971e+03 1.175623153999999984e-05
9.771225703169940971e+03 5.914516514000000270e-06
9.776225703169940971e+03 -8.321104106000000116e-06
9.781225703169940971e+03 3.413976518999999895e-06
9.786225703169940971e+03 7.432740531000000599e-06
9.791225703169940971e+03 6.127763771999999462e-06
9.796225703169940971e+03 1.465203705999999983e-05
9.801225703169940971e+03 9.180000000000000146e-08
9.806225703169940971e+03 5.349638522999999656e-06
9.811225703169940971e+03 -4.147488216000000130e-06
9.816225703169940971e+03 7.230000000000000022e-07
9.821225703169940971e+03 7.225350709999999601e-06
9.826225703169940971e+03 1.255211420000000118e-05
9.831225703169940971e+03 1.406246331000000141e-05
9.836225703169940971e+03 1.779944636000000067e-05
9.841225703169940971e+03 6.179994670999999956e-06
9.846225703169940971e+03 5.602041492000000060e-06
9.851225703169940971e+03 -1.087388081999999923e-06
9.856225703169940971e+03 1.421966153000000041e-06
9.861225703169940971e+03 -1.435498270000000140e-06
9.866225703169940971e+03 1.357634086000000035e-05
9.871225703169940971e+03 1.447962480999999940e-05
9.876225703169940971e+03 2.785826217999999680e-06
9.881225703169940971e+03 3.074097912999999872e-06
9.886225703169940971e+03 1.193941570999999832e-05
9.891225703169940971e+03 8.236982393999999529e-06
9.896225703169940971e+03 5.957740358999999275e-06
9.901225703169940971e+03 -3.553223796000000055e-06
9.906225703169940971e+03 6.312347249999999773e-06
9.911225703169940971e+03 2.461438417000000184e-06
9.916225703169940971e+03 8.851473685000000869e-06
9.921225703169940971e+03 4.918980994000000130e-06
9.926225703169940971e+03 7.653589710000000026e-06
9.931225703169940971e+03 1.019321615000000044e-05
9.936225703169940971e+03 1.049172365999999971e-05
9.941225703169940971e+03 7.181972031999999359e-06
9.946225703169940971e+03 9.640343486999999723e-06
9.951225703169940971e+03 -2.539860142999999970e-06
9.956225703169940971e+03 7.346032652999999390e-06
9.961225703169940971e+03 -1.859230250999999858e-06
9.966225703169940971e+03 -1.230000000000000029e-07
9.971225703169940971e+03 1.774666888999999986e-06
9.976225703169940971e+03 7.066827965999999846e-06
9.981225703169940971e+03 4.879189073000000294e-06
9.986225703169940971e+03 7.057106122000000558e-06
9.991225703169940971e+03 3.909872321000000324e-06
9.996225703169940971e+03 1.726809423000000120e-05
1.000122570316994097e+04 1.581855002000000086e-05
1.000622570316994097e+04 -7.713064550999999735e-06
1.001122570316994097e+04 1.313979504999999958e-05
1.001622570316994097e+04 -1.954373437999999868e-06
1.002122570316994097e+04 1.959891523999999820e-06
1.002622570316994097e+04 3.436981932999999874e-06
1.003122570316994097e+04 1.121686771999999992e-05
1.003622570316994097e+04 7.341019227000000074e-06
1.004122570316994097e+04 5.545626044999999399e-06
1.004622570316994097e+04 6.402602884999999677e-06
1.005122570316994097e+04 4.228208563000000274e-06
1.005622570316994097e+04 -6.046889466000000192e-06
1.006122570316994097e+04 -7.290452485999999712e-06
1.006622570316994097e+04 9.780435357000000663e-06
1.007122570316994097e+04 -4.750000000000000050e-07
1.007622570316994097e+04 -1.713912643000000031e-06
1.008122570316994097e+04 1.070173107999999962e-05
1.008622570316994097e+04 1.001555239999999957e-05
1.009122570316994097e+04 1.095607528000000013e-05
1.009622570316994097e+04 7.266684551999999258e-06
1.010122570316994097e+04 -7.819999999999999879e-07
1.010622570316994097e+04 2.729790867000000115e-06
1.011122570316994097e+04 1.159074018000000032e-05
1.011622570316994097e+04 2.045001311000000105e-06
1.012122570316994097e+04 7.148850709000000097e-06
1.012622570316994097e+04 9.037388953999999603e-06
1.013122570316994097e+04 1.700819121000000100e-06
1.013622570316994097e+04 3.640431386999999944e-06
1.014122570316994097e+04 1.518723438000000067e-05
1.014622570316994097e+04 1.857726602000000167e-06
1.015122570316994097e+04 4.888896946999999093e-06
1.015622570316994097e+04 -1.449713018000000071e-06
1.016122570316994097e+04 4.030113922999999541e-06
1.016622570316994097e+04 1.127371914000000140e-05
1.017122570316994097e+04 8.380143554000000686e-06
1.017622570316994097e+04 1.544835686000000082e-06
1.018122570316994097e+04 9.951079263999999640e-06
1.018622570316994097e+04 -6.826033931999999373e-06
1.019122570316994097e+04 1.955641666000000037e-05
1.019622570316994097e+04 1.350105856999999879e-05
1.020122570316994097e+04 -1.884905796000000005e-06
1.020622570316994097e+04 6.760773248999999552e-06
1.021122570316994097e+04 1.448687835000000019e-06
1.021622570316994097e+04 9.321477845999999923e-06
1.022122570316994097e+04 1.323728124000000001e-05
1.022622570316994097e+04 5.130000000000000011e-07
1.023122570316994097e+04 3.788179018999999807e-06
1.023622570316994097e+04 4.699082638000000373e-06
1.024122570316994097e+04 8.765043458000000668e-06
1.024622570316994097e+04 1.433085649999999963e-05
1.025122570316994097e+04 7.309999999999999680e-07
1.025622570316994097e+04 9.927270002999999515e-06
1.026122570316994097e+04 5.867638391999999876e-06
1.026622570316994097e+04 -1.375639549000000007e-06
1.027122570316994097e+04 -5.199999999999999976e-07
1.027622570316994097e+04 7.722208392999999789e-06
1.028122570316994097e+04 -4.339999999999999952e-07
1.028622570316994097e+04 -1.309999999999999951e-07
1.029122570316994097e+04 1.033672131999999906e-05
1.029622570316994097e+04 1.114292186999999873e-05
1.030122570316994097e+04 2.589999999999999766e-07
1.030622570316994097e+04 1.279682736000000017e-05
1.031122570316994097e+04 -1.461507344999999967e-06
1.031622570316994097e+04 1.119832740999999927e-05
1.032122570316994097e+04 5.620596929999999687e-06
1.032622570316994097e+04 -1.423555949999999890e-06
1.033122570316994097e+04 2.284851653000000201e-06
1.033622570316994097e+04 -3.225500113000000169e-06
1.034122570316994097e+04 2.230460523000000296e-05
1.034622570316994097e+04 5.770832649000000040e-06
1.035122570316994097e+04 1.247306354000000036e-05
1.035622570316994097e+04 1.105096190999999899e-05
1.036122570316994097e+04 -3.216828917999999926e-06
1.036622570316994097e+04 1.699454384000000115e-05
1.037122570316994097e+04 2.726390376000000090e-06
1.037622570316994097e+04 4.474486923000000207e-06
1.038122570316994097e+04 -3.982870547999999906e-06
1.038622570316994097e+04 1.661318470999999941e-05
1.039122570316994097e+04 7.870938280000000262e-06
1.039622570316994097e+04 2.492061758000000225e-06
1.040122570316994097e+04 5.301499041000000206e-06
1.040622570316994097e+04 4.561956738999999568e-06
1.041122570316994097e+04 -5.360406940000000568e-06
1.041622570316994097e+04 1.218382153000000179e-05
1.042122570316994097e+04 5.671919206999999753e-06
1.042622570316994097e+04 2.273578430000000114e-05
1.043122570316994097e+04 1.258819829999999852e-05
1.043622570316994097e+04 1.467644003999999934e-05
1.044122570316994097e+04 3.069999999999999829e-07
1.044622570316994097e+04 3.797875833999999888e-06
1.045122570316994097e+04 4.187625600000000051e-06
1.045622570316994097e+04 1.083802781000000012e-05
1.046122570316994097e+04 4.350000000000000174e-07
1.046622570316994097e+04 -4.250000000000000072e-07
1.047122570316994097e+04 9.344156715000000044e-06
1.047622570316994097e+04 -1.703743765000000140e-06
1.048122570316994097e+04 9.850848000000000251e-06
1.048622570316994097e+04 2.045752248000000045e-05
1.049122570316994097e+04 7.910251733999999079e-06
1.049622570316994097e+04 3.493952681000000113e-06
1.050122570316994097e+04 2.052525524000000092e-05
1.050622570316994097e+04 5.670000000000000347e-07
1.051122570316994097e+04 1.508425572000000004e-05
1.051622570316994097e+04 5.178504506999999993e-06
1.052122570316994097e+04 1.627542428000000089e-05
1.052622570316994097e+04 1.057935296999999932e-05
1.053122570316994097e+04 4.898284095999999239e-06
1.053622570316994097e+04 7.160734384999999586e-06
1.054122570316994097e+04 9.513858239999999796e-06
1.054622570316994097e+04 7.519091013999999521e-06
1.055122570316994097e+04 1.901787123999999950e-05
1.055622570316994097e+04 1.853763591000000022e-05
1.056122570316994097e+04 1.292519852999999989e-05
1.056622570316994097e+04 6.742732948999999819e-06
1.057122570316994097e+04 1.387152821000000056e-05
1.057622570316994097e+04 1.466565416000000062e-05
1.058122570316994097e+04 1.137992367000000062e-05
1.058622570316994097e+04 1.791233429999999907e-05
1.059122570316994097e+04 2.076655859000000367e-05
1.059622570316994097e+04 2.028808929000000137e-05
1.060122570316994097e+04 2.947269008000000118e-05
1.060622570316994097e+04 2.303764923000000122e-05
1.061122570316994097e+04 2.355171368000000067e-05
1.061622570316994097e+04 2.277115127000000109e-05
1.062122570316994097e+04 2.496284897999999862e-05
1.062622570316994097e+04 1.444608090000000023e-05
1.063122570316994097e+04 9.188901166999999913e-06
1.063622570316994097e+04 1.574266236000000074e-05
1.064122570316994097e+04 5.713091814000000572e-06
1.064622570316994097e+04 7.128824362999999798e-06
1.065122570316994097e+04 4.982842947000000006e-06
1.065622570316994097e+04 7.240406121000000667e-06
1.066122570316994097e+04 5.428940057999999218e-06
1.066622570316994097e+04 3.694825573000000093e-06
1.067122570316994097e+04 8.770000000000000313e-07
1.067622570316994097e+04 7.133817998999999958e-06
1.068122570316994097e+04 8.321607020000000560e-06
1.068622570316994097e+04 3.196941688999999759e-06
1.069122570316994097e+04 3.115310973999999842e-06
1.069622570316994097e+04 1.088981166999999883e-05
1.070122570316994097e+04 2.128872146999999931e-06
1.070622570316994097e+04 1.498112338999999910e-05
1.071122570316994097e+04 8.339261403000000633e-06
1.071622570316994097e+04 5.710000000000000176e-08
1.072122570316994097e+04 6.452620728000000502e-06
1.072622570316994097e+04 1.139792148000000059e-05
1.073122570316994097e+04 8.871177561000000104e-06
1.073622570316994097e+04 9.709957521000000592e-06
1.074122570316994097e+04 7.877297467000001031e-06
1.074622570316994097e+04 6.349999999999999785e-09
1.075122570316994097e+04 1.129294745999999885e-05
1.075622570316994097e+04 1.035621389999999923e-05
1.076122570316994097e+04 3.520000000000000418e-08
1.076622570316994097e+04 -3.550000000000000422e-07
1.077122570316994097e+04 1.426543108999999889e-05
1.077622570316994097e+04 5.639630252999999703e-06
1.078122570316994097e+04 3.895860573000000278e-06
1.078622570316994097e+04 4.539217042999999767e-06
1.079122570316994097e+04 1.107349410000000014e-05
1.079622570316994097e+04 7.219791878000000287e-06
1.080122570316994097e+04 -7.130103186000000051e-06
1.080622570316994097e+04 5.234744748999999633e-06
1.081122570316994097e+04 5.920000000000000071e-07
1.081622570316994097e+04 7.874673465000000801e-06
1.082122570316994097e+04 -1.903757947999999804e-06
1.082622570316994097e+04 1.224568347000000073e-05
1.083122570316994097e+04 8.931386982999999630e-06
1.083622570316994097e+04 6.255883491000000890e-06
1.084122570316994097e+04 6.424309686000000250e-06
1.084622570316994097e+04 1.651699275999999915e-06
1.085122570316994097e+04 5.589268985000000468e-06
1.085622570316994097e+04 5.368618877000000334e-06
1.086122570316994097e+04 8.535944507000001343e-06
1.086622570316994097e+04 1.365726580999999910e-05
1.087122570316994097e+04 6.568542449000000017e-06
1.087622570316994097e+04 9.449326317000000805e-06
1.088122570316994097e+04 4.292703234000000083e-06
1.088622570316994097e+04 8.375862963000000995e-06
1.089122570316994097e+04 4.544534604000000022e-06
1.089622570316994097e+04 2.725360972999999976e-06
1.090122570316994097e+04 3.878653806000000167e-06
1.090622570316994097e+04 2.288733842000000026e-05
1.091122570316994097e+04 4.380914615000000030e-06
1.091622570316994097e+04 5.090000000000000580e-08
1.092122570316994097e+04 9.477715939000000233e-06
1.092622570316994097e+04 2.188723302000000274e-05
1.093122570316994097e+04 1.941063208999999943e-05
1.093622570316994097e+04 7.394025451999999426e-06
1.094122570316994097e+04 5.280000000000000693e-07
1.094622570316994097e+04 7.478641345999999699e-06
1.095122570316994097e+04 1.808928441999999872e-05
1.095622570316994097e+04 7.388899685000000124e-06
1.096122570316994097e+04 1.135098747999999973e-05
1.096622570316994097e+04 1.261461293000000127e-05
1.097122570316994097e+04 1.890145358999999978e-05
1.097622570316994097e+04 1.706065842999999847e-05
1.098122570316994097e+04 2.475920132999999873e-05
1.098622570316994097e+04 1.909870422000000111e-05
1.099122570316994097e+04 2.468832069999999802e-05
1.099622570316994097e+04 2.501138952000000004e-05
1.100122570316994097e+04 2.632920165000000011e-05
1.100622570316994097e+04 2.533204155000000005e-05
1.101122570316994097e+04 1.921675866000000248e-05
1.101622570316994097e+04 4.451604093999999851e-05
1.102122570316994097e+04 3.296790178999999899e-05
1.102622570316994097e+04 3.549714573000000323e-05
1.103122570316994097e+04 3.921685274999999284e-05
1.103622570316994097e+04 2.894028788000000064e-05
1.104122570316994097e+04 3.288627369000000146e-05
1.104622570316994097e+04 3.205036512000000287e-05
1.105122570316994097e+04 3.799505531999999614e-05
1.105622570316994097e+04 1.837134361000000189e-05
1.106122570316994097e+04 1.567973987999999981e-05
