3.046631088515932788e+03 9.248568094000000363e-06
3.051631088515932788e+03 7.874988369000000466e-06
3.056631088515932788e+03 8.476956282000000766e-06
3.061631088515932788e+03 9.252675227000000394e-06
3.066631088515932788e+03 7.443710929000000559e-06
3.071631088515932788e+03 7.947360282000000899e-06
3.076631088515932788e+03 8.552898070999999345e-06
3.081631088515932788e+03 8.406377746999999529e-06
3.086631088515932788e+03 7.409029057999999870e-06
3.091631088515932788e+03 7.482130313000000068e-06
3.096631088515932788e+03 1.018399488999999928e-05
3.101631088515932788e+03 7.527049746999999399e-06
3.106631088515932788e+03 6.140314508000000005e-06
3.111631088515932788e+03 8.284171345000000794e-06
3.116631088515932788e+03 7.749187062000000990e-06
3.121631088515932788e+03 7.870027911999999642e-06
3.126631088515932788e+03 9.768547025000001225e-06
3.131631088515932788e+03 1.016526482999999958e-05
3.136631088515932788e+03 9.399104746999999892e-06
3.141631088515932788e+03 6.760517134999999907e-06
3.146631088515932788e+03 8.814114843999999239e-06
3.151631088515932788e+03 7.282712030999999872e-06
3.156631088515932788e+03 8.260356262000000514e-06
3.161631088515932788e+03 8.425465203000000988e-06
3.166631088515932788e+03 9.961837203999999074e-06
3.171631088515932788e+03 8.401648374000000516e-06
3.176631088515932788e+03 1.009927597000000158e-05
3.181631088515932788e+03 7.950135041000000710e-06
3.186631088515932788e+03 8.629992371000000766e-06
3.191631088515932788e+03 1.037325943000000155e-05
3.196631088515932788e+03 9.233203599999999467e-06
3.201631088515932788e+03 9.384732693000000022e-06
3.206631088515932788e+03 8.259772439000000600e-06
3.211631088515932788e+03 9.248308488000000333e-06
3.216631088515932788e+03 9.253553580000000394e-06
3.221631088515932788e+03 1.070485683000000009e-05
3.226631088515932788e+03 6.925225606999999603e-06
3.231631088515932788e+03 1.168611343000000130e-05
3.236631088515932788e+03 7.618144736999999928e-06
3.241631088515932788e+03 8.017856743999999714e-06
3.246631088515932788e+03 1.043356954999999853e-05
3.251631088515932788e+03 1.062185503999999859e-05
3.256631088515932788e+03 1.009274855999999907e-05
3.261631088515932788e+03 8.548467304000000380e-06
3.266631088515932788e+03 9.616048191999999401e-06
3.271631088515932788e+03 6.037501734999999416e-06
3.276631088515932788e+03 9.902588789999999211e-06
3.281631088515932788e+03 7.693509105999999902e-06
3.286631088515932788e+03 9.859112324000000421e-06
3.291631088515932788e+03 9.980073663999998869e-06
3.296631088515932788e+03 7.854515570000000294e-06
3.301631088515932788e+03 8.446151624000000402e-06
3.306631088515932788e+03 8.312116842999999798e-06
3.311631088515932788e+03 9.250345756000000571e-06
3.316631088515932788e+03 8.645851048999999449e-06
3.321631088515932788e+03 9.062153404000000199e-06
3.326631088515932788e+03 9.238761850000000694e-06
3.331631088515932788e+03 7.406282820999999126e-06
3.336631088515932788e+03 9.099196177000000907e-06
3.341631088515932788e+03 7.663946017000000812e-06
3.346631088515932788e+03 1.106743234999999994e-05
3.351631088515932788e+03 1.028296072000000114e-05
3.356631088515932788e+03 1.052162028000000092e-05
3.361631088515932788e+03 9.183450601999999571e-06
3.366631088515932788e+03 8.194073453000001037e-06
3.371631088515932788e+03 9.638970368999999936e-06
3.376631088515932788e+03 8.427368592999999876e-06
3.381631088515932788e+03 8.433632320000000377e-06
3.386631088515932788e+03 1.179974526000000015e-05
3.391631088515932788e+03 6.146829691999999880e-06
3.396631088515932788e+03 6.293480983000000123e-06
3.401631088515932788e+03 7.731510559000001146e-06
3.406631088515932788e+03 1.033101463999999875e-05
3.411631088515932788e+03 1.047534052999999974e-05
3.416631088515932788e+03 7.656039088000000389e-06
3.421631088515932788e+03 8.445103885999999740e-06
3.426631088515932788e+03 1.094155013999999954e-05
3.431631088515932788e+03 1.074302709000000096e-05
3.436631088515932788e+03 1.011842395999999922e-05
3.441631088515932788e+03 4.747029452000000147e-06
3.446631088515932788e+03 8.178795688000000817e-06
3.451631088515932788e+03 1.094042323999999992e-05
3.456631088515932788e+03 1.062159427000000069e-05
3.461631088515932788e+03 9.561583282999999673e-06
3.466631088515932788e+03 9.786473820000000560e-06
3.471631088515932788e+03 9.477892307999999971e-06
3.476631088515932788e+03 8.525296580000000227e-06
3.481631088515932788e+03 6.736454670000000741e-06
3.486631088515932788e+03 8.554205997000000666e-06
3.491631088515932788e+03 1.154004712999999928e-05
3.496631088515932788e+03 7.645141450000000091e-06
3.501631088515932788e+03 8.349441340999999987e-06
3.506631088515932788e+03 9.281460078999999701e-06
3.511631088515932788e+03 9.858967968999999288e-06
3.516631088515932788e+03 1.161313150000000016e-05
3.521631088515932788e+03 1.106192939999999899e-05
3.526631088515932788e+03 8.660656748999999638e-06
3.531631088515932788e+03 8.035785868000000192e-06
3.536631088515932788e+03 7.846577209000000201e-06
3.541631088515932788e+03 8.851510938000000373e-06
3.546631088515932788e+03 1.087804906999999935e-05
3.551631088515932788e+03 8.944468573000000748e-06
3.556631088515932788e+03 8.713424904000000002e-06
3.561631088515932788e+03 8.330378332000000494e-06
3.566631088515932788e+03 8.138804113999999367e-06
3.571631088515932788e+03 1.003466547000000014e-05
3.576631088515932788e+03 8.349295821999999290e-06
3.581631088515932788e+03 8.267908124000000319e-06
3.586631088515932788e+03 1.094190286999999983e-05
3.591631088515932788e+03 8.306039381000000204e-06
3.596631088515932788e+03 9.645049576999999722e-06
3.601631088515932788e+03 1.025150646000000016e-05
3.606631088515932788e+03 9.754197671999999741e-06
3.611631088515932788e+03 9.298932273000000523e-06
3.616631088515932788e+03 8.357194018999999802e-06
3.621631088515932788e+03 8.377468330000000784e-06
3.626631088515932788e+03 9.226711700000000621e-06
3.631631088515932788e+03 7.991938036999999471e-06
3.636631088515932788e+03 6.420138525000000468e-06
3.641631088515932788e+03 8.597536943999998759e-06
3.646631088515932788e+03 7.201482076000000201e-06
3.651631088515932788e+03 8.510836051000001182e-06
3.656631088515932788e+03 9.158106985999999331e-06
3.661631088515932788e+03 6.889153737999999727e-06
3.666631088515932788e+03 9.616633179000000573e-06
3.671631088515932788e+03 6.191303836999999750e-06
3.676631088515932788e+03 7.729235221999999699e-06
3.681631088515932788e+03 6.187112302999999863e-06
3.686631088515932788e+03 1.031242660000000050e-05
3.691631088515932788e+03 8.359618951000000214e-06
3.696631088515932788e+03 9.980748872999999731e-06
3.701631088515932788e+03 9.939312003999998933e-06
3.706631088515932788e+03 8.219601004000000720e-06
3.711631088515932788e+03 8.662794135000000735e-06
3.716631088515932788e+03 5.261861952000000439e-06
3.721631088515932788e+03 1.003440819000000029e-05
3.726631088515932788e+03 8.175361435999999133e-06
3.731631088515932788e+03 9.499175358000000224e-06
3.736631088515932788e+03 8.018061634999999366e-06
3.741631088515932788e+03 8.510627667000000824e-06
3.746631088515932788e+03 7.449629483999999595e-06
3.751631088515932788e+03 6.187651888000000029e-06
3.756631088515932788e+03 5.624772747999999739e-06
3.761631088515932788e+03 1.074925064999999922e-05
3.766631088515932788e+03 7.984978729000000866e-06
3.771631088515932788e+03 6.630006246000000049e-06
3.776631088515932788e+03 8.315127342999999996e-06
3.781631088515932788e+03 1.115257037000000047e-05
3.786631088515932788e+03 9.331243928000000653e-06
3.791631088515932788e+03 1.039776019999999941e-05
3.796631088515932788e+03 1.017380157000000030e-05
3.801631088515932788e+03 1.202318118999999840e-05
3.806631088515932788e+03 1.297203475000000054e-05
3.811631088515932788e+03 1.095226150999999966e-05
3.816631088515932788e+03 1.007940386999999859e-05
3.821631088515932788e+03 1.039419322999999973e-05
3.826631088515932788e+03 1.008898252999999940e-05
3.831631088515932788e+03 1.189015805999999916e-05
3.836631088515932788e+03 1.155472593000000035e-05
3.841631088515932788e+03 1.066186231999999920e-05
3.846631088515932788e+03 1.101017696999999931e-05
3.851631088515932788e+03 1.279215212000000091e-05
3.856631088515932788e+03 1.260811811999999928e-05
3.861631088515932788e+03 1.791370799999999949e-05
3.866631088515932788e+03 2.143604447999999813e-05
3.871631088515932788e+03 3.160068765000000041e-05
3.876631088515932788e+03 5.184360314000000533e-05
3.881631088515932788e+03 7.974448614000000123e-05
3.886631088515932788e+03 1.233984064000000105e-04
3.891631088515932788e+03 1.796427369000000169e-04
3.896631088515932788e+03 2.449709362999999960e-04
3.901631088515932788e+03 2.908353694000000394e-04
3.906631088515932788e+03 3.240572289000000195e-04
3.911631088515932788e+03 3.343575075000000023e-04
3.916631088515932788e+03 3.311721607999999631e-04
3.921631088515932788e+03 3.277527541000000029e-04
3.926631088515932788e+03 3.424745425999999797e-04
3.931631088515932788e+03 3.798639402000000267e-04
3.936631088515932788e+03 4.513730853999999818e-04
3.941631088515932788e+03 5.964786932000000095e-04
3.946631088515932788e+03 8.454814552999998824e-04
3.951631088515932788e+03 1.273758560000000199e-03
3.956631088515932788e+03 2.077988534999999828e-03
3.961631088515932788e+03 3.629794717000000160e-03
3.966631088515932788e+03 6.467732787000000233e-03
3.971631088515932788e+03 1.151437997999999949e-02
3.976631088515932788e+03 1.991715788999999862e-02
3.981631088515932788e+03 3.198482512999999833e-02
3.986631088515932788e+03 4.783889293999999542e-02
3.991631088515932788e+03 6.650687217999999568e-02
3.996631088515932788e+03 8.756178856000000621e-02
4.001631088515932788e+03 1.116419697000000100e-01
4.006631088515932788e+03 1.419550133000000158e-01
4.011631088515932788e+03 1.866010856999999745e-01
4.016631088515932788e+03 2.534536934000000130e-01
4.021631088515932788e+03 3.492979813000000044e-01
4.026631088515932788e+03 4.751294708000000089e-01
4.031631088515932788e+03 6.095053482000000189e-01
4.036631088515932788e+03 7.362547301999999849e-01
4.041631088515932788e+03 8.376068114999999370e-01
4.046631088515932788e+03 9.017313384999999792e-01
4.051631088515932788e+03 9.357863616999999579e-01
4.056631088515932788e+03 9.508528137000000768e-01
4.061631088515932788e+03 9.583183289000000160e-01
4.066631088515932788e+03 9.651273346000001085e-01
4.071631088515932788e+03 9.712760161999999253e-01
4.076631088515932788e+03 9.762650299000000809e-01
4.081631088515932788e+03 9.796788024999999456e-01
4.086631088515932788e+03 9.811681366000000182e-01
4.091631088515932788e+03 9.817137146000000092e-01
4.096631088515932788e+03 9.821232604999999838e-01
4.101631088515932788e+03 9.815427398999999609e-01
4.106631088515932788e+03 9.803319550000000326e-01
4.111631088515932788e+03 9.784487151999999854e-01
4.116631088515932788e+03 9.763923644999999985e-01
4.121631088515932788e+03 9.746901703000000472e-01
4.126631088515932788e+03 9.740351105000000231e-01
4.131631088515932788e+03 9.746705626999999650e-01
4.136631088515932788e+03 9.766482544000000265e-01
4.141631088515932788e+03 9.788864135999999494e-01
4.146631088515932788e+03 9.805075836000000100e-01
4.151631088515932788e+03 9.814685821999999948e-01
4.156631088515932788e+03 9.825504302999999995e-01
4.161631088515932788e+03 9.829282378999999459e-01
4.166631088515932788e+03 9.838759613000001014e-01
4.171631088515932788e+03 9.845474242999999737e-01
4.176631088515932788e+03 9.851184845000000578e-01
4.181631088515932788e+03 9.850896453999999913e-01
4.186631088515932788e+03 9.849251556000000463e-01
4.191631088515932788e+03 9.846469879000000480e-01
4.196631088515932788e+03 9.843514251999999631e-01
4.201631088515932788e+03 9.846804047000000670e-01
4.206631088515932788e+03 9.856328583000000254e-01
4.211631088515932788e+03 9.865320586999999364e-01
4.216631088515932788e+03 9.872308349999999733e-01
4.221631088515932788e+03 9.876699829000000763e-01
4.226631088515932788e+03 9.876995087000000062e-01
4.231631088515932788e+03 9.875014495999999697e-01
4.236631088515932788e+03 9.871685790999999988e-01
4.241631088515932788e+03 9.873749541999999879e-01
4.246631088515932788e+03 9.879338074000000303e-01
4.251631088515932788e+03 9.888159179999999049e-01
4.256631088515932788e+03 9.890692138999999106e-01
4.261631088515932788e+03 9.895421600000000595e-01
4.266631088515932788e+03 9.893652344000000154e-01
4.271631088515932788e+03 9.889495849999999644e-01
4.276631088515932788e+03 9.884372711000000145e-01
4.281631088515932788e+03 9.882946776999999017e-01
4.286631088515932788e+03 9.882089233000000972e-01
4.291631088515932788e+03 9.881305695000000000e-01
4.296631088515932788e+03 9.875715636999999880e-01
4.301631088515932788e+03 9.859268950999999781e-01
4.306631088515932788e+03 9.833992003999999509e-01
4.311631088515932788e+03 9.804833220999999988e-01
4.316631088515932788e+03 9.773937987999999910e-01
4.321631088515932788e+03 9.756771088000000258e-01
4.326631088515932788e+03 9.754730225000000088e-01
4.331631088515932788e+03 9.762889862000000418e-01
4.336631088515932788e+03 9.772713469999999569e-01
4.341631088515932788e+03 9.778192902000000242e-01
4.346631088515932788e+03 9.768561554000000369e-01
4.351631088515932788e+03 9.746202086999999903e-01
4.356631088515932788e+03 9.717299651999999899e-01
4.361631088515932788e+03 9.694384003000000583e-01
4.366631088515932788e+03 9.688262939000000795e-01
4.371631088515932788e+03 9.700539397999999869e-01
4.376631088515932788e+03 9.730351256999999476e-01
4.381631088515932788e+03 9.768806458000000026e-01
4.386631088515932788e+03 9.804242705999999252e-01
4.391631088515932788e+03 9.827503203999999881e-01
4.396631088515932788e+03 9.841062164000000667e-01
4.401631088515932788e+03 9.845861053000000140e-01
4.406631088515932788e+03 9.847176360999999600e-01
4.411631088515932788e+03 9.847171020999999635e-01
4.416631088515932788e+03 9.853886414000000427e-01
4.421631088515932788e+03 9.869193267999999408e-01
4.426631088515932788e+03 9.884127044999999612e-01
4.431631088515932788e+03 9.900947571000000558e-01
4.436631088515932788e+03 9.910937499999999956e-01
4.441631088515932788e+03 9.910851288000001036e-01
4.446631088515932788e+03 9.903024292000001116e-01
4.451631088515932788e+03 9.886294556000000400e-01
4.456631088515932788e+03 9.866992949999999762e-01
4.461631088515932788e+03 9.849745941000001004e-01
4.466631088515932788e+03 9.839470672999999223e-01
4.471631088515932788e+03 9.837863158999999857e-01
4.476631088515932788e+03 9.846751403999999264e-01
4.481631088515932788e+03 9.864463806000000057e-01
4.486631088515932788e+03 9.882765197999999751e-01
4.491631088515932788e+03 9.899552155000000964e-01
4.496631088515932788e+03 9.907921600000000328e-01
4.501631088515932788e+03 9.902064513999999651e-01
4.506631088515932788e+03 9.890824890000000646e-01
4.511631088515932788e+03 9.874620819000000660e-01
4.516631088515932788e+03 9.860854340000000384e-01
4.521631088515932788e+03 9.855384826999999959e-01
4.526631088515932788e+03 9.859616852000000486e-01
4.531631088515932788e+03 9.869085692999999271e-01
4.536631088515932788e+03 9.879921722000000184e-01
4.541631088515932788e+03 9.886331939999999374e-01
4.546631088515932788e+03 9.882470703000000301e-01
4.551631088515932788e+03 9.869920348999999815e-01
4.556631088515932788e+03 9.851236724999999916e-01
4.561631088515932788e+03 9.836524962999999566e-01
4.566631088515932788e+03 9.830427550999999431e-01
4.571631088515932788e+03 9.835482788000000642e-01
4.576631088515932788e+03 9.850141143999999738e-01
4.581631088515932788e+03 9.870713806000001034e-01
4.586631088515932788e+03 9.890508269999999102e-01
4.591631088515932788e+03 9.904312896999999394e-01
4.596631088515932788e+03 9.908615111999999892e-01
4.601631088515932788e+03 9.903427123999999360e-01
4.606631088515932788e+03 9.891182709000000406e-01
4.611631088515932788e+03 9.884568023999998898e-01
4.616631088515932788e+03 9.879070282000000924e-01
4.621631088515932788e+03 9.878275299000001120e-01
4.626631088515932788e+03 9.882686615000000341e-01
4.631631088515932788e+03 9.891863250999999302e-01
4.636631088515932788e+03 9.895835114000000043e-01
4.641631088515932788e+03 9.898068236999999492e-01
4.646631088515932788e+03 9.894213867000000162e-01
4.651631088515932788e+03 9.888188170999999693e-01
4.656631088515932788e+03 9.879098510999999583e-01
4.661631088515932788e+03 9.871446228000000378e-01
4.666631088515932788e+03 9.866825103999999902e-01
4.671631088515932788e+03 9.865953827000000231e-01
4.676631088515932788e+03 9.865429688000000308e-01
4.681631088515932788e+03 9.871284484999999220e-01
4.686631088515932788e+03 9.877375030999999694e-01
4.691631088515932788e+03 9.885689544999999301e-01
4.696631088515932788e+03 9.891104889000000844e-01
4.701631088515932788e+03 9.896224976000000950e-01
4.706631088515932788e+03 9.897136688000000015e-01
4.711631088515932788e+03 9.895290375000000971e-01
4.716631088515932788e+03 9.891584777999998801e-01
4.721631088515932788e+03 9.885895538000000204e-01
4.726631088515932788e+03 9.877595519999999851e-01
4.731631088515932788e+03 9.871567534999999838e-01
4.736631088515932788e+03 9.867594909999999331e-01
4.741631088515932788e+03 9.870335387999999988e-01
4.746631088515932788e+03 9.875896453999999380e-01
4.751631088515932788e+03 9.884313202000000187e-01
4.756631088515932788e+03 9.890934753000000246e-01
4.761631088515932788e+03 9.894023894999999236e-01
4.766631088515932788e+03 9.890556334999999200e-01
4.771631088515932788e+03 9.883204650999999341e-01
4.776631088515932788e+03 9.869681549000000054e-01
4.781631088515932788e+03 9.858007813000000397e-01
4.786631088515932788e+03 9.850852202999998974e-01
4.791631088515932788e+03 9.850215911999999907e-01
4.796631088515932788e+03 9.855789947999999967e-01
4.801631088515932788e+03 9.867500304999999861e-01
4.806631088515932788e+03 9.881385040000000286e-01
4.811631088515932788e+03 9.895402527000000115e-01
4.816631088515932788e+03 9.903454589999999280e-01
4.821631088515932788e+03 9.909854126000000596e-01
4.826631088515932788e+03 9.907717133000000231e-01
4.831631088515932788e+03 9.908699799000000308e-01
4.836631088515932788e+03 9.907624054000000458e-01
4.841631088515932788e+03 9.908924102999999706e-01
4.846631088515932788e+03 9.913278198000000652e-01
4.851631088515932788e+03 9.919151306000000279e-01
4.856631088515932788e+03 9.923867035000000225e-01
4.861631088515932788e+03 9.924913024999999500e-01
4.866631088515932788e+03 9.921271514999999708e-01
4.871631088515932788e+03 9.912027740000000087e-01
4.876631088515932788e+03 9.898281859999999988e-01
4.881631088515932788e+03 9.885350800000000104e-01
4.886631088515932788e+03 9.875077820000000006e-01
4.891631088515932788e+03 9.866255187999999343e-01
4.896631088515932788e+03 9.864162444999999835e-01
4.901631088515932788e+03 9.871712494000000060e-01
4.906631088515932788e+03 9.879062652999999194e-01
4.911631088515932788e+03 9.891838074000000036e-01
4.916631088515932788e+03 9.900915526999999328e-01
4.921631088515932788e+03 9.907648467999998765e-01
4.926631088515932788e+03 9.912652588000000486e-01
4.931631088515932788e+03 9.915454101999999770e-01
4.936631088515932788e+03 9.917834473000000095e-01
4.941631088515932788e+03 9.919379425000000028e-01
4.946631088515932788e+03 9.921911620999999126e-01
4.951631088515932788e+03 9.924366759999999621e-01
4.956631088515932788e+03 9.928067016999999606e-01
4.961631088515932788e+03 9.931707763999999550e-01
4.966631088515932788e+03 9.934761810000000137e-01
4.971631088515932788e+03 9.936159515000000386e-01
4.976631088515932788e+03 9.937963867000000340e-01
4.981631088515932788e+03 9.938055420000000417e-01
4.986631088515932788e+03 9.938496399000000814e-01
4.991631088515932788e+03 9.936745452999999895e-01
4.996631088515932788e+03 9.934369658999999686e-01
5.001631088515932788e+03 9.934371185000000493e-01
5.006631088515932788e+03 9.930370331000000217e-01
5.011631088515932788e+03 9.925369263000000108e-01
5.016631088515932788e+03 9.922703552000000649e-01
5.021631088515932788e+03 9.917568970000000261e-01
5.026631088515932788e+03 9.915518187999999844e-01
5.031631088515932788e+03 9.914543915000000318e-01
5.036631088515932788e+03 9.917279815999999748e-01
5.041631088515932788e+03 9.921828460999999599e-01
5.046631088515932788e+03 9.928595733999999728e-01
5.051631088515932788e+03 9.932651519999999845e-01
5.056631088515932788e+03 9.935228729000000758e-01
5.061631088515932788e+03 9.934690093999999361e-01
5.066631088515932788e+03 9.926819611000000654e-01
5.071631088515932788e+03 9.916487121999999488e-01
5.076631088515932788e+03 9.905010986000000184e-01
5.081631088515932788e+03 9.892920684999999548e-01
5.086631088515932788e+03 9.883516692999999576e-01
5.091631088515932788e+03 9.880078888000000115e-01
5.096631088515932788e+03 9.882552338000000214e-01
5.101631088515932788e+03 9.889377593999999494e-01
5.106631088515932788e+03 9.899996948000000518e-01
5.111631088515932788e+03 9.913755798000000174e-01
5.116631088515932788e+03 9.925276947000000183e-01
5.121631088515932788e+03 9.934587860000000381e-01
5.126631088515932788e+03 9.938309479000000390e-01
5.131631088515932788e+03 9.938962555000000476e-01
5.136631088515932788e+03 9.939018249999999055e-01
5.141631088515932788e+03 9.935971069000000266e-01
5.146631088515932788e+03 9.933609008999999546e-01
5.151631088515932788e+03 9.931510925000001100e-01
5.156631088515932788e+03 9.932464600000000532e-01
5.161631088515932788e+03 9.935251617000000479e-01
5.166631088515932788e+03 9.938587188999999933e-01
5.171631088515932788e+03 9.940911864999999459e-01
5.176631088515932788e+03 9.940247345000000623e-01
5.181631088515932788e+03 9.936460114000000843e-01
5.186631088515932788e+03 9.929558563000000504e-01
5.191631088515932788e+03 9.916478729000001158e-01
5.196631088515932788e+03 9.901026153999999968e-01
5.201631088515932788e+03 9.880865479000000562e-01
5.206631088515932788e+03 9.858740233999999658e-01
5.211631088515932788e+03 9.840074158000000626e-01
5.216631088515932788e+03 9.823849486999999270e-01
5.221631088515932788e+03 9.811667633000000777e-01
5.226631088515932788e+03 9.805580901999999544e-01
5.231631088515932788e+03 9.809468078999999952e-01
5.236631088515932788e+03 9.819764709000000646e-01
5.241631088515932788e+03 9.838287354000000429e-01
5.246631088515932788e+03 9.858681488000000659e-01
5.251631088515932788e+03 9.879960631999999965e-01
5.256631088515932788e+03 9.897075653000000361e-01
5.261631088515932788e+03 9.907642365000000062e-01
5.266631088515932788e+03 9.906848906999999871e-01
5.271631088515932788e+03 9.896829986999999829e-01
5.276631088515932788e+03 9.874562835999999288e-01
5.281631088515932788e+03 9.848886108000001194e-01
5.286631088515932788e+03 9.823547363000000310e-01
5.291631088515932788e+03 9.799280548000000035e-01
5.296631088515932788e+03 9.784582519999999173e-01
5.301631088515932788e+03 9.780384064000000599e-01
5.306631088515932788e+03 9.789235686999999686e-01
5.311631088515932788e+03 9.805410003999999180e-01
5.316631088515932788e+03 9.828250121999999589e-01
5.321631088515932788e+03 9.850335692999999671e-01
5.326631088515932788e+03 9.871606445000000729e-01
5.331631088515932788e+03 9.886253356999999964e-01
5.336631088515932788e+03 9.894363402999999391e-01
5.341631088515932788e+03 9.896389007999999432e-01
5.346631088515932788e+03 9.892295837000000258e-01
5.351631088515932788e+03 9.884792328000000516e-01
5.356631088515932788e+03 9.879749298000000124e-01
5.361631088515932788e+03 9.877563476999999814e-01
5.366631088515932788e+03 9.878295135000000338e-01
5.371631088515932788e+03 9.885783385999999950e-01
5.376631088515932788e+03 9.893799590999999838e-01
5.381631088515932788e+03 9.903676605000000244e-01
5.386631088515932788e+03 9.913966370000000250e-01
5.391631088515932788e+03 9.923118590999999711e-01
5.396631088515932788e+03 9.928330230999999895e-01
5.401631088515932788e+03 9.928901672000001177e-01
5.406631088515932788e+03 9.926755523999999387e-01
5.411631088515932788e+03 9.919459534000000245e-01
5.416631088515932788e+03 9.911251067999999886e-01
5.421631088515932788e+03 9.902925109999999309e-01
5.426631088515932788e+03 9.894233703999999463e-01
5.431631088515932788e+03 9.887518310999999782e-01
5.436631088515932788e+03 9.884484863000000399e-01
5.441631088515932788e+03 9.883954620000000579e-01
5.446631088515932788e+03 9.888557434000000423e-01
5.451631088515932788e+03 9.893849944999999479e-01
5.456631088515932788e+03 9.900849915000000667e-01
5.461631088515932788e+03 9.904896544999999275e-01
5.466631088515932788e+03 9.906285095000000318e-01
5.471631088515932788e+03 9.892764282000000575e-01
5.476631088515932788e+03 9.863555907999999040e-01
5.481631088515932788e+03 9.792634583000000559e-01
5.486631088515932788e+03 9.653027344000000287e-01
5.491631088515932788e+03 9.410374450999999807e-01
5.496631088515932788e+03 9.016783904999999821e-01
5.501631088515932788e+03 8.426250457999999721e-01
5.506631088515932788e+03 7.675500487999999955e-01
5.511631088515932788e+03 6.774462128000000583e-01
5.516631088515932788e+03 5.775436782999999741e-01
5.521631088515932788e+03 4.787779617000000321e-01
5.526631088515932788e+03 3.856450653000000339e-01
5.531631088515932788e+03 3.045644760000000284e-01
5.536631088515932788e+03 2.364210129000000049e-01
5.541631088515932788e+03 1.815815926000000080e-01
5.546631088515932788e+03 1.387680054000000052e-01
5.551631088515932788e+03 1.050260448000000096e-01
5.556631088515932788e+03 7.975100039999999391e-02
5.561631088515932788e+03 6.047500134000000083e-02
5.566631088515932788e+03 4.551731110000000607e-02
5.571631088515932788e+03 3.468655824999999915e-02
5.576631088515932788e+03 2.651032924999999901e-02
5.581631088515932788e+03 2.038546800999999770e-02
5.586631088515932788e+03 1.589603662000000153e-02
5.591631088515932788e+03 1.253291726000000002e-02
5.596631088515932788e+03 1.004168986999999860e-02
5.601631088515932788e+03 8.143967986000000617e-03
5.606631088515932788e+03 6.680036782999999347e-03
5.611631088515932788e+03 5.525492429999999920e-03
5.616631088515932788e+03 4.556539953000000170e-03
5.621631088515932788e+03 3.761284649000000164e-03
5.626631088515932788e+03 3.074184358000000075e-03
5.631631088515932788e+03 2.480797917000000102e-03
5.636631088515932788e+03 1.994020045000000248e-03
5.641631088515932788e+03 1.577627658999999818e-03
5.646631088515932788e+03 1.242612748999999970e-03
5.651631088515932788e+03 9.785100072999999409e-04
5.656631088515932788e+03 7.687298208000000214e-04
5.661631088515932788e+03 6.159918754999999489e-04
5.666631088515932788e+03 4.963808878999999849e-04
5.671631088515932788e+03 4.126996547000000379e-04
5.676631088515932788e+03 3.505966812000000017e-04
5.681631088515932788e+03 3.055107406999999723e-04
5.686631088515932788e+03 2.730671315999999875e-04
5.691631088515932788e+03 2.551723084999999759e-04
5.696631088515932788e+03 2.380511164999999968e-04
5.701631088515932788e+03 2.292086183999999952e-04
5.706631088515932788e+03 2.217010409000000045e-04
5.711631088515932788e+03 2.116667106999999925e-04
5.716631088515932788e+03 2.008527889999999990e-04
5.721631088515932788e+03 1.823115163000000097e-04
5.726631088515932788e+03 1.597821712000000003e-04
5.731631088515932788e+03 1.311884074999999895e-04
5.736631088515932788e+03 1.058171409999999991e-04
5.741631088515932788e+03 7.921215146999999472e-05
5.746631088515932788e+03 6.487387231999999348e-05
5.751631088515932788e+03 4.462969955000000176e-05
5.756631088515932788e+03 3.782335202999999925e-05
5.761631088515932788e+03 3.005030797999999812e-05
5.766631088515932788e+03 2.399188465999999793e-05
5.771631088515932788e+03 2.029372844999999731e-05
5.776631088515932788e+03 1.720551867000000087e-05
5.781631088515932788e+03 1.566480030000000102e-05
5.786631088515932788e+03 1.401916146000000161e-05
5.791631088515932788e+03 1.535143587000000083e-05
5.796631088515932788e+03 1.562401535999999964e-05
5.801631088515932788e+03 1.370181097000000045e-05
5.806631088515932788e+03 1.778512144999999986e-05
5.811631088515932788e+03 1.765034744000000037e-05
5.816631088515932788e+03 2.175948582999999857e-05
5.821631088515932788e+03 2.252814825999999881e-05
5.826631088515932788e+03 2.277978462999999696e-05
5.831631088515932788e+03 2.186400350000000233e-05
5.836631088515932788e+03 2.225759205999999887e-05
5.841631088515932788e+03 1.793568254999999966e-05
5.846631088515932788e+03 1.476737902999999895e-05
5.851631088515932788e+03 1.264490186999999921e-05
5.856631088515932788e+03 1.160308835000000022e-05
5.861631088515932788e+03 8.033103658999999198e-06
5.866631088515932788e+03 6.727929576000000130e-06
5.871631088515932788e+03 5.288647371000000488e-06
5.876631088515932788e+03 5.958124529999999589e-06
5.881631088515932788e+03 4.916081671000000356e-06
5.886631088515932788e+03 4.751361847999999613e-06
5.891631088515932788e+03 3.901812887999999805e-06
5.896631088515932788e+03 3.130677505000000399e-06
5.901631088515932788e+03 5.160107975999999230e-06
5.906631088515932788e+03 5.891778274000000668e-06
5.911631088515932788e+03 4.684005979999999631e-06
5.916631088515932788e+03 4.230881459000000201e-06
5.921631088515932788e+03 6.062864558999999877e-06
5.926631088515932788e+03 4.365665372000000572e-06
5.931631088515932788e+03 7.461137720000000054e-06
5.936631088515932788e+03 6.105683277999999527e-06
5.941631088515932788e+03 7.176823564999999451e-06
5.946631088515932788e+03 6.479590083000000316e-06
5.951631088515932788e+03 7.052431464999999704e-06
5.956631088515932788e+03 3.652143640999999958e-06
5.961631088515932788e+03 4.821224137999999786e-06
5.966631088515932788e+03 1.860871852999999906e-06
5.971631088515932788e+03 3.790195624000000370e-06
5.976631088515932788e+03 4.522736125999999882e-06
5.981631088515932788e+03 3.613756270999999901e-06
5.986631088515932788e+03 2.712864953000000134e-06
5.991631088515932788e+03 2.786263940000000386e-06
5.996631088515932788e+03 3.209251736000000177e-06
6.001631088515932788e+03 4.480819334000000408e-06
6.006631088515932788e+03 4.713898234000000037e-06
6.011631088515932788e+03 4.255642706999999558e-06
6.016631088515932788e+03 4.576938808999999816e-06
6.021631088515932788e+03 4.869433178000000201e-06
6.026631088515932788e+03 4.746526829000000018e-06
6.031631088515932788e+03 3.705793350999999866e-06
6.036631088515932788e+03 3.255234915000000319e-06
6.041631088515932788e+03 4.766453349000000093e-06
6.046631088515932788e+03 4.457688192000000054e-06
6.051631088515932788e+03 2.545712341000000230e-06
6.056631088515932788e+03 1.563161495000000105e-06
6.061631088515932788e+03 2.378725912000000172e-06
6.066631088515932788e+03 1.968928408999999935e-06
6.071631088515932788e+03 4.159107339000000172e-06
6.076631088515932788e+03 3.956697473999999685e-06
6.081631088515932788e+03 2.483231364999999957e-06
6.086631088515932788e+03 2.031214972000000237e-06
6.091631088515932788e+03 1.878994953999999831e-06
6.096631088515932788e+03 3.030600783000000239e-06
6.101631088515932788e+03 3.308657033000000072e-06
6.106631088515932788e+03 3.527207008999999782e-06
6.111631088515932788e+03 6.439199204999999666e-06
6.116631088515932788e+03 3.987452947000000037e-06
6.121631088515932788e+03 3.477085555999999830e-06
6.126631088515932788e+03 2.430638706000000083e-06
6.131631088515932788e+03 2.021788240999999867e-06
6.136631088515932788e+03 1.551877211999999836e-06
6.141631088515932788e+03 2.041747211000000129e-06
6.146631088515932788e+03 8.179999999999999397e-07
6.151631088515932788e+03 1.206894158000000025e-06
6.156631088515932788e+03 2.069999999999999875e-07
6.161631088515932788e+03 1.554144982999999883e-06
6.166631088515932788e+03 2.230104436999999940e-06
6.171631088515932788e+03 1.590355678000000000e-06
6.176631088515932788e+03 1.510161674000000055e-06
6.181631088515932788e+03 5.020000000000000218e-07
6.186631088515932788e+03 2.754660381000000242e-06
6.191631088515932788e+03 3.233382013000000115e-06
6.196631088515932788e+03 1.113749676999999917e-06
6.201631088515932788e+03 3.024385951000000180e-06
6.206631088515932788e+03 1.703695306999999906e-06
6.211631088515932788e+03 1.660663256000000160e-06
6.216631088515932788e+03 2.142836602000000051e-06
6.221631088515932788e+03 4.500811920000000215e-06
6.226631088515932788e+03 1.523721729999999964e-06
6.231631088515932788e+03 2.207248763000000193e-06
6.236631088515932788e+03 9.729999999999998321e-07
6.241631088515932788e+03 1.394045976000000033e-06
6.246631088515932788e+03 3.716077189999999932e-06
6.251631088515932788e+03 2.702710335000000301e-06
6.256631088515932788e+03 2.203924668999999789e-06
6.261631088515932788e+03 5.238504963999999700e-06
6.266631088515932788e+03 3.456684353000000180e-06
6.271631088515932788e+03 4.349117226000000019e-06
6.276631088515932788e+03 2.070116607000000090e-06
6.281631088515932788e+03 6.119999999999999215e-07
6.286631088515932788e+03 1.693655504000000142e-06
6.291631088515932788e+03 2.778545894999999888e-06
6.296631088515932788e+03 3.909537626999999810e-06
6.301631088515932788e+03 7.850000000000000015e-07
6.306631088515932788e+03 3.059143783000000179e-06
6.311631088515932788e+03 1.946778648000000197e-06
6.316631088515932788e+03 1.276057155000000062e-06
6.321631088515932788e+03 2.261485351000000192e-06
6.326631088515932788e+03 2.300017222000000006e-06
6.331631088515932788e+03 2.906788723000000130e-06
6.336631088515932788e+03 2.372386224999999836e-06
6.341631088515932788e+03 2.394745969999999807e-06
6.346631088515932788e+03 2.155594701999999793e-06
6.351631088515932788e+03 -5.749999999999999872e-08
6.356631088515932788e+03 4.971903982000000037e-06
6.361631088515932788e+03 7.550000000000000770e-07
6.366631088515932788e+03 1.387367956000000065e-06
6.371631088515932788e+03 2.610493683999999783e-06
6.376631088515932788e+03 3.743460984000000166e-06
6.381631088515932788e+03 2.535599924000000062e-06
6.386631088515932788e+03 1.493944291999999948e-06
6.391631088515932788e+03 3.702469402999999780e-06
6.396631088515932788e+03 4.172109475000000003e-06
6.401631088515932788e+03 4.317928105999999872e-06
6.406631088515932788e+03 1.897376496000000114e-06
6.411631088515932788e+03 5.297780153000000657e-06
6.416631088515932788e+03 2.197376888999999832e-06
6.421631088515932788e+03 2.065107255000000095e-06
6.426631088515932788e+03 3.400364948999999890e-06
6.431631088515932788e+03 1.992008473999999766e-06
6.436631088515932788e+03 2.515997039000000089e-06
6.441631088515932788e+03 1.121623281999999949e-06
6.446631088515932788e+03 2.002913970999999879e-06
6.451631088515932788e+03 2.610225347000000162e-06
6.456631088515932788e+03 1.058848064999999898e-06
6.461631088515932788e+03 1.547056308000000091e-06
6.466631088515932788e+03 7.080000000000000400e-07
6.471631088515932788e+03 1.891407737000000017e-06
6.476631088515932788e+03 1.167332011000000000e-06
6.481631088515932788e+03 1.977206702999999748e-06
6.486631088515932788e+03 4.610000000000000120e-07
6.491631088515932788e+03 1.644538423999999929e-06
6.496631088515932788e+03 2.554589299999999797e-06
6.501631088515932788e+03 2.131279180000000106e-06
6.506631088515932788e+03 2.023965208000000019e-06
6.511631088515932788e+03 2.057132224000000178e-06
6.516631088515932788e+03 1.805933425000000167e-06
6.521631088515932788e+03 1.258126575999999918e-06
6.526631088515932788e+03 1.611074986000000021e-06
6.531631088515932788e+03 2.610604861000000207e-06
6.536631088515932788e+03 2.124332531999999991e-06
6.541631088515932788e+03 1.266932376999999917e-06
6.546631088515932788e+03 3.416911931999999930e-06
6.551631088515932788e+03 2.683326310999999622e-06
6.556631088515932788e+03 4.910000000000000424e-07
6.561631088515932788e+03 6.420000000000000578e-07
6.566631088515932788e+03 1.032555156000000034e-06
6.571631088515932788e+03 1.290869985999999967e-06
6.576631088515932788e+03 1.105932678999999928e-06
6.581631088515932788e+03 2.221783216000000158e-06
6.586631088515932788e+03 7.910000000000000288e-07
6.591631088515932788e+03 1.531682065000000147e-06
6.596631088515932788e+03 1.728575006999999925e-06
6.601631088515932788e+03 3.042694880000000170e-06
6.606631088515932788e+03 8.320000000000000386e-07
6.611631088515932788e+03 1.695323007999999916e-06
6.616631088515932788e+03 3.763940475999999947e-06
6.621631088515932788e+03 1.795435674000000019e-06
6.626631088515932788e+03 3.069195955000000025e-06
6.631631088515932788e+03 2.140967990000000054e-06
6.636631088515932788e+03 4.500000000000000326e-07
6.641631088515932788e+03 2.335153112999999747e-06
6.646631088515932788e+03 1.412659476000000003e-06
6.651631088515932788e+03 7.889999999999999844e-07
6.656631088515932788e+03 1.087606651999999961e-06
6.661631088515932788e+03 4.157639049999999788e-06
6.666631088515932788e+03 1.623056742000000175e-06
6.671631088515932788e+03 4.596835933999999882e-06
6.676631088515932788e+03 -8.960000000000000823e-08
6.681631088515932788e+03 3.456668346000000031e-06
6.686631088515932788e+03 2.861481626000000099e-06
6.691631088515932788e+03 7.859999999999999708e-07
6.696631088515932788e+03 4.362204054000000020e-06
6.701631088515932788e+03 1.448918774000000139e-06
6.706631088515932788e+03 1.944199320999999925e-06
6.711631088515932788e+03 2.842826652000000242e-06
6.716631088515932788e+03 2.023423731000000190e-06
6.721631088515932788e+03 1.587705773999999832e-06
6.726631088515932788e+03 2.422676042999999714e-06
6.731631088515932788e+03 1.331439125000000019e-06
6.736631088515932788e+03 5.059999999999999649e-08
6.741631088515932788e+03 1.294367103000000042e-06
6.746631088515932788e+03 1.338058209999999971e-06
6.751631088515932788e+03 1.345688652000000009e-06
6.756631088515932788e+03 3.581089550000000320e-06
6.761631088515932788e+03 1.297376875000000140e-06
6.766631088515932788e+03 2.779393981000000103e-06
6.771631088515932788e+03 2.718943869999999606e-06
6.776631088515932788e+03 1.756457350000000121e-06
6.781631088515932788e+03 1.110000000000000013e-07
6.786631088515932788e+03 1.818896999000000087e-06
6.791631088515932788e+03 1.531714079000000022e-06
6.796631088515932788e+03 1.743965258000000128e-06
6.801631088515932788e+03 3.266510030000000154e-06
6.806631088515932788e+03 2.977403054999999825e-06
6.811631088515932788e+03 4.540000000000000155e-07
6.816631088515932788e+03 3.519829769999999947e-06
6.821631088515932788e+03 2.116308023999999849e-06
6.826631088515932788e+03 1.679999999999999956e-07
6.831631088515932788e+03 1.549836743000000163e-06
6.836631088515932788e+03 2.572156955000000361e-06
6.841631088515932788e+03 4.470000000000000189e-07
6.846631088515932788e+03 4.620985709999999508e-06
6.851631088515932788e+03 2.451257897000000201e-06
6.856631088515932788e+03 7.660000000000000564e-07
6.861631088515932788e+03 1.498094061000000057e-06
6.866631088515932788e+03 2.009873277999999858e-06
6.871631088515932788e+03 -9.220000000000000239e-07
6.876631088515932788e+03 3.595196176000000004e-06
6.881631088515932788e+03 4.660000000000000170e-07
6.886631088515932788e+03 1.578976517000000092e-06
6.891631088515932788e+03 2.307059476000000283e-06
6.896631088515932788e+03 3.669999999999999908e-07
6.901631088515932788e+03 9.600000000000001260e-07
6.906631088515932788e+03 3.084873605999999649e-06
6.911631088515932788e+03 2.587245834999999910e-06
6.916631088515932788e+03 3.097582958000000011e-06
6.921631088515932788e+03 1.570958411000000092e-06
6.926631088515932788e+03 3.080000000000000581e-07
6.931631088515932788e+03 4.739999999999999828e-07
6.936631088515932788e+03 2.342107764000000200e-06
6.941631088515932788e+03 1.610149920000000082e-06
6.946631088515932788e+03 2.019072707999999963e-06
6.951631088515932788e+03 2.000000000000000174e-07
6.956631088515932788e+03 2.889043826000000155e-06
6.961631088515932788e+03 5.420000000000000623e-07
6.966631088515932788e+03 3.517349250999999805e-06
6.971631088515932788e+03 4.795980639999999558e-06
6.976631088515932788e+03 -1.546506100999999934e-06
6.981631088515932788e+03 1.803997002000000144e-06
6.986631088515932788e+03 1.779999999999999792e-07
6.991631088515932788e+03 -5.649999999999999903e-07
6.996631088515932788e+03 3.170965355999999908e-06
7.001631088515932788e+03 2.443454577999999751e-06
7.006631088515932788e+03 1.549416192999999915e-06
7.011631088515932788e+03 2.544581948000000329e-06
7.016631088515932788e+03 1.616330845999999967e-06
7.021631088515932788e+03 2.869478194000000109e-06
7.026631088515932788e+03 5.300000000000000078e-07
7.031631088515932788e+03 4.624146967999999607e-06
7.036631088515932788e+03 1.980178640000000136e-06
7.041631088515932788e+03 7.299999999999999987e-07
7.046631088515932788e+03 -3.819999999999999795e-08
7.051631088515932788e+03 2.153788228000000102e-06
7.056631088515932788e+03 1.741586747999999976e-06
7.061631088515932788e+03 6.570000000000000200e-07
7.066631088515932788e+03 4.519840294999999647e-06
7.071631088515932788e+03 1.690560021000000095e-06
7.076631088515932788e+03 1.681722351000000005e-06
7.081631088515932788e+03 1.028127371999999925e-06
7.086631088515932788e+03 1.768581569000000052e-06
7.091631088515932788e+03 1.189890536000000008e-06
7.096631088515932788e+03 3.705158597000000171e-06
7.101631088515932788e+03 3.893614048000000433e-06
7.106631088515932788e+03 2.811729500999999876e-06
7.111631088515932788e+03 2.442905678999999892e-06
7.116631088515932788e+03 1.446233800000000021e-06
7.121631088515932788e+03 2.785873366999999929e-06
7.126631088515932788e+03 1.520562945999999945e-06
7.131631088515932788e+03 1.469999999999999928e-08
7.136631088515932788e+03 3.551906557000000209e-06
7.141631088515932788e+03 1.923393866000000067e-06
7.146631088515932788e+03 3.274262416999999654e-06
7.151631088515932788e+03 4.370765528000000039e-06
7.156631088515932788e+03 4.036382597000000305e-06
7.161631088515932788e+03 3.163807269000000104e-06
7.166631088515932788e+03 -2.529999999999999825e-08
7.171631088515932788e+03 2.724266669000000015e-06
7.176631088515932788e+03 3.269048175000000328e-06
7.181631088515932788e+03 1.807689258999999968e-06
7.186631088515932788e+03 1.506976986999999988e-06
7.191631088515932788e+03 2.872503246000000154e-06
7.196631088515932788e+03 1.105032279000000104e-06
7.201631088515932788e+03 -1.470000000000000061e-07
7.206631088515932788e+03 4.125024716000000611e-06
7.211631088515932788e+03 1.703000743999999777e-06
7.216631088515932788e+03 1.216245073000000023e-06
7.221631088515932788e+03 2.250654652000000146e-06
7.226631088515932788e+03 1.513912430000000009e-06
7.231631088515932788e+03 1.300356817000000026e-06
7.236631088515932788e+03 1.470257120999999917e-06
7.241631088515932788e+03 1.573806511999999982e-06
7.246631088515932788e+03 4.226867458999999938e-06
7.251631088515932788e+03 1.447242538999999927e-06
7.256631088515932788e+03 1.857405295999999937e-06
7.261631088515932788e+03 1.723014865999999779e-06
7.266631088515932788e+03 1.607474405000000078e-06
7.271631088515932788e+03 3.172751748999999705e-06
7.276631088515932788e+03 2.332622825999999914e-06
7.281631088515932788e+03 1.848309039000000020e-06
7.286631088515932788e+03 2.250819234000000220e-06
7.291631088515932788e+03 2.117687981999999885e-06
7.296631088515932788e+03 2.981823054000000386e-06
7.301631088515932788e+03 1.910000000000000030e-07
7.306631088515932788e+03 2.925528970000000041e-06
7.311631088515932788e+03 2.131094079000000033e-06
7.316631088515932788e+03 7.369999999999999952e-07
7.321631088515932788e+03 -1.239999999999999986e-07
7.326631088515932788e+03 3.685086849000000136e-06
7.331631088515932788e+03 -9.159999999999999967e-08
7.336631088515932788e+03 -7.550000000000000770e-07
7.341631088515932788e+03 1.841408520999999952e-06
7.346631088515932788e+03 1.164610585000000002e-06
7.351631088515932788e+03 3.105451760000000089e-06
7.356631088515932788e+03 5.430000000000000315e-07
7.361631088515932788e+03 1.809999999999999929e-07
7.366631088515932788e+03 9.210000000000000547e-07
7.371631088515932788e+03 9.640000000000000030e-07
7.376631088515932788e+03 6.060000000000000001e-07
7.381631088515932788e+03 2.286041562999999901e-06
7.386631088515932788e+03 3.479999999999999927e-07
7.391631088515932788e+03 1.418637985000000105e-06
7.396631088515932788e+03 1.039263589000000105e-06
7.401631088515932788e+03 1.889999999999999851e-07
7.406631088515932788e+03 4.713914822999999968e-06
7.411631088515932788e+03 1.560641394000000164e-06
7.416631088515932788e+03 1.533268950999999918e-06
7.421631088515932788e+03 1.514476025000000026e-06
7.426631088515932788e+03 3.319999999999999950e-08
7.431631088515932788e+03 1.397484448000000085e-06
7.436631088515932788e+03 2.494399960000000062e-06
7.441631088515932788e+03 -2.440000000000000144e-07
7.446631088515932788e+03 5.124106537999999568e-06
7.451631088515932788e+03 3.244147228999999685e-06
7.456631088515932788e+03 2.874259370999999846e-06
7.461631088515932788e+03 2.484622527999999876e-06
7.466631088515932788e+03 3.658068307999999989e-06
7.471631088515932788e+03 3.216259064999999654e-06
7.476631088515932788e+03 4.093447932999999765e-06
7.481631088515932788e+03 2.531124045999999982e-06
7.486631088515932788e+03 -4.579999999999999983e-07
7.491631088515932788e+03 5.239578313000000197e-06
7.496631088515932788e+03 1.581635878999999841e-06
7.501631088515932788e+03 2.965522872000000196e-06
7.506631088515932788e+03 5.897643276999999415e-06
7.511631088515932788e+03 3.070792881999999692e-06
7.516631088515932788e+03 3.166247334000000248e-06
7.521631088515932788e+03 2.251106489000000067e-06
7.526631088515932788e+03 2.800000000000000191e-07
7.531631088515932788e+03 1.499654172000000005e-06
7.536631088515932788e+03 2.485672302999999774e-06
7.541631088515932788e+03 2.728832769000000209e-06
7.546631088515932788e+03 3.561862394999999794e-06
7.551631088515932788e+03 1.997421641000000184e-06
7.556631088515932788e+03 1.933687162999999925e-06
7.561631088515932788e+03 4.739999999999999828e-07
7.566631088515932788e+03 1.194694923000000083e-06
7.571631088515932788e+03 9.069999999999999558e-07
7.576631088515932788e+03 1.809999999999999929e-07
7.581631088515932788e+03 2.789674035999999995e-06
7.586631088515932788e+03 2.625595662000000046e-06
7.591631088515932788e+03 1.783119078000000092e-06
7.596631088515932788e+03 3.200632636000000126e-06
7.601631088515932788e+03 2.764482051000000177e-06
7.606631088515932788e+03 2.339915227000000108e-06
7.611631088515932788e+03 1.336971471999999927e-06
7.616631088515932788e+03 9.309999999999999589e-07
7.621631088515932788e+03 3.488005313999999899e-06
7.626631088515932788e+03 -7.380000000000000704e-07
7.631631088515932788e+03 1.437254540999999938e-06
7.636631088515932788e+03 2.707951062000000304e-06
7.641631088515932788e+03 1.373298291999999994e-06
7.646631088515932788e+03 -1.559999999999999940e-07
7.651631088515932788e+03 1.532488967999999942e-06
7.656631088515932788e+03 2.921050472999999672e-06
7.661631088515932788e+03 -2.460311225000000353e-06
7.666631088515932788e+03 2.710919944000000093e-06
7.671631088515932788e+03 5.459999999999999393e-07
7.676631088515932788e+03 8.830000000000000585e-07
7.681631088515932788e+03 1.602265984000000163e-06
7.686631088515932788e+03 1.599490205999999938e-06
7.691631088515932788e+03 3.660150396000000181e-06
7.696631088515932788e+03 1.151941760000000009e-06
7.701631088515932788e+03 1.788712688999999888e-06
7.706631088515932788e+03 1.851210254000000092e-06
7.711631088515932788e+03 2.219976450000000255e-06
7.716631088515932788e+03 -1.378239685000000060e-06
7.721631088515932788e+03 5.160982836999999692e-06
7.726631088515932788e+03 2.175951086000000233e-06
7.731631088515932788e+03 2.035684301999999857e-06
7.736631088515932788e+03 1.725267501999999875e-06
7.741631088515932788e+03 1.004969672000000007e-06
7.746631088515932788e+03 1.278674026000000153e-06
7.751631088515932788e+03 1.396489097000000040e-06
7.756631088515932788e+03 7.629999999999999369e-07
7.761631088515932788e+03 1.025832826000000055e-06
7.766631088515932788e+03 1.530372974000000000e-06
7.771631088515932788e+03 2.117479162000000063e-06
7.776631088515932788e+03 2.410396555000000140e-06
7.781631088515932788e+03 2.892766205999999666e-06
7.786631088515932788e+03 3.878505959000000343e-06
7.791631088515932788e+03 3.882942546999999988e-06
7.796631088515932788e+03 2.666890505000000006e-06
7.801631088515932788e+03 4.343308682999999828e-06
7.806631088515932788e+03 5.734264269000000183e-06
7.811631088515932788e+03 7.203343557000000483e-06
7.816631088515932788e+03 4.959406214999999681e-06
7.821631088515932788e+03 4.220799019000000249e-06
7.826631088515932788e+03 3.278498189000000136e-06
7.831631088515932788e+03 3.346109878999999551e-06
7.836631088515932788e+03 3.433842502999999758e-06
7.841631088515932788e+03 4.539761866999999985e-06
7.846631088515932788e+03 6.598914041999999522e-06
7.851631088515932788e+03 3.384769661000000140e-06
7.856631088515932788e+03 3.759295213999999950e-06
7.861631088515932788e+03 6.262243842000000375e-06
7.866631088515932788e+03 3.167976682999999796e-06
7.871631088515932788e+03 1.930207653999999772e-06
7.876631088515932788e+03 1.854612491999999996e-06
7.881631088515932788e+03 2.739762712999999747e-06
7.886631088515932788e+03 1.787237997999999999e-06
7.891631088515932788e+03 4.675911914000000219e-06
7.896631088515932788e+03 3.150290576999999738e-06
7.901631088515932788e+03 3.125016519000000039e-06
7.906631088515932788e+03 4.178828967000000274e-06
7.911631088515932788e+03 3.352400962999999657e-06
7.916631088515932788e+03 3.574455332000000001e-06
7.921631088515932788e+03 9.739999999999999072e-07
7.926631088515932788e+03 4.318674327999999883e-06
7.931631088515932788e+03 1.836080337000000019e-06
7.936631088515932788e+03 1.417246675999999869e-06
7.941631088515932788e+03 3.264025145000000056e-06
7.946631088515932788e+03 2.955943345999999840e-06
7.951631088515932788e+03 1.809999999999999929e-07
7.956631088515932788e+03 3.957852604999999749e-06
7.961631088515932788e+03 2.225302451000000210e-06
7.966631088515932788e+03 3.407310578000000014e-06
7.971631088515932788e+03 1.940514048000000023e-06
7.976631088515932788e+03 2.450110333000000163e-06
7.981631088515932788e+03 1.489413989000000118e-06
7.986631088515932788e+03 2.433939953000000090e-06
7.991631088515932788e+03 2.703439676999999642e-06
7.996631088515932788e+03 4.742566089000000255e-06
8.001631088515932788e+03 3.141423222000000281e-06
8.006631088515932788e+03 3.767949819999999838e-06
8.011631088515932788e+03 2.939863188999999778e-06
8.016631088515932788e+03 4.139999999999999749e-07
8.021631088515932788e+03 3.146007948000000066e-06
8.026631088515932788e+03 4.621591943000000034e-06
8.031631088515932788e+03 1.932777667999999825e-06
8.036631088515932788e+03 2.395777992000000210e-06
8.041631088515932788e+03 1.063078015999999911e-06
8.046631088515932788e+03 2.370166767000000026e-06
8.051631088515932788e+03 2.234616403999999960e-06
8.056631088515932788e+03 9.810000000000000096e-07
8.061631088515932788e+03 1.930492143999999860e-06
8.066631088515932788e+03 2.679422905000000103e-06
8.071631088515932788e+03 2.651963441000000026e-06
8.076631088515932788e+03 5.196633283000000070e-06
8.081631088515932788e+03 2.788730199000000045e-06
8.086631088515932788e+03 5.553012015000000095e-06
8.091631088515932788e+03 4.970415612000000184e-06
8.096631088515932788e+03 5.525304587000000080e-06
8.101631088515932788e+03 8.218872826999999994e-06
8.106631088515932788e+03 1.031293301000000092e-05
8.111631088515932788e+03 1.170702045999999999e-05
8.116631088515932788e+03 1.053556800000000036e-05
8.121631088515932788e+03 1.217233016999999945e-05
8.126631088515932788e+03 1.377510256000000044e-05
8.131631088515932788e+03 1.349548575999999896e-05
8.136631088515932788e+03 1.561827724999999861e-05
8.141631088515932788e+03 1.799958409000000095e-05
8.146631088515932788e+03 1.565206329999999904e-05
8.151631088515932788e+03 1.476397854000000009e-05
8.156631088515932788e+03 1.731775584999999763e-05
8.161631088515932788e+03 1.621764152999999835e-05
8.166631088515932788e+03 1.831845613000000162e-05
8.171631088515932788e+03 1.870143926000000244e-05
8.176631088515932788e+03 1.936932093999999951e-05
8.181631088515932788e+03 1.873890520000000135e-05
8.186631088515932788e+03 1.994875026999999972e-05
8.191631088515932788e+03 1.806975342000000190e-05
8.196631088515932788e+03 1.855475944000000089e-05
8.201631088515932788e+03 1.811484572999999857e-05
8.206631088515932788e+03 1.993107376999999914e-05
8.211631088515932788e+03 2.007514471000000175e-05
8.216631088515932788e+03 2.013459103000000017e-05
8.221631088515932788e+03 1.708639669000000007e-05
8.226631088515932788e+03 1.861753641000000062e-05
8.231631088515932788e+03 1.617135828999999913e-05
8.236631088515932788e+03 1.582886208999999798e-05
8.241631088515932788e+03 1.582401805000000134e-05
8.246631088515932788e+03 1.419436418999999906e-05
8.251631088515932788e+03 1.424312940999999980e-05
8.256631088515932788e+03 1.482484745999999971e-05
8.261631088515932788e+03 1.321343704999999992e-05
8.266631088515932788e+03 1.186623586999999903e-05
8.271631088515932788e+03 1.095742335999999951e-05
8.276631088515932788e+03 9.674675529999999846e-06
8.281631088515932788e+03 1.238864730000000033e-05
8.286631088515932788e+03 8.674555575000000236e-06
8.291631088515932788e+03 7.788248476999999804e-06
8.296631088515932788e+03 8.747269166999999734e-06
8.301631088515932788e+03 5.627573118999999707e-06
8.306631088515932788e+03 7.252974901000000172e-06
8.311631088515932788e+03 6.463398457999999939e-06
8.316631088515932788e+03 4.228796170000000362e-06
8.321631088515932788e+03 6.992087001000000111e-06
8.326631088515932788e+03 6.366680027000000037e-06
8.331631088515932788e+03 8.030733443000001180e-06
8.336631088515932788e+03 4.246375756000000266e-06
8.341631088515932788e+03 3.944503842000000269e-06
8.346631088515932788e+03 5.098124965999999664e-06
8.351631088515932788e+03 4.935171455000000096e-06
8.356631088515932788e+03 4.809111997000000469e-06
8.361631088515932788e+03 4.624177527000000028e-06
8.366631088515932788e+03 3.267460851999999925e-06
8.371631088515932788e+03 4.055420868000000059e-06
8.376631088515932788e+03 4.762313329000000514e-06
8.381631088515932788e+03 3.291233151999999911e-06
8.386631088515932788e+03 4.095658951000000299e-06
8.391631088515932788e+03 4.714478564000000092e-06
8.396631088515932788e+03 2.222261682999999906e-06
8.401631088515932788e+03 7.825915235999999687e-06
8.406631088515932788e+03 4.633041389999999947e-06
8.411631088515932788e+03 4.501871007999999909e-06
8.416631088515932788e+03 3.856449330000000050e-06
8.421631088515932788e+03 4.881253407999999721e-06
8.426631088515932788e+03 5.297436727999999705e-06
8.431631088515932788e+03 3.893693210999999711e-06
8.436631088515932788e+03 4.067176196000000257e-06
8.441631088515932788e+03 3.760533873000000197e-06
8.446631088515932788e+03 4.982150857999999745e-06
8.451631088515932788e+03 5.183070316000000719e-06
8.456631088515932788e+03 5.201976746000000476e-06
8.461631088515932788e+03 4.985710838999999584e-06
8.466631088515932788e+03 5.193485413000000678e-06
8.471631088515932788e+03 6.965301000000000280e-06
8.476631088515932788e+03 6.419849233000000113e-06
8.481631088515932788e+03 7.468510884999999298e-06
8.486631088515932788e+03 7.348642684999999977e-06
8.491631088515932788e+03 7.330920779999999973e-06
8.496631088515932788e+03 1.101210364000000133e-05
8.501631088515932788e+03 1.000356161999999951e-05
8.506631088515932788e+03 8.967323228999999978e-06
8.511631088515932788e+03 1.139300874999999978e-05
8.516631088515932788e+03 1.057537039999999978e-05
8.521631088515932788e+03 1.105284317999999980e-05
8.526631088515932788e+03 9.456015540999999276e-06
8.531631088515932788e+03 1.131538535000000140e-05
8.536631088515932788e+03 1.058129361000000013e-05
8.541631088515932788e+03 1.319774309999999993e-05
8.546631088515932788e+03 1.051453408000000068e-05
8.551631088515932788e+03 1.249046414000000088e-05
8.556631088515932788e+03 1.230995404000000087e-05
8.561631088515932788e+03 1.196649856999999938e-05
8.566631088515932788e+03 9.511309326999999524e-06
8.571631088515932788e+03 1.088981981999999980e-05
8.576631088515932788e+03 8.994950913000001255e-06
8.581631088515932788e+03 1.114393816999999949e-05
8.586631088515932788e+03 6.105366628999999991e-06
8.591631088515932788e+03 5.669470411000000019e-06
8.596631088515932788e+03 6.127547239999999617e-06
8.601631088515932788e+03 4.665322193999999868e-06
8.606631088515932788e+03 5.666757352000000832e-06
8.611631088515932788e+03 5.639722221999999907e-06
8.616631088515932788e+03 4.271263606000000414e-06
8.621631088515932788e+03 5.360007635000000200e-06
8.626631088515932788e+03 3.500776656000000031e-06
8.631631088515932788e+03 4.865023948000000058e-06
8.636631088515932788e+03 6.331377080999999404e-06
8.641631088515932788e+03 5.100511480000000687e-06
8.646631088515932788e+03 3.079498420000000106e-06
8.651631088515932788e+03 3.459058643999999957e-06
8.656631088515932788e+03 6.506217177999999910e-06
8.661631088515932788e+03 2.870079187999999736e-06
8.666631088515932788e+03 2.646694192999999584e-06
8.671631088515932788e+03 5.764922826000000069e-06
8.676631088515932788e+03 5.539901322000000450e-06
8.681631088515932788e+03 3.972139092999999878e-06
8.686631088515932788e+03 1.426634262000000012e-06
8.691631088515932788e+03 5.117914407000000012e-06
8.696631088515932788e+03 3.062807664000000408e-06
8.701631088515932788e+03 5.136255640999999768e-06
8.706631088515932788e+03 5.370525178000000146e-06
8.711631088515932788e+03 2.349580609000000197e-06
8.716631088515932788e+03 6.798540125999999447e-06
8.721631088515932788e+03 8.089393376999999164e-06
8.726631088515932788e+03 6.225752876999999808e-06
8.731631088515932788e+03 1.716844998999999883e-06
8.736631088515932788e+03 7.859999999999999708e-07
8.741631088515932788e+03 3.560705517999999960e-06
8.746631088515932788e+03 1.744617474999999960e-06
8.751631088515932788e+03 7.063477532999999929e-06
8.756631088515932788e+03 7.883847574999999268e-06
8.761631088515932788e+03 3.442043962000000267e-06
8.766631088515932788e+03 7.193908677000000728e-06
8.771631088515932788e+03 8.417632779999999573e-06
8.776631088515932788e+03 3.322765115000000379e-06
8.781631088515932788e+03 8.619036524999999384e-06
8.786631088515932788e+03 7.918563788000000230e-06
8.791631088515932788e+03 1.213943585999999856e-05
8.796631088515932788e+03 7.558434736000000139e-06
8.801631088515932788e+03 1.052705571000000088e-05
8.806631088515932788e+03 4.914549645000000537e-06
8.811631088515932788e+03 1.147175789999999933e-05
8.816631088515932788e+03 1.188275521000000076e-05
8.821631088515932788e+03 1.145316170999999842e-05
8.826631088515932788e+03 1.668747048999999851e-05
8.831631088515932788e+03 2.322379732999999889e-05
8.836631088515932788e+03 2.809553873000000368e-05
8.841631088515932788e+03 2.859925152999999922e-05
8.846631088515932788e+03 3.223468316999999876e-05
8.851631088515932788e+03 2.895046490999999918e-05
8.856631088515932788e+03 3.219940932000000118e-05
8.861631088515932788e+03 3.096656640999999918e-05
8.866631088515932788e+03 3.074380569000000041e-05
8.871631088515932788e+03 2.659947843999999721e-05
8.876631088515932788e+03 2.047358779000000076e-05
8.881631088515932788e+03 2.754854970000000089e-05
8.886631088515932788e+03 2.724698278999999895e-05
8.891631088515932788e+03 1.762284780999999795e-05
8.896631088515932788e+03 2.389190718999999993e-05
8.901631088515932788e+03 8.719111792999999986e-06
8.906631088515932788e+03 1.555853289999999884e-05
8.911631088515932788e+03 1.211505267000000074e-05
8.916631088515932788e+03 6.991724367000000312e-06
8.921631088515932788e+03 1.505896100000000098e-05
8.926631088515932788e+03 1.293026493000000100e-05
8.931631088515932788e+03 1.071424456000000055e-05
8.936631088515932788e+03 1.026581740000000047e-05
8.941631088515932788e+03 6.797883542999999870e-06
8.946631088515932788e+03 1.460959087000000082e-05
8.951631088515932788e+03 8.443868719000000302e-06
8.956631088515932788e+03 4.408174427000000084e-06
8.961631088515932788e+03 6.327082519000000596e-06
8.966631088515932788e+03 6.313027698000000687e-06
8.971631088515932788e+03 1.204857602999999895e-05
8.976631088515932788e+03 8.267154917000000064e-06
8.981631088515932788e+03 6.910630618000000272e-06
8.986631088515932788e+03 1.391339813999999840e-05
8.991631088515932788e+03 5.272575654000000125e-06
8.996631088515932788e+03 2.120693446999999670e-05
9.001631088515932788e+03 1.391409430999999938e-05
9.006631088515932788e+03 1.152350232999999964e-06
9.011631088515932788e+03 9.487137431000000127e-06
9.016631088515932788e+03 3.037176502000000006e-06
9.021631088515932788e+03 -4.728784842999999697e-06
9.026631088515932788e+03 8.099999999999999739e-08
9.031631088515932788e+03 1.091634155999999998e-05
9.036631088515932788e+03 1.707931747999999914e-05
9.041631088515932788e+03 1.283151213999999945e-05
9.046631088515932788e+03 1.377127948000000071e-05
9.051631088515932788e+03 1.221875078000000040e-05
9.056631088515932788e+03 2.574450103999999928e-05
9.061631088515932788e+03 6.507085635999999909e-06
9.066631088515932788e+03 1.552319038000000013e-05
9.071631088515932788e+03 1.624645897999999923e-05
9.076631088515932788e+03 2.507891506000000140e-05
9.081631088515932788e+03 3.125735790999999993e-05
9.086631088515932788e+03 3.108281874999999957e-05
9.091631088515932788e+03 4.261071328000000597e-05
9.096631088515932788e+03 4.813255742000000241e-05
9.101631088515932788e+03 6.586896720999999846e-05
9.106631088515932788e+03 8.910570293999999891e-05
9.111631088515932788e+03 1.328190882000000142e-04
9.116631088515932788e+03 1.865052991000000070e-04
9.121631088515932788e+03 2.547846176000000368e-04
9.126631088515932788e+03 3.013195843000000189e-04
9.131631088515932788e+03 2.733373827999999932e-04
9.136631088515932788e+03 1.948999800000000197e-04
9.141631088515932788e+03 1.285438798000000031e-04
9.146631088515932788e+03 9.301918559000000425e-05
9.151631088515932788e+03 6.243487820000000394e-05
9.156631088515932788e+03 4.613207653000000021e-05
9.161631088515932788e+03 4.037762060999999862e-05
9.166631088515932788e+03 2.839478663999999857e-05
9.171631088515932788e+03 3.395068459000000281e-05
9.176631088515932788e+03 2.630614209999999857e-05
9.181631088515932788e+03 2.209507860000000073e-05
9.186631088515932788e+03 1.839139615000000128e-05
9.191631088515932788e+03 2.116425195999999934e-05
9.196631088515932788e+03 1.114328857999999934e-05
9.201631088515932788e+03 9.689218131999999619e-06
9.206631088515932788e+03 9.856641991000000171e-06
9.211631088515932788e+03 1.344121992999999855e-05
9.216631088515932788e+03 1.118276966999999935e-05
9.221631088515932788e+03 1.385128939999999866e-05
9.226631088515932788e+03 1.443756046000000147e-05
9.231631088515932788e+03 1.642153133000000102e-05
9.236631088515932788e+03 1.419036882000000052e-05
9.241631088515932788e+03 1.471418072000000172e-05
9.246631088515932788e+03 1.381846028000000068e-05
9.251631088515932788e+03 3.321737749999999823e-06
9.256631088515932788e+03 1.901728829000000010e-06
9.261631088515932788e+03 1.084680902000000017e-05
9.266631088515932788e+03 1.248217421000000079e-05
9.271631088515932788e+03 1.199228689000000003e-05
9.276631088515932788e+03 1.326734899000000006e-05
9.281631088515932788e+03 7.292493828999999591e-06
9.286631088515932788e+03 -2.890000000000000070e-07
9.291631088515932788e+03 1.235175411999999964e-05
9.296631088515932788e+03 8.595628896999999601e-06
9.301631088515932788e+03 1.037090318000000104e-05
9.306631088515932788e+03 6.234926986999999969e-06
9.311631088515932788e+03 1.286625279999999899e-05
9.316631088515932788e+03 1.684593385999999952e-05
9.321631088515932788e+03 7.082541124000000051e-06
9.326631088515932788e+03 1.384773292000000125e-05
9.331631088515932788e+03 1.130300108000000141e-05
9.336631088515932788e+03 -2.622161119000000164e-06
9.341631088515932788e+03 7.841082987999999893e-06
9.346631088515932788e+03 2.092521871000000116e-05
9.351631088515932788e+03 1.176765420999999971e-05
9.356631088515932788e+03 -1.929581193999999882e-06
9.361631088515932788e+03 1.468777423999999995e-05
9.366631088515932788e+03 1.897744135999999819e-05
9.371631088515932788e+03 3.205052926000000155e-06
9.376631088515932788e+03 1.510371076000000083e-06
9.381631088515932788e+03 1.415592617999999911e-05
9.386631088515932788e+03 1.468734465999999977e-05
9.391631088515932788e+03 1.092163147000000062e-05
9.396631088515932788e+03 8.975169038999999239e-06
9.401631088515932788e+03 1.045842888000000111e-05
9.406631088515932788e+03 9.954044362999998305e-06
9.411631088515932788e+03 5.966587341000000321e-06
9.416631088515932788e+03 1.480525709000000120e-05
9.421631088515932788e+03 2.038396894999999938e-05
9.426631088515932788e+03 2.207452431000000046e-05
9.431631088515932788e+03 3.169967093999999911e-05
9.436631088515932788e+03 2.787068485999999868e-05
9.441631088515932788e+03 2.081991639000000072e-05
9.446631088515932788e+03 3.045352873999999954e-05
9.451631088515932788e+03 3.553539980000000213e-05
9.456631088515932788e+03 2.427914179999999766e-05
9.461631088515932788e+03 3.607194172000000243e-05
9.466631088515932788e+03 3.517551812999999923e-05
9.471631088515932788e+03 4.183876793999999675e-05
9.476631088515932788e+03 5.298585165000000178e-05
9.481631088515932788e+03 6.590897683000000544e-05
9.486631088515932788e+03 7.292055058999999742e-05
9.491631088515932788e+03 8.688762783999999734e-05
9.496631088515932788e+03 8.960398845000000750e-05
9.501631088515932788e+03 1.029734965000000133e-04
9.506631088515932788e+03 1.203171163999999972e-04
9.511631088515932788e+03 1.191103552000000041e-04
9.516631088515932788e+03 1.144447922999999986e-04
9.521631088515932788e+03 1.250938791999999975e-04
9.526631088515932788e+03 1.185844186999999929e-04
9.531631088515932788e+03 1.099083479000000058e-04
9.536631088515932788e+03 9.742409921999999457e-05
9.541631088515932788e+03 9.963394142999999628e-05
9.546631088515932788e+03 8.568095975000000677e-05
9.551631088515932788e+03 7.285795640000000553e-05
9.556631088515932788e+03 5.804728716999999378e-05
9.561631088515932788e+03 6.401559337999999163e-05
9.566631088515932788e+03 5.367735866000000251e-05
9.571631088515932788e+03 4.967655986999999410e-05
9.576631088515932788e+03 4.243959206999999961e-05
9.581631088515932788e+03 3.574840957000000296e-05
9.586631088515932788e+03 3.189145819999999950e-05
9.591631088515932788e+03 3.755262121999999717e-05
9.596631088515932788e+03 2.420106436999999955e-05
9.601631088515932788e+03 3.310864558000000324e-05
9.606631088515932788e+03 2.232457977000000231e-05
9.611631088515932788e+03 3.267212071999999736e-05
9.616631088515932788e+03 2.127006882999999966e-05
9.621631088515932788e+03 2.286668634000000165e-05
9.626631088515932788e+03 2.666642191000000110e-05
9.631631088515932788e+03 2.185821999000000178e-05
9.636631088515932788e+03 2.215976127999999930e-05
9.641631088515932788e+03 1.817294513000000097e-05
9.646631088515932788e+03 1.829680521000000078e-05
9.651631088515932788e+03 1.980783650999999999e-05
9.656631088515932788e+03 1.180102234000000032e-05
9.661631088515932788e+03 1.568917418000000127e-05
9.666631088515932788e+03 2.177405403999999891e-05
9.671631088515932788e+03 1.502005615999999893e-05
9.676631088515932788e+03 2.504073315999999982e-05
9.681631088515932788e+03 2.874305936999999739e-05
9.686631088515932788e+03 6.014078972000000107e-06
9.691631088515932788e+03 1.753632560999999796e-05
9.696631088515932788e+03 1.090773614000000169e-05
9.701631088515932788e+03 9.665664983999998819e-06
9.706631088515932788e+03 1.339048612999999940e-05
9.711631088515932788e+03 9.985512587999999864e-06
9.716631088515932788e+03 2.435742644999999826e-05
9.721631088515932788e+03 3.428584430000000487e-05
9.726631088515932788e+03 1.699199318000000036e-05
9.731631088515932788e+03 1.821104669999999936e-05
9.736631088515932788e+03 1.373114413999999931e-05
9.741631088515932788e+03 2.629236318000000158e-05
9.746631088515932788e+03 2.317304489999999801e-05
9.751631088515932788e+03 2.502540592000000044e-05
9.756631088515932788e+03 2.742895855999999991e-05
9.761631088515932788e+03 1.509132097000000030e-05
9.766631088515932788e+03 3.182007930999999765e-05
9.771631088515932788e+03 2.482698298999999828e-05
9.776631088515932788e+03 1.899129361999999906e-05
9.781631088515932788e+03 2.232145285000000374e-05
9.786631088515932788e+03 1.576869516000000055e-05
9.791631088515932788e+03 2.909594215000000273e-05
9.796631088515932788e+03 1.960576977999999962e-05
9.801631088515932788e+03 7.144190603999999515e-06
9.806631088515932788e+03 2.009721473000000033e-05
9.811631088515932788e+03 3.892626845999999814e-05
9.816631088515932788e+03 2.770447870999999968e-05
9.821631088515932788e+03 1.871882471999999759e-05
9.826631088515932788e+03 2.886234317000000116e-05
9.831631088515932788e+03 2.501941052999999787e-05
9.836631088515932788e+03 2.097083023000000064e-05
9.841631088515932788e+03 3.051013918999999786e-05
9.846631088515932788e+03 2.221361035000000156e-05
9.851631088515932788e+03 3.808430396000000225e-05
9.856631088515932788e+03 2.637361875000000067e-05
9.861631088515932788e+03 1.922694151000000053e-05
9.866631088515932788e+03 2.807924756999999915e-05
9.871631088515932788e+03 3.925532568000000003e-05
9.876631088515932788e+03 2.841746666999999898e-05
9.881631088515932788e+03 2.298919717000000228e-05
9.886631088515932788e+03 2.508420264000000058e-05
9.891631088515932788e+03 3.396826563000000142e-05
9.896631088515932788e+03 3.177385544000000013e-05
9.901631088515932788e+03 3.113094950000000249e-05
9.906631088515932788e+03 2.788247773000000060e-05
9.911631088515932788e+03 3.337925533000000197e-05
9.916631088515932788e+03 2.562894951999999959e-05
9.921631088515932788e+03 2.660148777000000050e-05
9.926631088515932788e+03 2.881079214000000107e-05
9.931631088515932788e+03 2.548381686000000045e-05
9.936631088515932788e+03 1.793991541000000144e-05
9.941631088515932788e+03 1.959261716999999964e-05
9.946631088515932788e+03 2.248130040000000083e-05
9.951631088515932788e+03 2.409136387999999800e-05
9.956631088515932788e+03 1.996979116999999889e-05
9.961631088515932788e+03 2.690328983999999913e-05
9.966631088515932788e+03 1.564908190999999792e-05
9.971631088515932788e+03 1.703841379000000132e-05
9.976631088515932788e+03 1.382503075999999954e-05
9.981631088515932788e+03 2.151374937999999781e-05
9.986631088515932788e+03 1.428718445999999930e-05
9.991631088515932788e+03 1.578729832999999926e-05
9.996631088515932788e+03 1.913183950999999990e-05
1.000163108851593279e+04 6.036291597000000032e-06
1.000663108851593279e+04 5.576548865000000432e-06
1.001163108851593279e+04 2.173210960000000248e-05
1.001663108851593279e+04 1.104051013999999867e-05
1.002163108851593279e+04 1.025828299999999985e-05
1.002663108851593279e+04 1.404596492999999948e-05
1.003163108851593279e+04 2.217347967000000140e-05
1.003663108851593279e+04 6.009287316999999842e-06
1.004163108851593279e+04 7.927139523000001052e-06
1.004663108851593279e+04 1.012285822000000058e-05
1.005163108851593279e+04 1.636295578999999895e-05
1.005663108851593279e+04 1.830255932999999996e-06
1.006163108851593279e+04 1.160709768999999925e-05
1.006663108851593279e+04 1.776219811000000009e-05
1.007163108851593279e+04 1.738811959999999869e-05
1.007663108851593279e+04 1.232230919000000026e-05
1.008163108851593279e+04 1.416925806999999890e-05
1.008663108851593279e+04 6.376864621000000187e-06
1.009163108851593279e+04 9.041528100999999932e-06
1.009663108851593279e+04 2.153238282000000066e-05
1.010163108851593279e+04 1.199265475999999891e-05
1.010663108851593279e+04 7.746118353999999708e-06
1.011163108851593279e+04 2.242208458000000294e-05
1.011663108851593279e+04 1.199999999999999992e-08
1.012163108851593279e+04 1.325189950999999941e-05
1.012663108851593279e+04 1.041550072999999953e-05
1.013163108851593279e+04 7.009309484000000057e-06
1.013663108851593279e+04 1.005581580000000007e-05
1.014163108851593279e+04 1.649813028000000106e-05
1.014663108851593279e+04 1.255552866000000052e-05
1.015163108851593279e+04 6.411161157000000151e-06
1.015663108851593279e+04 1.460892963000000013e-05
1.016163108851593279e+04 1.460448721999999948e-05
1.016663108851593279e+04 1.977359643000000153e-05
1.017163108851593279e+04 1.063538832000000153e-05
1.017663108851593279e+04 2.418774646000000007e-05
1.018163108851593279e+04 2.336067380000000047e-05
1.018663108851593279e+04 1.347154844999999989e-05
1.019163108851593279e+04 8.446720311999999942e-06
1.019663108851593279e+04 1.005535479999999899e-05
1.020163108851593279e+04 1.326576689999999905e-05
1.020663108851593279e+04 1.635637250999999939e-05
1.021163108851593279e+04 9.550486574999999558e-06
1.021663108851593279e+04 1.216821022999999986e-05
1.022163108851593279e+04 1.741847139999999977e-05
1.022663108851593279e+04 1.023566932000000062e-05
1.023163108851593279e+04 2.087796106999999774e-05
1.023663108851593279e+04 9.816237724999999660e-06
1.024163108851593279e+04 2.303701592999999812e-05
1.024663108851593279e+04 2.643253886999999698e-05
1.025163108851593279e+04 1.001621014000000070e-05
1.025663108851593279e+04 1.111444085999999940e-05
1.026163108851593279e+04 2.048976253999999826e-05
1.026663108851593279e+04 4.612602060999999427e-06
1.027163108851593279e+04 1.373423262999999972e-05
1.027663108851593279e+04 1.778148930000000050e-05
1.028163108851593279e+04 2.112471730999999900e-05
1.028663108851593279e+04 1.978079788000000204e-05
1.029163108851593279e+04 2.719966228999999748e-05
1.029663108851593279e+04 2.061602892000000120e-05
1.030163108851593279e+04 2.462252509000000032e-05
1.030663108851593279e+04 2.317696343999999970e-05
1.031163108851593279e+04 2.622331724999999898e-05
1.031663108851593279e+04 2.915236400000000046e-05
1.032163108851593279e+04 1.911700005000000261e-05
1.032663108851593279e+04 4.274653271000000004e-05
1.033163108851593279e+04 2.380873308999999997e-05
1.033663108851593279e+04 2.962970641000000127e-05
1.034163108851593279e+04 4.121413453999999934e-05
1.034663108851593279e+04 2.342650899999999800e-05
1.035163108851593279e+04 4.052890465000000058e-05
1.035663108851593279e+04 3.164717462000000238e-05
1.036163108851593279e+04 3.876416245000000228e-05
1.036663108851593279e+04 4.025339614999999966e-05
1.037163108851593279e+04 5.158151500000000177e-05
1.037663108851593279e+04 4.015081095999999930e-05
1.038163108851593279e+04 4.275210201999999862e-05
1.038663108851593279e+04 4.926033784000000002e-05
1.039163108851593279e+04 4.329768474999999708e-05
1.039663108851593279e+04 3.675523446999999825e-05
1.040163108851593279e+04 4.821614362000000098e-05
1.040663108851593279e+04 3.175582503999999946e-05
1.041163108851593279e+04 4.542470909999999512e-05
1.041663108851593279e+04 5.216925405000000547e-05
1.042163108851593279e+04 4.659523256000000193e-05
1.042663108851593279e+04 4.786437376999999816e-05
1.043163108851593279e+04 3.878809977000000287e-05
1.043663108851593279e+04 3.990254365000000267e-05
1.044163108851593279e+04 4.349567462000000252e-05
1.044663108851593279e+04 3.561107675000000001e-05
1.045163108851593279e+04 2.623867941999999864e-05
1.045663108851593279e+04 4.212482832000000475e-05
1.046163108851593279e+04 2.128749619999999797e-05
1.046663108851593279e+04 3.593534697000000042e-05
1.047163108851593279e+04 3.565306076999999983e-05
1.047663108851593279e+04 2.616005018000000060e-05
1.048163108851593279e+04 2.563254674999999850e-05
1.048663108851593279e+04 3.596533089999999922e-05
1.049163108851593279e+04 2.301604719999999625e-05
1.049663108851593279e+04 2.557589439999999683e-05
1.050163108851593279e+04 2.666768385000000099e-05
1.050663108851593279e+04 2.950835041999999955e-05
1.051163108851593279e+04 2.711914246999999937e-05
1.051663108851593279e+04 1.940436428000000011e-05
1.052163108851593279e+04 1.752126030999999966e-05
1.052663108851593279e+04 1.817553885999999812e-05
1.053163108851593279e+04 1.800750032999999756e-05
1.053663108851593279e+04 3.035046858999999913e-05
1.054163108851593279e+04 3.084356896999999626e-05
1.054663108851593279e+04 2.115547890000000195e-05
1.055163108851593279e+04 6.558807800000000125e-06
1.055663108851593279e+04 1.340067945000000008e-05
1.056163108851593279e+04 1.834681489999999797e-05
1.056663108851593279e+04 1.765945692999999948e-05
1.057163108851593279e+04 1.621898962000000095e-05
1.057663108851593279e+04 1.543292775999999998e-05
1.058163108851593279e+04 1.010318869000000037e-05
1.058663108851593279e+04 2.191615057999999851e-05
1.059163108851593279e+04 1.782271777999999763e-05
1.059663108851593279e+04 1.473856972999999905e-05
1.060163108851593279e+04 2.353294053999999971e-05
1.060663108851593279e+04 2.739303744999999686e-05
1.061163108851593279e+04 1.469418174000000095e-05
1.061663108851593279e+04 2.427464817000000137e-05
1.062163108851593279e+04 2.399028279000000013e-05
1.062663108851593279e+04 2.540424932000000168e-05
1.063163108851593279e+04 1.554200775000000082e-05
1.063663108851593279e+04 1.885772683000000086e-05
1.064163108851593279e+04 2.026596338999999745e-05
1.064663108851593279e+04 8.968086913000000016e-06
1.065163108851593279e+04 2.016447717000000064e-05
1.065663108851593279e+04 1.937205553999999795e-05
1.066163108851593279e+04 1.458683400000000034e-05
1.066663108851593279e+04 1.537482836000000097e-05
1.067163108851593279e+04 2.365424995999999873e-05
1.067663108851593279e+04 1.208299771000000056e-05
1.068163108851593279e+04 2.712898887999999926e-05
1.068663108851593279e+04 1.974561484999999976e-05
1.069163108851593279e+04 2.610867376999999909e-05
1.069663108851593279e+04 3.578975797000000312e-05
1.070163108851593279e+04 2.256308915000000153e-05
1.070663108851593279e+04 2.179526724000000010e-05
1.071163108851593279e+04 2.808940829999999914e-05
1.071663108851593279e+04 2.503996481999999814e-05
1.072163108851593279e+04 2.430344233000000098e-05
1.072663108851593279e+04 2.645876723999999704e-05
1.073163108851593279e+04 2.937885233999999699e-05
1.073663108851593279e+04 3.053234424000000197e-05
1.074163108851593279e+04 3.485418390000000042e-05
1.074663108851593279e+04 2.540766029000000298e-05
1.075163108851593279e+04 4.257101099999999959e-05
1.075663108851593279e+04 3.126956289999999672e-05
1.076163108851593279e+04 4.403340629999999542e-05
1.076663108851593279e+04 3.364514560000000020e-05
1.077163108851593279e+04 4.161412361999999740e-05
1.077663108851593279e+04 4.534017759999999669e-05
1.078163108851593279e+04 4.556567874000000358e-05
1.078663108851593279e+04 4.028325900000000225e-05
1.079163108851593279e+04 5.931483115999999870e-05
1.079663108851593279e+04 5.974529777000000055e-05
1.080163108851593279e+04 6.628158501999999771e-05
1.080663108851593279e+04 7.395684252999999882e-05
1.081163108851593279e+04 8.268670178999998788e-05
1.081663108851593279e+04 8.011786267000000196e-05
1.082163108851593279e+04 8.218606933999999837e-05
1.082663108851593279e+04 9.145861492000000124e-05
1.083163108851593279e+04 1.006139162999999942e-04
1.083663108851593279e+04 1.164884400000000037e-04
1.084163108851593279e+04 1.248472277000000014e-04
1.084663108851593279e+04 1.335200201999999935e-04
1.085163108851593279e+04 1.573773846000000079e-04
1.085663108851593279e+04 1.663056946999999736e-04
1.086163108851593279e+04 1.837347820000000056e-04
1.086663108851593279e+04 1.929136551999999824e-04
1.087163108851593279e+04 2.131702006000000106e-04
1.087663108851593279e+04 2.455271966999999795e-04
1.088163108851593279e+04 2.644953503999999847e-04
1.088663108851593279e+04 2.825134992999999697e-04
1.089163108851593279e+04 3.204271569999999963e-04
1.089663108851593279e+04 3.272559121000000030e-04
1.090163108851593279e+04 3.581196814999999920e-04
1.090663108851593279e+04 3.707017750000000207e-04
1.091163108851593279e+04 4.010093584999999995e-04
1.091663108851593279e+04 4.099346325000000025e-04
1.092163108851593279e+04 4.151475429999999865e-04
1.092663108851593279e+04 4.137063771000000023e-04
1.093163108851593279e+04 4.186396672999999802e-04
1.093663108851593279e+04 4.154612496000000097e-04
1.094163108851593279e+04 4.179493709999999602e-04
1.094663108851593279e+04 4.019920154999999883e-04
1.095163108851593279e+04 3.925652428999999656e-04
1.095663108851593279e+04 3.769356011999999484e-04
1.096163108851593279e+04 3.743652626999999754e-04
1.096663108851593279e+04 3.524138777999999937e-04
1.097163108851593279e+04 3.341652824999999925e-04
1.097663108851593279e+04 3.326205163999999609e-04
1.098163108851593279e+04 3.230346739000000233e-04
1.098663108851593279e+04 2.980897016999999971e-04
1.099163108851593279e+04 2.987063862000000221e-04
1.099663108851593279e+04 2.808742224999999999e-04
1.100163108851593279e+04 2.752543986000000162e-04
1.100663108851593279e+04 2.635941467999999691e-04
1.101163108851593279e+04 2.681433782000000013e-04
1.101663108851593279e+04 2.440965548000000106e-04
1.102163108851593279e+04 2.389187366000000083e-04
1.102663108851593279e+04 2.358876169000000231e-04
1.103163108851593279e+04 2.318976261000000032e-04
1.103663108851593279e+04 2.321487478999999883e-04
1.104163108851593279e+04 2.280938998000000119e-04
1.104663108851593279e+04 2.209868654999999854e-04
