2.000000000000000000e+03 0.000000000000000000e+00
2.030100334448160538e+03 0.000000000000000000e+00
2.060200668896321076e+03 0.000000000000000000e+00
2.090301003344481614e+03 0.000000000000000000e+00
2.120401337792642153e+03 0.000000000000000000e+00
2.150501672240802691e+03 0.000000000000000000e+00
2.180602006688963229e+03 0.000000000000000000e+00
2.210702341137123767e+03 0.000000000000000000e+00
2.240802675585284305e+03 0.000000000000000000e+00
2.270903010033444843e+03 0.000000000000000000e+00
2.301003344481605382e+03 0.000000000000000000e+00
2.331103678929765920e+03 0.000000000000000000e+00
2.361204013377926458e+03 0.000000000000000000e+00
2.391304347826086996e+03 0.000000000000000000e+00
2.421404682274247534e+03 0.000000000000000000e+00
2.451505016722408072e+03 0.000000000000000000e+00
2.481605351170568611e+03 0.000000000000000000e+00
2.511705685618729149e+03 0.000000000000000000e+00
2.541806020066889687e+03 0.000000000000000000e+00
2.571906354515050225e+03 0.000000000000000000e+00
2.602006688963210763e+03 0.000000000000000000e+00
2.632107023411371301e+03 0.000000000000000000e+00
2.662207357859531839e+03 0.000000000000000000e+00
2.692307692307692378e+03 0.000000000000000000e+00
2.722408026755852916e+03 0.000000000000000000e+00
2.752508361204013454e+03 0.000000000000000000e+00
2.782608695652173992e+03 0.000000000000000000e+00
2.812709030100334530e+03 0.000000000000000000e+00
2.842809364548495068e+03 0.000000000000000000e+00
2.872909698996655607e+03 0.000000000000000000e+00
2.903010033444816145e+03 0.000000000000000000e+00
2.933110367892976683e+03 0.000000000000000000e+00
2.963210702341137221e+03 0.000000000000000000e+00
2.993311036789297759e+03 0.000000000000000000e+00
3.023411371237458297e+03 0.000000000000000000e+00
3.053511705685618836e+03 0.000000000000000000e+00
3.083612040133779374e+03 0.000000000000000000e+00
3.113712374581939912e+03 0.000000000000000000e+00
3.143812709030100450e+03 0.000000000000000000e+00
3.173913043478260988e+03 0.000000000000000000e+00
3.204013377926421526e+03 0.000000000000000000e+00
3.234113712374582065e+03 0.000000000000000000e+00
3.264214046822742603e+03 0.000000000000000000e+00
3.294314381270903141e+03 0.000000000000000000e+00
3.324414715719063679e+03 0.000000000000000000e+00
3.354515050167224217e+03 0.000000000000000000e+00
3.384615384615384755e+03 0.000000000000000000e+00
3.414715719063545293e+03 0.000000000000000000e+00
3.444816053511705832e+03 0.000000000000000000e+00
3.474916387959866370e+03 0.000000000000000000e+00
3.505016722408026908e+03 8.619737188146053830e-02
3.535117056856187446e+03 1.313482127910012009e-01
3.565217391304347984e+03 1.868881958615701278e-01
3.595317725752508522e+03 2.501196989991081310e-01
3.625418060200669061e+03 3.208611421605409020e-01
3.655518394648829599e+03 3.926088217764465149e-01
3.685618729096990137e+03 4.297566473940303000e-01
3.715719063545150675e+03 4.632847164428385844e-01
3.745819397993311213e+03 4.973497942708192676e-01
3.775919732441471751e+03 5.471927567614602861e-01
3.806020066889632290e+03 6.088046565066270732e-01
3.836120401337792828e+03 6.646726621531169332e-01
3.866220735785953366e+03 7.249760025218574544e-01
3.896321070234113904e+03 7.826550626298428570e-01
3.926421404682274442e+03 8.197965163522467069e-01
3.956521739130434980e+03 8.404372878766269706e-01
3.986622073578595518e+03 8.453552460126712020e-01
4.016722408026756057e+03 8.312345630732069779e-01
4.046822742474916595e+03 8.047412483741335221e-01
4.076923076923076678e+03 7.776481982121371539e-01
4.107023411371237671e+03 7.544762378234048938e-01
4.137123745819397300e+03 7.382491909624425697e-01
4.167224080267558747e+03 7.319649728041798253e-01
4.197324414715718376e+03 7.362768142283583339e-01
4.227424749163879824e+03 7.492534009036935227e-01
4.257525083612039452e+03 7.712393654463356452e-01
4.287625418060200900e+03 8.007006093780437705e-01
4.317725752508360529e+03 8.349350900660263974e-01
4.347826086956521976e+03 8.707699619344564379e-01
4.377926421404681605e+03 9.028699988253506836e-01
4.408026755852843053e+03 9.280108810957509169e-01
4.438127090301002681e+03 9.443333014128624248e-01
4.468227424749164129e+03 9.500372049081449166e-01
4.498327759197323758e+03 9.450404607569400373e-01
4.528428093645485205e+03 9.301947940712297358e-01
4.558528428093644834e+03 9.074893471643414866e-01
4.588628762541806282e+03 8.803576906970321803e-01
4.618729096989965910e+03 8.505603488416039193e-01
4.648829431438127358e+03 8.208719914454810640e-01
4.678929765886286987e+03 7.943430421621323623e-01
4.709030100334448434e+03 7.716708482952017167e-01
4.739130434782608063e+03 7.551011505589522166e-01
4.769230769230769511e+03 7.442049864075440668e-01
4.799331103678929139e+03 7.397212282402203520e-01
4.829431438127090587e+03 7.414334227316108361e-01
4.859531772575250216e+03 7.491084940313826879e-01
4.889632107023411663e+03 7.622295887621253208e-01
4.919732441471571292e+03 7.803833479324244760e-01
4.949832775919732740e+03 8.022525979101987614e-01
4.979933110367892368e+03 8.272703424776477465e-01
5.010033444816053816e+03 8.538834137365844956e-01
5.040133779264213445e+03 8.804346476504144592e-01
5.070234113712374892e+03 9.060491767006432218e-01
5.100334448160534521e+03 9.296311029763945077e-01
5.130434782608695969e+03 9.493724402991768896e-01
5.160535117056855597e+03 9.644190575637688889e-01
5.190635451505017045e+03 9.742890715254234335e-01
5.220735785953176674e+03 9.784548426872754501e-01
5.250836120401338121e+03 9.770418106471431274e-01
5.280936454849497750e+03 9.703711198338145216e-01
5.311036789297659197e+03 9.591726795240864689e-01
5.341137123745818826e+03 9.440968328711285551e-01
5.371237458193980274e+03 9.264223886867806179e-01
5.401337792642139902e+03 9.068987482775490161e-01
5.431438127090301350e+03 8.870299913949847292e-01
5.461538461538460979e+03 8.669052318192533857e-01
5.491638795986622426e+03 8.472064448404499348e-01
5.521739130434782055e+03 8.289570269894017684e-01
5.551839464882943503e+03 8.127861914154036471e-01
5.581939799331103131e+03 7.988980576285387158e-01
5.612040133779264579e+03 7.874450374115056217e-01
5.642140468227424208e+03 7.786751448122604113e-01
5.672240802675585655e+03 7.726430502183890825e-01
5.702341137123745284e+03 7.691896552565312684e-01
5.732441471571906732e+03 7.683901621860625974e-01
5.762541806020066360e+03 7.700280058749411349e-01
5.792642140468227808e+03 7.739369694236986064e-01
5.822742474916387437e+03 7.799920184717712424e-01
5.852842809364548884e+03 7.878896240639501336e-01
5.882943143812708513e+03 7.974437408621125600e-01
5.913043478260869961e+03 8.082535209971084544e-01
5.943143812709029589e+03 8.199591419501046641e-01
5.973244147157191037e+03 8.323232189393839908e-01
6.003344481605350666e+03 8.450344197438661720e-01
6.033444816053512113e+03 8.576284055214200563e-01
6.063545150501671742e+03 8.698431296701117921e-01
6.093645484949833190e+03 8.814118590111796880e-01
6.123745819397992818e+03 8.920785622926417080e-01
6.153846153846153356e+03 9.016365766426908124e-01
6.183946488294313895e+03 9.097193682549786775e-01
6.214046822742474433e+03 9.162190198332248459e-01
6.244147157190634971e+03 9.210534246783792511e-01
6.274247491638795509e+03 9.242346604031066448e-01
6.304347826086956047e+03 9.257432527342993600e-01
6.334448160535116585e+03 9.256531220340816768e-01
6.364548494983277124e+03 9.240905178324160252e-01
6.394648829431437662e+03 9.211679865779159870e-01
6.424749163879598200e+03 9.170698497375422420e-01
6.454849498327758738e+03 9.119653257081513642e-01
6.484949832775919276e+03 9.060832018515789787e-01
6.515050167224079814e+03 8.996272508733981210e-01
6.545150501672240352e+03 8.927793908322688710e-01
6.575250836120400891e+03 8.857679987780421316e-01
6.605351170568561429e+03 8.787820974261613127e-01
6.635451505016721967e+03 8.720338176078605841e-01
6.665551839464882505e+03 8.656312339268545930e-01
6.695652173913043043e+03 8.597049277885908669e-01
6.725752508361203581e+03 8.543372880950180770e-01
6.755852842809364120e+03 8.496484175065487365e-01
6.785953177257524658e+03 8.457118121706760361e-01
6.816053511705685196e+03 8.425659693599943934e-01
6.846153846153845734e+03 8.402556875973329342e-01
6.876254180602006272e+03 8.388048695417380518e-01
6.906354515050166810e+03 8.382287914970282250e-01
6.936454849498327349e+03 8.385170961158444625e-01
6.966555183946487887e+03 8.396442589373598331e-01
6.996655518394648425e+03 8.415783237008834794e-01
7.026755852842808963e+03 8.442149793797298907e-01
7.056856187290969501e+03 8.475459439384084304e-01
7.086956521739130039e+03 8.514861750922978478e-01
7.117056856187290578e+03 8.560058565076729131e-01
7.147157190635451116e+03 8.610498098654530974e-01
7.177257525083611654e+03 8.665382482721863955e-01
7.207357859531772192e+03 8.722803565836577677e-01
7.237458193979932730e+03 8.782890663266648135e-01
7.267558528428093268e+03 8.844648448836649468e-01
7.297658862876253806e+03 8.905888482903950853e-01
7.327759197324414345e+03 8.966829389110855253e-01
7.357859531772574883e+03 9.026380008408637634e-01
7.387959866220735421e+03 9.082607489127922928e-01
7.418060200668895959e+03 9.135458036801059611e-01
7.448160535117056497e+03 9.184199987884401617e-01
7.478260869565217035e+03 9.226553636522140112e-01
7.508361204013377574e+03 9.264077412530311584e-01
7.538461538461538112e+03 9.294412407869642179e-01
7.568561872909698650e+03 9.317315052902752637e-01
7.598662207357859188e+03 9.333306449304821228e-01
7.628762541806019726e+03 9.340427515524116764e-01
7.658862876254180264e+03 9.339933433782433569e-01
7.688963210702340803e+03 9.331441054424384207e-01
7.719063545150501341e+03 9.314961175993849984e-01
7.749163879598661879e+03 9.290373617813260099e-01
7.779264214046822417e+03 9.258371455627497637e-01
7.809364548494982955e+03 9.218932788088125552e-01
7.839464882943143493e+03 9.172973843080035605e-01
7.869565217391304031e+03 9.120707385720598914e-01
7.899665551839464570e+03 9.062859820194044680e-01
7.929765886287625108e+03 9.000126105000030297e-01
7.959866220735785646e+03 8.933173135440540813e-01
7.989966555183946184e+03 8.862534135777454525e-01
8.020066889632106722e+03 8.789405733728344883e-01
8.050167224080267260e+03 8.714007842643632928e-01
8.080267558528427799e+03 8.637646488554624469e-01
8.110367892976588337e+03 8.560348926338040565e-01
8.140468227424748875e+03 8.483508138306103952e-01
8.170568561872909413e+03 8.407344652114953076e-01
8.200668896321069042e+03 8.332685066358064274e-01
8.230769230769230489e+03 8.259902921566663059e-01
8.260869565217391937e+03 8.189863067535892993e-01
8.290969899665551566e+03 8.122770478207375078e-01
8.321070234113711194e+03 8.059616976283046075e-01
8.351170568561872642e+03 8.000239978762834214e-01
8.381270903010034090e+03 7.945079109245918314e-01
8.411371237458193718e+03 7.894767787448488949e-01
8.441471571906353347e+03 7.849332430071089828e-01
8.471571906354514795e+03 7.809286711596467034e-01
8.501672240802676242e+03 7.774609499191772466e-01
8.531772575250835871e+03 7.745692441447105114e-01
8.561872909698995500e+03 7.722304441999292557e-01
8.591973244147156947e+03 7.705236387348697313e-01
8.622073578595318395e+03 7.693863775893864387e-01
8.652173913043478024e+03 7.688856529564886966e-01
8.682274247491637652e+03 7.689724952110391643e-01
8.712374581939799100e+03 7.696812289212802138e-01
8.742474916387960548e+03 7.709922526202627191e-01
8.772575250836120176e+03 7.729130865672719786e-01
8.802675585284279805e+03 7.754211305304175017e-01
8.832775919732441253e+03 7.785151814588233687e-01
8.862876254180602700e+03 7.821677107392499551e-01
8.892976588628762329e+03 7.863679386069249988e-01
8.923076923076921958e+03 7.911105520662397028e-01
8.953177257525083405e+03 7.964126887966574975e-01
8.983277591973244853e+03 8.021540802852787921e-01
9.013377926421404482e+03 8.084147905678140678e-01
9.043478260869564110e+03 8.150716305017361440e-01
9.073578595317725558e+03 8.221496235812334463e-01
9.103678929765887005e+03 8.296024737090433865e-01
9.133779264214046634e+03 8.373358933521235503e-01
9.163879598662206263e+03 8.453675806363994960e-01
9.193979933110367710e+03 8.536329292310905759e-01
9.224080267558529158e+03 8.621292090714941514e-01
9.254180602006688787e+03 8.707390736889826233e-01
9.284280936454848415e+03 8.794016556282789887e-01
9.314381270903009863e+03 8.881766676381548375e-01
9.344481605351171311e+03 8.967948640429275198e-01
9.374581939799330939e+03 9.053766030566980927e-01
9.404682274247490568e+03 9.137574860774694274e-01
9.434782608695652016e+03 9.218568034893016572e-01
9.464882943143813463e+03 9.296811338441201000e-01
9.494983277591973092e+03 9.370788575779618323e-01
9.525083612040132721e+03 9.440463454780231300e-01
9.555183946488294168e+03 9.505018504115579914e-01
9.585284280936455616e+03 9.562855755954846604e-01
9.615384615384615245e+03 9.614744585905395935e-01
9.645484949832774873e+03 9.658675634693779655e-01
9.675585284280936321e+03 9.694341252220516347e-01
9.705685618729097769e+03 9.721041249991710931e-01
9.735785953177257397e+03 9.738688109025545048e-01
9.765886287625417026e+03 9.746244631217334531e-01
9.795986622073578474e+03 9.743352649018095502e-01
9.826086956521739921e+03 9.729630479731969928e-01
9.856187290969899550e+03 9.704731653752377563e-01
9.886287625418059179e+03 9.668306728370483771e-01
9.916387959866220626e+03 9.620080728281417137e-01
9.946488294314382074e+03 9.560475892085542604e-01
9.976588628762541703e+03 9.488749709884010120e-01
1.000668896321070133e+04 9.404933086123195007e-01
1.003678929765886278e+04 9.310278474192218434e-01
1.006688963210702423e+04 9.203355936387510594e-01
1.009698996655518386e+04 9.085796851805986174e-01
1.012709030100334348e+04 8.957449972411001271e-01
1.015719063545150493e+04 8.818247372911687254e-01
1.018729096989966638e+04 8.670948738215905616e-01
1.021739130434782601e+04 8.511453446232638553e-01
1.024749163879598564e+04 8.346634265094592386e-01
1.027759197324414708e+04 8.173807127569439057e-01
1.030769230769230671e+04 7.991091208195931772e-01
1.033779264214046816e+04 7.805228549447565944e-01
1.036789297658862779e+04 7.612556031007920998e-01
1.039799331103678924e+04 7.413976401962265594e-01
1.042809364548494887e+04 7.213927056661184611e-01
1.045819397993311031e+04 7.014168028414845546e-01
1.048829431438126994e+04 6.809403416455651614e-01
1.051839464882943139e+04 6.594307014302543957e-01
1.054849498327759102e+04 6.385744448138840346e-01
1.057859531772575247e+04 6.174895295874077705e-01
1.060869565217391209e+04 5.967331223741318968e-01
1.063879598662207354e+04 5.758104866965144675e-01
1.066889632107023317e+04 5.551352163052892807e-01
1.069899665551839462e+04 5.349191644074180463e-01
1.072909698996655425e+04 5.145055338212989327e-01
1.075919732441471569e+04 4.948806477783663227e-01
1.078929765886287532e+04 4.755325921574232173e-01
1.081939799331103677e+04 4.564317440413802052e-01
1.084949832775919640e+04 4.380549061795218080e-01
1.087959866220735785e+04 4.199168040694012949e-01
1.090969899665551748e+04 4.023817668702386885e-01
1.093979933110367892e+04 3.855039739216689632e-01
1.096989966555183855e+04 3.687704068452747896e-01
1.100000000000000000e+04 3.529432719163439480e-01
