3.000000000000000000e+03 6.599999999999999964e-03
3.020000000000000000e+03 6.000000000000000125e-03
3.040000000000000000e+03 3.799999999999999992e-03
3.060000000000000000e+03 1.600000000000000077e-03
3.080000000000000000e+03 5.999999999999999474e-04
3.100000000000000000e+03 4.000000000000000192e-04
3.120000000000000000e+03 4.000000000000000192e-04
3.140000000000000000e+03 4.000000000000000192e-04
3.160000000000000000e+03 5.999999999999999474e-04
3.180000000000000000e+03 8.999999999999999754e-04
3.200000000000000000e+03 1.000000000000000021e-03
3.220000000000000000e+03 1.100000000000000066e-03
3.240000000000000000e+03 1.199999999999999895e-03
3.260000000000000000e+03 1.500000000000000031e-03
3.280000000000000000e+03 2.099999999999999870e-03
3.300000000000000000e+03 2.899999999999999800e-03
3.320000000000000000e+03 3.799999999999999992e-03
3.340000000000000000e+03 4.500000000000000527e-03
3.360000000000000000e+03 4.899999999999999842e-03
3.380000000000000000e+03 5.500000000000000548e-03
3.400000000000000000e+03 6.500000000000000569e-03
3.420000000000000000e+03 7.400000000000000328e-03
3.440000000000000000e+03 7.599999999999999985e-03
3.460000000000000000e+03 6.700000000000000226e-03
3.480000000000000000e+03 5.199999999999999761e-03
3.500000000000000000e+03 3.799999999999999992e-03
3.520000000000000000e+03 2.800000000000000405e-03
3.540000000000000000e+03 2.299999999999999961e-03
3.560000000000000000e+03 2.299999999999999961e-03
3.580000000000000000e+03 2.700000000000000143e-03
3.600000000000000000e+03 4.000000000000000083e-03
3.620000000000000000e+03 6.899999999999999883e-03
3.640000000000000000e+03 1.439999999999999961e-02
3.660000000000000000e+03 3.350000000000000200e-02
3.680000000000000000e+03 7.530000000000000582e-02
3.700000000000000000e+03 1.454000000000000015e-01
3.720000000000000000e+03 2.351999999999999924e-01
3.740000000000000000e+03 3.243999999999999662e-01
3.760000000000000000e+03 3.921999999999999931e-01
3.780000000000000000e+03 4.456999999999999851e-01
3.800000000000000000e+03 5.008000000000000229e-01
3.820000000000000000e+03 5.671000000000000485e-01
3.840000000000000000e+03 6.390000000000000124e-01
3.860000000000000000e+03 7.049999999999999600e-01
3.880000000000000000e+03 7.658000000000000362e-01
3.900000000000000000e+03 8.240000000000000657e-01
3.920000000000000000e+03 8.726999999999999202e-01
3.940000000000000000e+03 9.020000000000000240e-01
3.960000000000000000e+03 9.131999999999999007e-01
3.980000000000000000e+03 9.173000000000000043e-01
4.000000000000000000e+03 9.226999999999999647e-01
4.020000000000000000e+03 9.281999999999999140e-01
4.040000000000000000e+03 9.301999999999999158e-01
4.060000000000000000e+03 9.281000000000000361e-01
4.080000000000000000e+03 9.246999999999999664e-01
4.100000000000000000e+03 9.235999999999999766e-01
4.120000000000000000e+03 9.251999999999999114e-01
4.140000000000000000e+03 9.274999999999999911e-01
4.160000000000000000e+03 9.274999999999999911e-01
4.180000000000000000e+03 9.237999999999999545e-01
4.200000000000000000e+03 9.179000000000000492e-01
4.220000000000000000e+03 9.128000000000000558e-01
4.240000000000000000e+03 9.115999999999999659e-01
4.260000000000000000e+03 9.154999999999999805e-01
4.280000000000000000e+03 9.226000000000000867e-01
4.300000000000000000e+03 9.306999999999999718e-01
4.320000000000000000e+03 9.366999999999999771e-01
4.340000000000000000e+03 9.384000000000000119e-01
4.360000000000000000e+03 9.361000000000000432e-01
4.380000000000000000e+03 9.314000000000000057e-01
4.400000000000000000e+03 9.270999999999999241e-01
4.420000000000000000e+03 9.248000000000000664e-01
4.440000000000000000e+03 9.256999999999999673e-01
4.460000000000000000e+03 9.293000000000000149e-01
4.480000000000000000e+03 9.337000000000000854e-01
4.500000000000000000e+03 9.370000000000000551e-01
4.520000000000000000e+03 9.376000000000001000e-01
4.540000000000000000e+03 9.350000000000000533e-01
4.560000000000000000e+03 9.300000000000000488e-01
4.580000000000000000e+03 9.243000000000001215e-01
4.600000000000000000e+03 9.193000000000001171e-01
4.620000000000000000e+03 9.165999999999999703e-01
4.640000000000000000e+03 9.168999999999999373e-01
4.660000000000000000e+03 9.194999999999999840e-01
4.680000000000000000e+03 9.237000000000000766e-01
4.700000000000000000e+03 9.281999999999999140e-01
4.720000000000000000e+03 9.312000000000000277e-01
4.740000000000000000e+03 9.320999999999999286e-01
4.760000000000000000e+03 9.304999999999999938e-01
4.780000000000000000e+03 9.270999999999999241e-01
4.800000000000000000e+03 9.224999999999999867e-01
4.820000000000000000e+03 9.183999999999999941e-01
4.840000000000000000e+03 9.159999999999999254e-01
4.860000000000000000e+03 9.165000000000000924e-01
4.880000000000000000e+03 9.198999999999999400e-01
4.900000000000000000e+03 9.251000000000000334e-01
4.920000000000000000e+03 9.312000000000000277e-01
4.940000000000000000e+03 9.373000000000000220e-01
4.960000000000000000e+03 9.416999999999999815e-01
4.980000000000000000e+03 9.434000000000000163e-01
5.000000000000000000e+03 9.426000000000001044e-01
5.020000000000000000e+03 9.394000000000000128e-01
5.040000000000000000e+03 9.344000000000000083e-01
5.060000000000000000e+03 9.287000000000000810e-01
5.080000000000000000e+03 9.229000000000000536e-01
5.100000000000000000e+03 9.181999999999999051e-01
5.120000000000000000e+03 9.150000000000000355e-01
5.140000000000000000e+03 9.139000000000000457e-01
5.160000000000000000e+03 9.150000000000000355e-01
5.180000000000000000e+03 9.179000000000000492e-01
5.200000000000000000e+03 9.220000000000000417e-01
5.220000000000000000e+03 9.265999999999999792e-01
5.240000000000000000e+03 9.309000000000000608e-01
5.260000000000000000e+03 9.340000000000000524e-01
5.280000000000000000e+03 9.354999999999999982e-01
5.300000000000000000e+03 9.353000000000000203e-01
5.320000000000000000e+03 9.334000000000000075e-01
5.340000000000000000e+03 9.304000000000001158e-01
5.360000000000000000e+03 9.268999999999999462e-01
5.380000000000000000e+03 9.231999999999999096e-01
5.400000000000000000e+03 9.204000000000001069e-01
5.420000000000000000e+03 9.183000000000000052e-01
5.440000000000000000e+03 9.176000000000000822e-01
5.460000000000000000e+03 9.183000000000000052e-01
5.480000000000000000e+03 9.204000000000001069e-01
5.500000000000000000e+03 9.231000000000000316e-01
5.520000000000000000e+03 9.268999999999999462e-01
5.540000000000000000e+03 9.305999999999999828e-01
5.560000000000000000e+03 9.337000000000000854e-01
5.580000000000000000e+03 9.362000000000000322e-01
5.600000000000000000e+03 9.375000000000000000e-01
5.620000000000000000e+03 9.381000000000000449e-01
5.640000000000000000e+03 9.373000000000000220e-01
5.660000000000000000e+03 9.355999999999999872e-01
5.680000000000000000e+03 9.337000000000000854e-01
5.700000000000000000e+03 9.315000000000001057e-01
5.720000000000000000e+03 9.296999999999999709e-01
5.740000000000000000e+03 9.279000000000000581e-01
5.760000000000000000e+03 9.270999999999999241e-01
5.780000000000000000e+03 9.268999999999999462e-01
5.800000000000000000e+03 9.274999999999999911e-01
5.820000000000000000e+03 9.294999999999999929e-01
5.840000000000000000e+03 9.320999999999999286e-01
5.860000000000000000e+03 9.344999999999999973e-01
5.880000000000000000e+03 9.381000000000000449e-01
5.900000000000000000e+03 9.409000000000000696e-01
5.920000000000000000e+03 9.434000000000000163e-01
5.940000000000000000e+03 9.455000000000000071e-01
5.960000000000000000e+03 9.466999999999999860e-01
5.980000000000000000e+03 9.473999999999999089e-01
6.000000000000000000e+03 9.468000000000000860e-01
6.020000000000000000e+03 9.459000000000000741e-01
6.040000000000000000e+03 9.438999999999999613e-01
6.060000000000000000e+03 9.418000000000000815e-01
6.080000000000000000e+03 9.393000000000000238e-01
6.100000000000000000e+03 9.370000000000000551e-01
6.120000000000000000e+03 9.348999999999999533e-01
6.140000000000000000e+03 9.334999999999999964e-01
6.160000000000000000e+03 9.323999999999998956e-01
6.180000000000000000e+03 9.318999999999999506e-01
6.200000000000000000e+03 9.320000000000000506e-01
6.220000000000000000e+03 9.326999999999999735e-01
6.240000000000000000e+03 9.340999999999999304e-01
6.260000000000000000e+03 9.354000000000000092e-01
6.280000000000000000e+03 9.370999999999999330e-01
6.300000000000000000e+03 9.388999999999999568e-01
6.320000000000000000e+03 9.409000000000000696e-01
6.340000000000000000e+03 9.422000000000000375e-01
6.360000000000000000e+03 9.431000000000000494e-01
6.380000000000000000e+03 9.437999999999999723e-01
6.400000000000000000e+03 9.440000000000000613e-01
6.420000000000000000e+03 9.437000000000000943e-01
6.440000000000000000e+03 9.431999999999999273e-01
6.460000000000000000e+03 9.422000000000000375e-01
6.480000000000000000e+03 9.411000000000000476e-01
6.500000000000000000e+03 9.398999999999999577e-01
6.520000000000000000e+03 9.387000000000000899e-01
6.540000000000000000e+03 9.377999999999999670e-01
6.560000000000000000e+03 9.368999999999999551e-01
6.580000000000000000e+03 9.365000000000001101e-01
6.600000000000000000e+03 9.364000000000000101e-01
6.620000000000000000e+03 9.366999999999999771e-01
6.640000000000000000e+03 9.373999999999999000e-01
6.660000000000000000e+03 9.383000000000000229e-01
6.680000000000000000e+03 9.395999999999999908e-01
6.700000000000000000e+03 9.411000000000000476e-01
6.720000000000000000e+03 9.426999999999999824e-01
6.740000000000000000e+03 9.444000000000000172e-01
6.760000000000000000e+03 9.459999999999999520e-01
6.780000000000000000e+03 9.468000000000000860e-01
6.800000000000000000e+03 9.476999999999999869e-01
6.820000000000000000e+03 9.481000000000000538e-01
6.840000000000000000e+03 9.481999999999999318e-01
6.860000000000000000e+03 9.477999999999999758e-01
6.880000000000000000e+03 9.466999999999999860e-01
6.900000000000000000e+03 9.453000000000000291e-01
6.920000000000000000e+03 9.433000000000000274e-01
6.940000000000000000e+03 9.411000000000000476e-01
6.960000000000000000e+03 9.384999999999998899e-01
6.980000000000000000e+03 9.359999999999999432e-01
7.000000000000000000e+03 9.333000000000000185e-01
7.020000000000000000e+03 9.306999999999999718e-01
7.040000000000000000e+03 9.284999999999999920e-01
7.060000000000000000e+03 9.265999999999999792e-01
7.080000000000000000e+03 9.248000000000000664e-01
7.100000000000000000e+03 9.234999999999999876e-01
7.120000000000000000e+03 9.223999999999999977e-01
7.140000000000000000e+03 9.222000000000000197e-01
7.160000000000000000e+03 9.223000000000000087e-01
7.180000000000000000e+03 9.229000000000000536e-01
7.200000000000000000e+03 9.243000000000001215e-01
7.220000000000000000e+03 9.256999999999999673e-01
7.240000000000000000e+03 9.273000000000000131e-01
7.260000000000000000e+03 9.292000000000000259e-01
7.280000000000000000e+03 9.315000000000001057e-01
7.300000000000000000e+03 9.338999999999999524e-01
7.320000000000000000e+03 9.365999999999999881e-01
7.340000000000000000e+03 9.385999999999999899e-01
7.360000000000000000e+03 9.406999999999999806e-01
7.380000000000000000e+03 9.426000000000001044e-01
7.400000000000000000e+03 9.440999999999999392e-01
7.420000000000000000e+03 9.453000000000000291e-01
7.440000000000000000e+03 9.460999999999999410e-01
7.460000000000000000e+03 9.465000000000000080e-01
7.480000000000000000e+03 9.465999999999999970e-01
7.500000000000000000e+03 9.459999999999999520e-01
7.520000000000000000e+03 9.451999999999999291e-01
7.540000000000000000e+03 9.442000000000000393e-01
7.560000000000000000e+03 9.427999999999999714e-01
7.580000000000000000e+03 9.412999999999999146e-01
7.600000000000000000e+03 9.395999999999999908e-01
7.620000000000000000e+03 9.379000000000000670e-01
7.640000000000000000e+03 9.362999999999999101e-01
7.660000000000000000e+03 9.346999999999999753e-01
7.680000000000000000e+03 9.331999999999999185e-01
7.700000000000000000e+03 9.318999999999999506e-01
7.720000000000000000e+03 9.309999999999999387e-01
7.740000000000000000e+03 9.303000000000000158e-01
7.760000000000000000e+03 9.300000000000000488e-01
7.780000000000000000e+03 9.298999999999999488e-01
7.800000000000000000e+03 9.300000000000000488e-01
7.820000000000000000e+03 9.304999999999999938e-01
7.840000000000000000e+03 9.312999999999999057e-01
7.860000000000000000e+03 9.323000000000000176e-01
7.880000000000000000e+03 9.334000000000000075e-01
7.900000000000000000e+03 9.348000000000000753e-01
7.920000000000000000e+03 9.362999999999999101e-01
7.940000000000000000e+03 9.376000000000001000e-01
7.960000000000000000e+03 9.387999999999999678e-01
7.980000000000000000e+03 9.401000000000000467e-01
8.000000000000000000e+03 9.412999999999999146e-01
8.020000000000000000e+03 9.423999999999999044e-01
8.040000000000000000e+03 9.431999999999999273e-01
8.060000000000000000e+03 9.435999999999999943e-01
8.080000000000000000e+03 9.438999999999999613e-01
8.100000000000000000e+03 9.440000000000000613e-01
8.120000000000000000e+03 9.435999999999999943e-01
8.140000000000000000e+03 9.426000000000001044e-01
8.160000000000000000e+03 9.412000000000000366e-01
8.180000000000000000e+03 9.394000000000000128e-01
8.200000000000000000e+03 9.373999999999999000e-01
8.220000000000000000e+03 9.354000000000000092e-01
8.240000000000000000e+03 9.329999999999999405e-01
8.260000000000000000e+03 9.304000000000001158e-01
8.280000000000000000e+03 9.279000000000000581e-01
8.300000000000000000e+03 9.251000000000000334e-01
8.320000000000000000e+03 9.223999999999999977e-01
8.340000000000000000e+03 9.196999999999999620e-01
8.360000000000000000e+03 9.173999999999999932e-01
8.380000000000000000e+03 9.152000000000000135e-01
8.400000000000000000e+03 9.126999999999999558e-01
8.420000000000000000e+03 9.106000000000000760e-01
8.440000000000000000e+03 9.090000000000000302e-01
8.460000000000000000e+03 9.076000000000000734e-01
8.480000000000000000e+03 9.062000000000000055e-01
8.500000000000000000e+03 9.054999999999999716e-01
8.520000000000000000e+03 9.050000000000000266e-01
8.540000000000000000e+03 9.050000000000000266e-01
8.560000000000000000e+03 9.048000000000000487e-01
8.580000000000000000e+03 9.054999999999999716e-01
8.600000000000000000e+03 9.068999999999999284e-01
8.620000000000000000e+03 9.082999999999999963e-01
8.640000000000000000e+03 9.100000000000000311e-01
8.660000000000000000e+03 9.118999999999999329e-01
8.680000000000000000e+03 9.140000000000000346e-01
8.700000000000000000e+03 9.162000000000000144e-01
8.720000000000000000e+03 9.185999999999999721e-01
8.740000000000000000e+03 9.211000000000000298e-01
8.760000000000000000e+03 9.235999999999999766e-01
8.780000000000000000e+03 9.259999999999999343e-01
8.800000000000000000e+03 9.284999999999999920e-01
8.820000000000000000e+03 9.309999999999999387e-01
8.840000000000000000e+03 9.331000000000000405e-01
8.860000000000000000e+03 9.350000000000000533e-01
8.880000000000000000e+03 9.366999999999999771e-01
8.900000000000000000e+03 9.381999999999999229e-01
8.920000000000000000e+03 9.393000000000000238e-01
8.940000000000000000e+03 9.399999999999999467e-01
8.960000000000000000e+03 9.404000000000000137e-01
8.980000000000000000e+03 9.403000000000000247e-01
9.000000000000000000e+03 9.398000000000000798e-01
9.020000000000000000e+03 9.390000000000000568e-01
9.040000000000000000e+03 9.379000000000000670e-01
9.060000000000000000e+03 9.362999999999999101e-01
9.080000000000000000e+03 9.344999999999999973e-01
9.100000000000000000e+03 9.323000000000000176e-01
9.120000000000000000e+03 9.298999999999999488e-01
9.140000000000000000e+03 9.272000000000000242e-01
9.160000000000000000e+03 9.243999999999999995e-01
9.180000000000000000e+03 9.215000000000000968e-01
9.200000000000000000e+03 9.183000000000000052e-01
9.220000000000000000e+03 9.151000000000000245e-01
9.240000000000000000e+03 9.120000000000000329e-01
9.260000000000000000e+03 9.090000000000000302e-01
9.280000000000000000e+03 9.059000000000000385e-01
9.300000000000000000e+03 9.029000000000000359e-01
9.320000000000000000e+03 9.000000000000000222e-01
9.340000000000000000e+03 8.974999999999999645e-01
9.360000000000000000e+03 8.950000000000000178e-01
9.380000000000000000e+03 8.926000000000000600e-01
9.400000000000000000e+03 8.906999999999999362e-01
9.420000000000000000e+03 8.891000000000000014e-01
9.440000000000000000e+03 8.879000000000000226e-01
9.460000000000000000e+03 8.870000000000000107e-01
9.480000000000000000e+03 8.860999999999999988e-01
9.500000000000000000e+03 8.858000000000000318e-01
9.520000000000000000e+03 8.858000000000000318e-01
9.540000000000000000e+03 8.860999999999999988e-01
9.560000000000000000e+03 8.867000000000000437e-01
9.580000000000000000e+03 8.874999999999999556e-01
9.600000000000000000e+03 8.887000000000000455e-01
9.620000000000000000e+03 8.900000000000000133e-01
9.640000000000000000e+03 8.915999999999999481e-01
9.660000000000000000e+03 8.934999999999999609e-01
9.680000000000000000e+03 8.956000000000000627e-01
9.700000000000000000e+03 8.979000000000000314e-01
9.720000000000000000e+03 9.002000000000000002e-01
9.740000000000000000e+03 9.029000000000000359e-01
9.760000000000000000e+03 9.056999999999999496e-01
9.780000000000000000e+03 9.083999999999999853e-01
9.800000000000000000e+03 9.115000000000000879e-01
9.820000000000000000e+03 9.143999999999999906e-01
9.840000000000000000e+03 9.172000000000000153e-01
9.860000000000000000e+03 9.203000000000000069e-01
9.880000000000000000e+03 9.233000000000000096e-01
9.900000000000000000e+03 9.261000000000000343e-01
9.920000000000000000e+03 9.290000000000000480e-01
9.940000000000000000e+03 9.315000000000001057e-01
9.960000000000000000e+03 9.338999999999999524e-01
9.980000000000000000e+03 9.359999999999999432e-01
1.000000000000000000e+04 9.381000000000000449e-01
1.002000000000000000e+04 9.396999999999999797e-01
1.004000000000000000e+04 9.414000000000000146e-01
1.006000000000000000e+04 9.426000000000001044e-01
1.008000000000000000e+04 9.434999999999998943e-01
1.010000000000000000e+04 9.443000000000000282e-01
1.012000000000000000e+04 9.446999999999999842e-01
1.014000000000000000e+04 9.448000000000000842e-01
1.016000000000000000e+04 9.446999999999999842e-01
1.018000000000000000e+04 9.443000000000000282e-01
1.020000000000000000e+04 9.434000000000000163e-01
1.022000000000000000e+04 9.425000000000000044e-01
1.024000000000000000e+04 9.412000000000000366e-01
1.026000000000000000e+04 9.396999999999999797e-01
1.028000000000000000e+04 9.383000000000000229e-01
1.030000000000000000e+04 9.364000000000000101e-01
1.032000000000000000e+04 9.344999999999999973e-01
1.034000000000000000e+04 9.323000000000000176e-01
1.036000000000000000e+04 9.301999999999999158e-01
1.038000000000000000e+04 9.279000000000000581e-01
1.040000000000000000e+04 9.254999999999999893e-01
1.042000000000000000e+04 9.233000000000000096e-01
1.044000000000000000e+04 9.206999999999999629e-01
1.046000000000000000e+04 9.183999999999999941e-01
1.048000000000000000e+04 9.159999999999999254e-01
1.050000000000000000e+04 9.137000000000000677e-01
1.052000000000000000e+04 9.113999999999999879e-01
1.054000000000000000e+04 9.092000000000000082e-01
1.056000000000000000e+04 9.072000000000000064e-01
1.058000000000000000e+04 9.056999999999999496e-01
1.060000000000000000e+04 9.033999999999999808e-01
1.062000000000000000e+04 9.020000000000000240e-01
1.064000000000000000e+04 9.006000000000000671e-01
1.066000000000000000e+04 8.991999999999999993e-01
1.068000000000000000e+04 8.984000000000000874e-01
1.070000000000000000e+04 8.971999999999999975e-01
1.072000000000000000e+04 8.965999999999999526e-01
1.074000000000000000e+04 8.959999999999999076e-01
1.076000000000000000e+04 8.956000000000000627e-01
1.078000000000000000e+04 8.954000000000000847e-01
1.080000000000000000e+04 8.954000000000000847e-01
1.082000000000000000e+04 8.954999999999999627e-01
1.084000000000000000e+04 8.959000000000000297e-01
1.086000000000000000e+04 8.961999999999999966e-01
1.088000000000000000e+04 8.970999999999998975e-01
1.090000000000000000e+04 8.978000000000000425e-01
1.092000000000000000e+04 8.989000000000000323e-01
1.094000000000000000e+04 9.001000000000000112e-01
1.096000000000000000e+04 9.015000000000000790e-01
1.098000000000000000e+04 9.026999999999999469e-01
1.100000000000000000e+04 9.042000000000000037e-01
