3.000000000000000000e+03 9.934000000000000608e-01
3.020000000000000000e+03 9.940000000000001057e-01
3.040000000000000000e+03 9.962000000000000854e-01
3.060000000000000000e+03 9.984000000000000652e-01
3.080000000000000000e+03 9.993999999999999551e-01
3.100000000000000000e+03 9.995999999999999330e-01
3.120000000000000000e+03 9.995999999999999330e-01
3.140000000000000000e+03 9.995999999999999330e-01
3.160000000000000000e+03 9.993999999999999551e-01
3.180000000000000000e+03 9.990999999999999881e-01
3.200000000000000000e+03 9.990000000000001101e-01
3.220000000000000000e+03 9.989000000000000101e-01
3.240000000000000000e+03 9.987999999999999101e-01
3.260000000000000000e+03 9.984999999999999432e-01
3.280000000000000000e+03 9.979000000000000092e-01
3.300000000000000000e+03 9.970999999999999863e-01
3.320000000000000000e+03 9.962000000000000854e-01
3.340000000000000000e+03 9.954999999999999405e-01
3.360000000000000000e+03 9.951000000000000956e-01
3.380000000000000000e+03 9.945000000000000506e-01
3.400000000000000000e+03 9.934999999999999387e-01
3.420000000000000000e+03 9.926000000000000378e-01
3.440000000000000000e+03 9.923999999999999488e-01
3.460000000000000000e+03 9.932999999999999607e-01
3.480000000000000000e+03 9.948000000000000176e-01
3.500000000000000000e+03 9.962000000000000854e-01
3.520000000000000000e+03 9.971999999999999753e-01
3.540000000000000000e+03 9.976999999999999202e-01
3.560000000000000000e+03 9.976999999999999202e-01
3.580000000000000000e+03 9.973000000000000753e-01
3.600000000000000000e+03 9.959999999999999964e-01
3.620000000000000000e+03 9.930999999999999828e-01
3.640000000000000000e+03 9.856000000000000316e-01
3.660000000000000000e+03 9.665000000000000258e-01
3.680000000000000000e+03 9.246999999999999664e-01
3.700000000000000000e+03 8.546000000000000263e-01
3.720000000000000000e+03 7.648000000000000353e-01
3.740000000000000000e+03 6.755999999999999783e-01
3.760000000000000000e+03 6.078000000000000069e-01
3.780000000000000000e+03 5.543000000000000149e-01
3.800000000000000000e+03 4.992000000000000326e-01
3.820000000000000000e+03 4.329000000000000070e-01
3.840000000000000000e+03 3.609999999999999876e-01
3.860000000000000000e+03 2.949999999999999845e-01
3.880000000000000000e+03 2.342000000000000193e-01
3.900000000000000000e+03 1.759999999999999343e-01
3.920000000000000000e+03 1.273000000000000520e-01
3.940000000000000000e+03 9.799999999999997602e-02
3.960000000000000000e+03 8.680000000000007154e-02
3.980000000000000000e+03 8.269999999999995410e-02
4.000000000000000000e+03 7.730000000000003535e-02
4.020000000000000000e+03 7.180000000000007210e-02
4.040000000000000000e+03 6.980000000000004257e-02
4.060000000000000000e+03 7.189999999999997782e-02
4.080000000000000000e+03 7.530000000000000582e-02
4.100000000000000000e+03 7.640000000000000957e-02
4.120000000000000000e+03 7.480000000000003313e-02
4.140000000000000000e+03 7.249999999999999500e-02
4.160000000000000000e+03 7.249999999999999500e-02
4.180000000000000000e+03 7.620000000000004547e-02
4.200000000000000000e+03 8.209999999999993692e-02
4.220000000000000000e+03 8.719999999999998586e-02
4.240000000000000000e+03 8.840000000000003411e-02
4.260000000000000000e+03 8.450000000000003342e-02
4.280000000000000000e+03 7.739999999999995495e-02
4.300000000000000000e+03 6.930000000000006988e-02
4.320000000000000000e+03 6.329999999999998128e-02
4.340000000000000000e+03 6.159999999999996728e-02
4.360000000000000000e+03 6.390000000000001235e-02
4.380000000000000000e+03 6.859999999999999432e-02
4.400000000000000000e+03 7.290000000000006197e-02
4.420000000000000000e+03 7.519999999999996132e-02
4.440000000000000000e+03 7.430000000000007432e-02
4.460000000000000000e+03 7.069999999999992957e-02
4.480000000000000000e+03 6.629999999999995619e-02
4.500000000000000000e+03 6.299999999999997269e-02
4.520000000000000000e+03 6.239999999999994856e-02
4.540000000000000000e+03 6.500000000000000222e-02
4.560000000000000000e+03 7.000000000000000666e-02
4.580000000000000000e+03 7.569999999999993401e-02
4.600000000000000000e+03 8.069999999999993845e-02
4.620000000000000000e+03 8.340000000000002967e-02
4.640000000000000000e+03 8.310000000000002107e-02
4.660000000000000000e+03 8.049999999999997435e-02
4.680000000000000000e+03 7.629999999999995119e-02
4.700000000000000000e+03 7.180000000000007210e-02
4.720000000000000000e+03 6.879999999999995841e-02
4.740000000000000000e+03 6.790000000000005753e-02
4.760000000000000000e+03 6.950000000000003397e-02
4.780000000000000000e+03 7.290000000000006197e-02
4.800000000000000000e+03 7.749999999999999944e-02
4.820000000000000000e+03 8.159999999999996423e-02
4.840000000000000000e+03 8.400000000000006073e-02
4.860000000000000000e+03 8.349999999999994926e-02
4.880000000000000000e+03 8.010000000000004616e-02
4.900000000000000000e+03 7.489999999999995273e-02
4.920000000000000000e+03 6.879999999999995841e-02
4.940000000000000000e+03 6.269999999999996410e-02
4.960000000000000000e+03 5.829999999999998378e-02
4.980000000000000000e+03 5.659999999999996284e-02
5.000000000000000000e+03 5.739999999999995106e-02
5.020000000000000000e+03 6.060000000000002190e-02
5.040000000000000000e+03 6.560000000000001941e-02
5.060000000000000000e+03 7.129999999999996063e-02
5.080000000000000000e+03 7.709999999999993248e-02
5.100000000000000000e+03 8.180000000000006710e-02
5.120000000000000000e+03 8.500000000000000611e-02
5.140000000000000000e+03 8.609999999999999598e-02
5.160000000000000000e+03 8.500000000000000611e-02
5.180000000000000000e+03 8.209999999999993692e-02
5.200000000000000000e+03 7.799999999999997213e-02
5.220000000000000000e+03 7.340000000000003466e-02
5.240000000000000000e+03 6.909999999999996700e-02
5.260000000000000000e+03 6.599999999999994760e-02
5.280000000000000000e+03 6.450000000000002953e-02
5.300000000000000000e+03 6.469999999999999363e-02
5.320000000000000000e+03 6.659999999999996478e-02
5.340000000000000000e+03 6.959999999999993969e-02
5.360000000000000000e+03 7.310000000000002607e-02
5.380000000000000000e+03 7.680000000000006266e-02
5.400000000000000000e+03 7.959999999999993470e-02
5.420000000000000000e+03 8.170000000000002260e-02
5.440000000000000000e+03 8.239999999999994551e-02
5.460000000000000000e+03 8.170000000000002260e-02
5.480000000000000000e+03 7.959999999999993470e-02
5.500000000000000000e+03 7.689999999999998226e-02
5.520000000000000000e+03 7.310000000000002607e-02
5.540000000000000000e+03 6.939999999999997560e-02
5.560000000000000000e+03 6.629999999999995619e-02
5.580000000000000000e+03 6.379999999999995397e-02
5.600000000000000000e+03 6.250000000000000000e-02
5.620000000000000000e+03 6.189999999999997587e-02
5.640000000000000000e+03 6.269999999999996410e-02
5.660000000000000000e+03 6.439999999999997116e-02
5.680000000000000000e+03 6.629999999999995619e-02
5.700000000000000000e+03 6.849999999999994982e-02
5.720000000000000000e+03 7.030000000000001525e-02
5.740000000000000000e+03 7.209999999999994191e-02
5.760000000000000000e+03 7.290000000000006197e-02
5.780000000000000000e+03 7.310000000000002607e-02
5.800000000000000000e+03 7.249999999999999500e-02
5.820000000000000000e+03 7.049999999999996547e-02
5.840000000000000000e+03 6.790000000000005753e-02
5.860000000000000000e+03 6.549999999999997491e-02
5.880000000000000000e+03 6.189999999999997587e-02
5.900000000000000000e+03 5.909999999999996506e-02
5.920000000000000000e+03 5.659999999999996284e-02
5.940000000000000000e+03 5.450000000000002759e-02
5.960000000000000000e+03 5.329999999999998628e-02
5.980000000000000000e+03 5.260000000000004949e-02
6.000000000000000000e+03 5.319999999999993484e-02
6.020000000000000000e+03 5.409999999999996756e-02
6.040000000000000000e+03 5.609999999999999709e-02
6.060000000000000000e+03 5.819999999999993234e-02
6.080000000000000000e+03 6.069999999999993456e-02
6.100000000000000000e+03 6.299999999999997269e-02
6.120000000000000000e+03 6.510000000000004672e-02
6.140000000000000000e+03 6.650000000000005906e-02
6.160000000000000000e+03 6.760000000000004894e-02
6.180000000000000000e+03 6.810000000000002163e-02
6.200000000000000000e+03 6.799999999999997713e-02
6.220000000000000000e+03 6.730000000000004035e-02
6.240000000000000000e+03 6.590000000000002800e-02
6.260000000000000000e+03 6.459999999999993525e-02
6.280000000000000000e+03 6.290000000000006697e-02
6.300000000000000000e+03 6.109999999999999459e-02
6.320000000000000000e+03 5.909999999999996506e-02
6.340000000000000000e+03 5.780000000000001109e-02
6.360000000000000000e+03 5.689999999999997837e-02
6.380000000000000000e+03 5.620000000000004853e-02
6.400000000000000000e+03 5.599999999999994565e-02
6.420000000000000000e+03 5.629999999999995425e-02
6.440000000000000000e+03 5.680000000000006571e-02
6.460000000000000000e+03 5.780000000000001109e-02
6.480000000000000000e+03 5.890000000000000790e-02
6.500000000000000000e+03 6.010000000000004922e-02
6.520000000000000000e+03 6.129999999999995175e-02
6.540000000000000000e+03 6.219999999999999141e-02
6.560000000000000000e+03 6.310000000000001719e-02
6.580000000000000000e+03 6.349999999999994538e-02
6.600000000000000000e+03 6.359999999999998987e-02
6.620000000000000000e+03 6.329999999999998128e-02
6.640000000000000000e+03 6.260000000000004450e-02
6.660000000000000000e+03 6.170000000000001872e-02
6.680000000000000000e+03 6.040000000000006475e-02
6.700000000000000000e+03 5.890000000000000790e-02
6.720000000000000000e+03 5.730000000000003840e-02
6.740000000000000000e+03 5.560000000000002440e-02
6.760000000000000000e+03 5.400000000000005490e-02
6.780000000000000000e+03 5.319999999999993484e-02
6.800000000000000000e+03 5.230000000000004090e-02
6.820000000000000000e+03 5.189999999999997393e-02
6.840000000000000000e+03 5.180000000000006821e-02
6.860000000000000000e+03 5.219999999999998946e-02
6.880000000000000000e+03 5.329999999999998628e-02
6.900000000000000000e+03 5.469999999999999168e-02
6.920000000000000000e+03 5.670000000000001428e-02
6.940000000000000000e+03 5.890000000000000790e-02
6.960000000000000000e+03 6.150000000000005462e-02
6.980000000000000000e+03 6.400000000000005684e-02
7.000000000000000000e+03 6.670000000000002316e-02
7.020000000000000000e+03 6.930000000000006988e-02
7.040000000000000000e+03 7.150000000000006350e-02
7.060000000000000000e+03 7.340000000000003466e-02
7.080000000000000000e+03 7.519999999999996132e-02
7.100000000000000000e+03 7.650000000000005407e-02
7.120000000000000000e+03 7.760000000000005782e-02
7.140000000000000000e+03 7.780000000000000804e-02
7.160000000000000000e+03 7.769999999999996354e-02
7.180000000000000000e+03 7.709999999999993248e-02
7.200000000000000000e+03 7.569999999999993401e-02
7.220000000000000000e+03 7.430000000000007432e-02
7.240000000000000000e+03 7.269999999999995910e-02
7.260000000000000000e+03 7.079999999999998794e-02
7.280000000000000000e+03 6.849999999999994982e-02
7.300000000000000000e+03 6.609999999999999210e-02
7.320000000000000000e+03 6.340000000000003966e-02
7.340000000000000000e+03 6.140000000000000319e-02
7.360000000000000000e+03 5.930000000000006793e-02
7.380000000000000000e+03 5.739999999999995106e-02
7.400000000000000000e+03 5.590000000000003300e-02
7.420000000000000000e+03 5.469999999999999168e-02
7.440000000000000000e+03 5.390000000000000346e-02
7.460000000000000000e+03 5.349999999999994343e-02
7.480000000000000000e+03 5.340000000000003078e-02
7.500000000000000000e+03 5.400000000000005490e-02
7.520000000000000000e+03 5.480000000000004312e-02
7.540000000000000000e+03 5.579999999999998156e-02
7.560000000000000000e+03 5.719999999999998697e-02
7.580000000000000000e+03 5.870000000000004381e-02
7.600000000000000000e+03 6.040000000000006475e-02
7.620000000000000000e+03 6.209999999999993997e-02
7.640000000000000000e+03 6.370000000000004825e-02
7.660000000000000000e+03 6.530000000000001081e-02
7.680000000000000000e+03 6.680000000000006766e-02
7.700000000000000000e+03 6.810000000000002163e-02
7.720000000000000000e+03 6.900000000000006128e-02
7.740000000000000000e+03 6.969999999999998419e-02
7.760000000000000000e+03 7.000000000000000666e-02
7.780000000000000000e+03 7.010000000000005116e-02
7.800000000000000000e+03 7.000000000000000666e-02
7.820000000000000000e+03 6.950000000000003397e-02
7.840000000000000000e+03 6.870000000000003881e-02
7.860000000000000000e+03 6.769999999999995466e-02
7.880000000000000000e+03 6.659999999999996478e-02
7.900000000000000000e+03 6.519999999999996632e-02
7.920000000000000000e+03 6.370000000000004825e-02
7.940000000000000000e+03 6.239999999999994856e-02
7.960000000000000000e+03 6.120000000000004603e-02
7.980000000000000000e+03 5.989999999999994634e-02
8.000000000000000000e+03 5.870000000000004381e-02
8.020000000000000000e+03 5.760000000000005393e-02
8.040000000000000000e+03 5.680000000000006571e-02
8.060000000000000000e+03 5.640000000000000568e-02
8.080000000000000000e+03 5.609999999999999709e-02
8.100000000000000000e+03 5.599999999999994565e-02
8.120000000000000000e+03 5.640000000000000568e-02
8.140000000000000000e+03 5.739999999999995106e-02
8.160000000000000000e+03 5.879999999999995647e-02
8.180000000000000000e+03 6.060000000000002190e-02
8.200000000000000000e+03 6.260000000000004450e-02
8.220000000000000000e+03 6.459999999999993525e-02
8.240000000000000000e+03 6.700000000000003175e-02
8.260000000000000000e+03 6.959999999999993969e-02
8.280000000000000000e+03 7.209999999999994191e-02
8.300000000000000000e+03 7.489999999999995273e-02
8.320000000000000000e+03 7.760000000000005782e-02
8.340000000000000000e+03 8.030000000000001026e-02
8.360000000000000000e+03 8.260000000000004838e-02
8.380000000000000000e+03 8.480000000000004201e-02
8.400000000000000000e+03 8.730000000000004423e-02
8.420000000000000000e+03 8.939999999999997948e-02
8.440000000000000000e+03 9.099999999999994205e-02
8.460000000000000000e+03 9.239999999999995439e-02
8.480000000000000000e+03 9.379999999999995286e-02
8.500000000000000000e+03 9.450000000000002842e-02
8.520000000000000000e+03 9.500000000000000111e-02
8.540000000000000000e+03 9.500000000000000111e-02
8.560000000000000000e+03 9.519999999999996521e-02
8.580000000000000000e+03 9.450000000000002842e-02
8.600000000000000000e+03 9.310000000000001608e-02
8.620000000000000000e+03 9.170000000000001761e-02
8.640000000000000000e+03 8.999999999999999667e-02
8.660000000000000000e+03 8.810000000000002551e-02
8.680000000000000000e+03 8.599999999999993761e-02
8.700000000000000000e+03 8.379999999999995786e-02
8.720000000000000000e+03 8.140000000000000013e-02
8.740000000000000000e+03 7.890000000000001179e-02
8.760000000000000000e+03 7.640000000000000957e-02
8.780000000000000000e+03 7.400000000000005185e-02
8.800000000000000000e+03 7.150000000000006350e-02
8.820000000000000000e+03 6.900000000000006128e-02
8.840000000000000000e+03 6.689999999999997338e-02
8.860000000000000000e+03 6.500000000000000222e-02
8.880000000000000000e+03 6.329999999999998128e-02
8.900000000000000000e+03 6.180000000000007015e-02
8.920000000000000000e+03 6.069999999999993456e-02
8.940000000000000000e+03 5.999999999999999778e-02
8.960000000000000000e+03 5.959999999999993775e-02
8.980000000000000000e+03 5.969999999999998919e-02
9.000000000000000000e+03 6.019999999999996187e-02
9.020000000000000000e+03 6.099999999999994316e-02
9.040000000000000000e+03 6.209999999999993997e-02
9.060000000000000000e+03 6.370000000000004825e-02
9.080000000000000000e+03 6.549999999999997491e-02
9.100000000000000000e+03 6.769999999999995466e-02
9.120000000000000000e+03 7.010000000000005116e-02
9.140000000000000000e+03 7.280000000000001747e-02
9.160000000000000000e+03 7.560000000000002829e-02
9.180000000000000000e+03 7.849999999999994482e-02
9.200000000000000000e+03 8.170000000000002260e-02
9.220000000000000000e+03 8.489999999999994773e-02
9.240000000000000000e+03 8.799999999999996714e-02
9.260000000000000000e+03 9.099999999999994205e-02
9.280000000000000000e+03 9.409999999999996145e-02
9.300000000000000000e+03 9.709999999999993636e-02
9.320000000000000000e+03 1.000000000000000056e-01
9.340000000000000000e+03 1.024999999999999939e-01
9.360000000000000000e+03 1.049999999999999961e-01
9.380000000000000000e+03 1.073999999999999538e-01
9.400000000000000000e+03 1.093000000000000638e-01
9.420000000000000000e+03 1.109000000000000402e-01
9.440000000000000000e+03 1.120999999999999358e-01
9.460000000000000000e+03 1.129999999999999755e-01
9.480000000000000000e+03 1.139000000000000012e-01
9.500000000000000000e+03 1.142000000000000237e-01
9.520000000000000000e+03 1.142000000000000237e-01
9.540000000000000000e+03 1.139000000000000012e-01
9.560000000000000000e+03 1.132999999999999841e-01
9.580000000000000000e+03 1.125000000000000028e-01
9.600000000000000000e+03 1.112999999999999545e-01
9.620000000000000000e+03 1.100000000000000006e-01
9.640000000000000000e+03 1.084000000000000380e-01
9.660000000000000000e+03 1.065000000000000530e-01
9.680000000000000000e+03 1.043999999999999789e-01
9.700000000000000000e+03 1.020999999999999408e-01
9.720000000000000000e+03 9.980000000000004146e-02
9.740000000000000000e+03 9.709999999999993636e-02
9.760000000000000000e+03 9.430000000000006433e-02
9.780000000000000000e+03 9.159999999999995923e-02
9.800000000000000000e+03 8.849999999999993983e-02
9.820000000000000000e+03 8.560000000000002329e-02
9.840000000000000000e+03 8.280000000000001248e-02
9.860000000000000000e+03 7.969999999999999307e-02
9.880000000000000000e+03 7.670000000000001816e-02
9.900000000000000000e+03 7.390000000000000735e-02
9.920000000000000000e+03 7.099999999999993816e-02
9.940000000000000000e+03 6.849999999999994982e-02
9.960000000000000000e+03 6.609999999999999210e-02
9.980000000000000000e+03 6.400000000000005684e-02
1.000000000000000000e+04 6.189999999999997587e-02
1.002000000000000000e+04 6.030000000000001331e-02
1.004000000000000000e+04 5.859999999999999237e-02
1.006000000000000000e+04 5.739999999999995106e-02
1.008000000000000000e+04 5.650000000000005712e-02
1.010000000000000000e+04 5.569999999999993012e-02
1.012000000000000000e+04 5.530000000000000887e-02
1.014000000000000000e+04 5.519999999999995743e-02
1.016000000000000000e+04 5.530000000000000887e-02
1.018000000000000000e+04 5.569999999999993012e-02
1.020000000000000000e+04 5.659999999999996284e-02
1.022000000000000000e+04 5.750000000000000250e-02
1.024000000000000000e+04 5.879999999999995647e-02
1.026000000000000000e+04 6.030000000000001331e-02
1.028000000000000000e+04 6.170000000000001872e-02
1.030000000000000000e+04 6.359999999999998987e-02
1.032000000000000000e+04 6.549999999999997491e-02
1.034000000000000000e+04 6.769999999999995466e-02
1.036000000000000000e+04 6.980000000000004257e-02
1.038000000000000000e+04 7.209999999999994191e-02
1.040000000000000000e+04 7.450000000000002454e-02
1.042000000000000000e+04 7.670000000000001816e-02
1.044000000000000000e+04 7.930000000000006488e-02
1.046000000000000000e+04 8.159999999999996423e-02
1.048000000000000000e+04 8.400000000000006073e-02
1.050000000000000000e+04 8.629999999999996008e-02
1.052000000000000000e+04 8.859999999999999820e-02
1.054000000000000000e+04 9.079999999999997795e-02
1.056000000000000000e+04 9.280000000000000748e-02
1.058000000000000000e+04 9.430000000000006433e-02
1.060000000000000000e+04 9.659999999999996367e-02
1.062000000000000000e+04 9.799999999999997602e-02
1.064000000000000000e+04 9.939999999999997449e-02
1.066000000000000000e+04 1.007999999999999868e-01
1.068000000000000000e+04 1.015999999999999681e-01
1.070000000000000000e+04 1.028000000000000164e-01
1.072000000000000000e+04 1.034000000000000336e-01
1.074000000000000000e+04 1.040000000000000507e-01
1.076000000000000000e+04 1.043999999999999789e-01
1.078000000000000000e+04 1.045999999999999430e-01
1.080000000000000000e+04 1.045999999999999430e-01
1.082000000000000000e+04 1.045000000000000234e-01
1.084000000000000000e+04 1.040999999999999703e-01
1.086000000000000000e+04 1.037999999999999479e-01
1.088000000000000000e+04 1.029000000000000609e-01
1.090000000000000000e+04 1.021999999999999853e-01
1.092000000000000000e+04 1.010999999999999954e-01
1.094000000000000000e+04 9.989999999999994718e-02
1.096000000000000000e+04 9.849999999999994871e-02
1.098000000000000000e+04 9.730000000000003924e-02
1.100000000000000000e+04 9.579999999999998239e-02
