2.000000000000000000e+03 0.000000000000000000e+00
2.030100334448160538e+03 0.000000000000000000e+00
2.060200668896321076e+03 0.000000000000000000e+00
2.090301003344481614e+03 0.000000000000000000e+00
2.120401337792642153e+03 0.000000000000000000e+00
2.150501672240802691e+03 0.000000000000000000e+00
2.180602006688963229e+03 0.000000000000000000e+00
2.210702341137123767e+03 0.000000000000000000e+00
2.240802675585284305e+03 0.000000000000000000e+00
2.270903010033444843e+03 0.000000000000000000e+00
2.301003344481605382e+03 0.000000000000000000e+00
2.331103678929765920e+03 0.000000000000000000e+00
2.361204013377926458e+03 0.000000000000000000e+00
2.391304347826086996e+03 0.000000000000000000e+00
2.421404682274247534e+03 0.000000000000000000e+00
2.451505016722408072e+03 0.000000000000000000e+00
2.481605351170568611e+03 0.000000000000000000e+00
2.511705685618729149e+03 0.000000000000000000e+00
2.541806020066889687e+03 0.000000000000000000e+00
2.571906354515050225e+03 0.000000000000000000e+00
2.602006688963210763e+03 0.000000000000000000e+00
2.632107023411371301e+03 0.000000000000000000e+00
2.662207357859531839e+03 0.000000000000000000e+00
2.692307692307692378e+03 0.000000000000000000e+00
2.722408026755852916e+03 0.000000000000000000e+00
2.752508361204013454e+03 0.000000000000000000e+00
2.782608695652173992e+03 0.000000000000000000e+00
2.812709030100334530e+03 0.000000000000000000e+00
2.842809364548495068e+03 0.000000000000000000e+00
2.872909698996655607e+03 0.000000000000000000e+00
2.903010033444816145e+03 0.000000000000000000e+00
2.933110367892976683e+03 0.000000000000000000e+00
2.963210702341137221e+03 0.000000000000000000e+00
2.993311036789297759e+03 0.000000000000000000e+00
3.023411371237458297e+03 0.000000000000000000e+00
3.053511705685618836e+03 0.000000000000000000e+00
3.083612040133779374e+03 0.000000000000000000e+00
3.113712374581939912e+03 8.113717811181940737e-04
3.143812709030100450e+03 6.441380191735519845e-03
3.173913043478260988e+03 3.862331053276203685e-02
3.204013377926421526e+03 1.549964480205796857e-01
3.234113712374582065e+03 3.617214205231624180e-01
3.264214046822742603e+03 5.857178915324351420e-01
3.294314381270903141e+03 7.257254203616099186e-01
3.324414715719063679e+03 7.763668882528617088e-01
3.354515050167224217e+03 7.595033683756278187e-01
3.384615384615384755e+03 7.232457591914493999e-01
3.414715719063545293e+03 7.143842716679554838e-01
3.444816053511705832e+03 7.350136543181593485e-01
3.474916387959866370e+03 7.797989506159052064e-01
3.505016722408026908e+03 8.377316513922472563e-01
3.535117056856187446e+03 8.879144537154473049e-01
3.565217391304347984e+03 9.278742193609851308e-01
3.595317725752508522e+03 9.485423905511723985e-01
3.625418060200669061e+03 9.468319882815936506e-01
3.655518394648829599e+03 9.272202597217968911e-01
3.685618729096990137e+03 8.951037978318295840e-01
3.715719063545150675e+03 8.598349894248207281e-01
3.745819397993311213e+03 8.292236507662161804e-01
3.775919732441471751e+03 8.084356928017548682e-01
3.806020066889632290e+03 7.995712606695267732e-01
3.836120401337792828e+03 8.027216094239230104e-01
3.866220735785953366e+03 8.161937575332930406e-01
3.896321070234113904e+03 8.379764754017086092e-01
3.926421404682274442e+03 8.640265249250963508e-01
3.956521739130434980e+03 8.912346632643227684e-01
3.986622073578595518e+03 9.159689398146800832e-01
4.016722408026756057e+03 9.349127440062955374e-01
4.046822742474916595e+03 9.456121703765832942e-01
4.076923076923076678e+03 9.468545687983977999e-01
4.107023411371237671e+03 9.399701608064345848e-01
4.137123745819397300e+03 9.263701290824036816e-01
4.167224080267558747e+03 9.089747749337514504e-01
4.197324414715718376e+03 8.904135720775337992e-01
4.227424749163879824e+03 8.728386207482944359e-01
4.257525083612039452e+03 8.581303943884508456e-01
4.287625418060200900e+03 8.473598180621715326e-01
4.317725752508360529e+03 8.413404229824675840e-01
4.347826086956521976e+03 8.401877828327884989e-01
4.377926421404681605e+03 8.436694320526666457e-01
4.408026755852843053e+03 8.511805847797507818e-01
4.438127090301002681e+03 8.618152640832824618e-01
4.468227424749164129e+03 8.743626974683806896e-01
4.498327759197323758e+03 8.875546112854222347e-01
4.528428093645485205e+03 9.002919804056612740e-01
4.558528428093644834e+03 9.113281542667055479e-01
4.588628762541806282e+03 9.195957234414691150e-01
4.618729096989965910e+03 9.245888103766157773e-01
4.648829431438127358e+03 9.258113131073638646e-01
4.678929765886286987e+03 9.233562530922315714e-01
4.709030100334448434e+03 9.172205399657232805e-01
4.739130434782608063e+03 9.085746782049909376e-01
4.769230769230769511e+03 8.975163837105580855e-01
4.799331103678929139e+03 8.852703981756960827e-01
4.829431438127090587e+03 8.725003915635340945e-01
4.859531772575250216e+03 8.599630016490950046e-01
4.889632107023411663e+03 8.485962165125987555e-01
4.919732441471571292e+03 8.385737188383501906e-01
4.949832775919732740e+03 8.307007015039873377e-01
4.979933110367892368e+03 8.249771967961997410e-01
5.010033444816053816e+03 8.216811471708914683e-01
5.040133779264213445e+03 8.208207951384502987e-01
5.070234113712374892e+03 8.224077613970485201e-01
5.100334448160534521e+03 8.262968255166134313e-01
5.130434782608695969e+03 8.323650584138915232e-01
5.160535117056855597e+03 8.401663218378050413e-01
5.190635451505017045e+03 8.496241791012728584e-01
5.220735785953176674e+03 8.601136588270044125e-01
5.250836120401338121e+03 8.715106084333844594e-01
5.280936454849497750e+03 8.831393307198344145e-01
5.311036789297659197e+03 8.946910392515905475e-01
5.341137123745818826e+03 9.059979342841220085e-01
5.371237458193980274e+03 9.162664652921626018e-01
5.401337792642139902e+03 9.255349066749593012e-01
5.431438127090301350e+03 9.331151817622506117e-01
5.461538461538460979e+03 9.392167989926964999e-01
5.491638795986622426e+03 9.433497117786782127e-01
5.521739130434782055e+03 9.455571723170609344e-01
5.551839464882943503e+03 9.459565189285898956e-01
5.581939799331103131e+03 9.445407157128632436e-01
5.612040133779264579e+03 9.413715375865028268e-01
5.642140468227424208e+03 9.367108678529230126e-01
5.672240802675585655e+03 9.307790461647157398e-01
5.702341137123745284e+03 9.236471631080351852e-01
5.732441471571906732e+03 9.158194951557189212e-01
5.762541806020066360e+03 9.073319991138696361e-01
5.792642140468227808e+03 8.984287408442674927e-01
5.822742474916387437e+03 8.893556236088338007e-01
5.852842809364548884e+03 8.803812775906236787e-01
5.882943143812708513e+03 8.716250055920484741e-01
5.913043478260869961e+03 8.632100620715152939e-01
5.943143812709029589e+03 8.553978934965373870e-01
5.973244147157191037e+03 8.482723194910027908e-01
6.003344481605350666e+03 8.419097348324836583e-01
6.033444816053512113e+03 8.363384294346825065e-01
6.063545150501671742e+03 8.316573654987003961e-01
6.093645484949833190e+03 8.278714458097092832e-01
6.123745819397992818e+03 8.250054085925393466e-01
6.153846153846153356e+03 8.231169902172408293e-01
6.183946488294313895e+03 8.221135597470289325e-01
6.214046822742474433e+03 8.220313192304700145e-01
6.244147157190634971e+03 8.228581938515385774e-01
6.274247491638795509e+03 8.245409294300433123e-01
6.304347826086956047e+03 8.269818745117144543e-01
6.334448160535116585e+03 8.301262666986826133e-01
6.364548494983277124e+03 8.339651454611707315e-01
6.394648829431437662e+03 8.383766670702162971e-01
6.424749163879598200e+03 8.433420557996297307e-01
6.454849498327758738e+03 8.489062019146491611e-01
6.484949832775919276e+03 8.547423312455806332e-01
6.515050167224079814e+03 8.609068675697513218e-01
6.545150501672240352e+03 8.674265397033859015e-01
6.575250836120400891e+03 8.740608210274872780e-01
6.605351170568561429e+03 8.808334278575713494e-01
6.635451505016721967e+03 8.877784227774783155e-01
6.665551839464882505e+03 8.946686429160415344e-01
6.695652173913043043e+03 9.014448966456195533e-01
6.725752508361203581e+03 9.081266612022751428e-01
6.755852842809364120e+03 9.145748952173210489e-01
6.785953177257524658e+03 9.207348838350526421e-01
6.816053511705685196e+03 9.266130374098033862e-01
6.846153846153845734e+03 9.321418727925736558e-01
6.876254180602006272e+03 9.372851964882392695e-01
6.906354515050166810e+03 9.419775016001098455e-01
6.936454849498327349e+03 9.461681079654195026e-01
6.966555183946487887e+03 9.498619127838997533e-01
6.996655518394648425e+03 9.530328625919292085e-01
7.026755852842808963e+03 9.556189611788065141e-01
7.056856187290969501e+03 9.576153243258593850e-01
7.086956521739130039e+03 9.590333461162515727e-01
7.117056856187290578e+03 9.599029630393841606e-01
7.147157190635451116e+03 9.602165602218482032e-01
7.177257525083611654e+03 9.599971076953242033e-01
7.207357859531772192e+03 9.592439438888935577e-01
7.237458193979932730e+03 9.579508968323133811e-01
7.267558528428093268e+03 9.561868005512403901e-01
7.297658862876253806e+03 9.539629205887716346e-01
7.327759197324414345e+03 9.512548982329760427e-01
7.357859531772574883e+03 9.481858914372122138e-01
7.387959866220735421e+03 9.447248555431165817e-01
7.418060200668895959e+03 9.409343057869158367e-01
7.448160535117056497e+03 9.368378317260515065e-01
7.478260869565217035e+03 9.324313865555933223e-01
7.508361204013377574e+03 9.278253547028267878e-01
7.538461538461538112e+03 9.230366550181371421e-01
7.568561872909698650e+03 9.180817770030625935e-01
7.598662207357859188e+03 9.130368464500858705e-01
7.628762541806019726e+03 9.078692048787267987e-01
7.658862876254180264e+03 9.026736396458147071e-01
7.688963210702340803e+03 8.974672765677691455e-01
7.719063545150501341e+03 8.922937081328586872e-01
7.749163879598661879e+03 8.871465837226141238e-01
7.779264214046822417e+03 8.820861332729296178e-01
7.809364548494982955e+03 8.771341376973913473e-01
7.839464882943143493e+03 8.723572287319122376e-01
7.869565217391304031e+03 8.677276754719002172e-01
7.899665551839464570e+03 8.632905969195665552e-01
7.929765886287625108e+03 8.590808550862262249e-01
7.959866220735785646e+03 8.550801490385810943e-01
7.989966555183946184e+03 8.513728813430138098e-01
8.020066889632106722e+03 8.478637737077557857e-01
8.050167224080267260e+03 8.447208487926650688e-01
8.080267558528427799e+03 8.417895555521066608e-01
8.110367892976588337e+03 8.392565741719815176e-01
8.140468227424748875e+03 8.370076841548994562e-01
8.170568561872909413e+03 8.350748867889382643e-01
8.200668896321069042e+03 8.334680374476732823e-01
8.230769230769230489e+03 8.322322831874801041e-01
8.260869565217391937e+03 8.313180396568951025e-01
8.290969899665551566e+03 8.307818143310073955e-01
8.321070234113711194e+03 8.305358436959198176e-01
8.351170568561872642e+03 8.306815080256878536e-01
8.381270903010034090e+03 8.312064061073890509e-01
8.411371237458193718e+03 8.320590282774904534e-01
8.441471571906353347e+03 8.332836174179564237e-01
8.471571906354514795e+03 8.348295468299767874e-01
8.501672240802676242e+03 8.367349521906936038e-01
8.531772575250835871e+03 8.389286069227696041e-01
8.561872909698995500e+03 8.414671486756498675e-01
8.591973244147156947e+03 8.442756389121451877e-01
8.622073578595318395e+03 8.474802921601021222e-01
8.652173913043478024e+03 8.508767716042812124e-01
8.682274247491637652e+03 8.546416747529985702e-01
8.712374581939799100e+03 8.585536425710060815e-01
8.742474916387960548e+03 8.627944444107147337e-01
8.772575250836120176e+03 8.672076983037737552e-01
8.802675585284279805e+03 8.718481856647110062e-01
8.832775919732441253e+03 8.766587131358830609e-01
8.862876254180602700e+03 8.816155847231320619e-01
8.892976588628762329e+03 8.867067535693605729e-01
8.923076923076921958e+03 8.918863647231120018e-01
8.953177257525083405e+03 8.972321217141863148e-01
8.983277591973244853e+03 9.025394881005596170e-01
9.013377926421404482e+03 9.079504713490482715e-01
9.043478260869564110e+03 9.133038215021663797e-01
9.073578595317725558e+03 9.186422710061218355e-01
9.103678929765887005e+03 9.239186689830756194e-01
9.133779264214046634e+03 9.290553675761715757e-01
9.163879598662206263e+03 9.340728096680797066e-01
9.193979933110367710e+03 9.389159178577388687e-01
9.224080267558529158e+03 9.435803538843033911e-01
9.254180602006688787e+03 9.479914687801205275e-01
9.284280936454848415e+03 9.521168112779260229e-01
9.314381270903009863e+03 9.559692636292297374e-01
9.344481605351171311e+03 9.594329340650685767e-01
9.374581939799330939e+03 9.625401867591563132e-01
9.404682274247490568e+03 9.652265649585854979e-01
9.434782608695652016e+03 9.674609805503329163e-01
9.464882943143813463e+03 9.692211470569264131e-01
9.494983277591973092e+03 9.704778101813379410e-01
9.525083612040132721e+03 9.712033160501110096e-01
9.555183946488294168e+03 9.713650999690391918e-01
9.585284280936455616e+03 9.709487276152645174e-01
9.615384615384615245e+03 9.699074205357398615e-01
9.645484949832774873e+03 9.682456602123206135e-01
9.675585284280936321e+03 9.659464457999530351e-01
9.705685618729097769e+03 9.630058483973042982e-01
9.735785953177257397e+03 9.593655915835664905e-01
9.765886287625417026e+03 9.550627655937522498e-01
9.795986622073578474e+03 9.500940941866647949e-01
9.826086956521739921e+03 9.443958511057811700e-01
9.856187290969899550e+03 9.380698603397346069e-01
9.886287625418059179e+03 9.310423846886073385e-01
9.916387959866220626e+03 9.233279220987118396e-01
9.946488294314382074e+03 9.150252235797653455e-01
9.976588628762541703e+03 9.060340450835807635e-01
1.000668896321070133e+04 8.963842948783681264e-01
1.003678929765886278e+04 8.862162597914852169e-01
1.006688963210702423e+04 8.753852417306106082e-01
1.009698996655518386e+04 8.640357516856050912e-01
1.012709030100334348e+04 8.521542817486325028e-01
1.015719063545150493e+04 8.397288294399110065e-01
1.018729096989966638e+04 8.269627160489396722e-01
1.021739130434782601e+04 8.135310176269557880e-01
1.024749163879598564e+04 7.999343435363183152e-01
1.027759197324414708e+04 7.859510543519457881e-01
1.030769230769230671e+04 7.714454480167183270e-01
1.033779264214046816e+04 7.568674405074028444e-01
1.036789297658862779e+04 7.419376827207662117e-01
1.039799331103678924e+04 7.267211745375680154e-01
1.042809364548494887e+04 7.114757309350188130e-01
1.045819397993311031e+04 6.963830302260152205e-01
1.048829431438126994e+04 6.809335309055378760e-01
1.051839464882943139e+04 6.647583280002808959e-01
1.054849498327759102e+04 6.491013623968663326e-01
1.057859531772575247e+04 6.332959829524933415e-01
1.060869565217391209e+04 6.176833811704115496e-01
1.063879598662207354e+04 6.019511392968841523e-01
1.066889632107023317e+04 5.863357157200534964e-01
1.069899665551839462e+04 5.709715284416887471e-01
1.072909698996655425e+04 5.554281818811428462e-01
1.075919732441471569e+04 5.403307147353678674e-01
1.078929765886287532e+04 5.253504126019694631e-01
1.081939799331103677e+04 5.104612154658939582e-01
1.084949832775919640e+04 4.959704726175411804e-01
1.087959866220735785e+04 4.815615174592922099e-01
1.090969899665551748e+04 4.674727696346317463e-01
1.093979933110367892e+04 4.537452615069521578e-01
1.096989966555183855e+04 4.400300390251404292e-01
1.100000000000000000e+04 4.268536484668620234e-01
