2.000000000000000000e+03 0.000000000000000000e+00
2.030100334448160538e+03 0.000000000000000000e+00
2.060200668896321076e+03 0.000000000000000000e+00
2.090301003344481614e+03 0.000000000000000000e+00
2.120401337792642153e+03 0.000000000000000000e+00
2.150501672240802691e+03 0.000000000000000000e+00
2.180602006688963229e+03 0.000000000000000000e+00
2.210702341137123767e+03 0.000000000000000000e+00
2.240802675585284305e+03 0.000000000000000000e+00
2.270903010033444843e+03 0.000000000000000000e+00
2.301003344481605382e+03 0.000000000000000000e+00
2.331103678929765920e+03 0.000000000000000000e+00
2.361204013377926458e+03 0.000000000000000000e+00
2.391304347826086996e+03 0.000000000000000000e+00
2.421404682274247534e+03 0.000000000000000000e+00
2.451505016722408072e+03 0.000000000000000000e+00
2.481605351170568611e+03 0.000000000000000000e+00
2.511705685618729149e+03 0.000000000000000000e+00
2.541806020066889687e+03 0.000000000000000000e+00
2.571906354515050225e+03 0.000000000000000000e+00
2.602006688963210763e+03 0.000000000000000000e+00
2.632107023411371301e+03 0.000000000000000000e+00
2.662207357859531839e+03 0.000000000000000000e+00
2.692307692307692378e+03 0.000000000000000000e+00
2.722408026755852916e+03 0.000000000000000000e+00
2.752508361204013454e+03 0.000000000000000000e+00
2.782608695652173992e+03 0.000000000000000000e+00
2.812709030100334530e+03 0.000000000000000000e+00
2.842809364548495068e+03 0.000000000000000000e+00
2.872909698996655607e+03 0.000000000000000000e+00
2.903010033444816145e+03 0.000000000000000000e+00
2.933110367892976683e+03 0.000000000000000000e+00
2.963210702341137221e+03 0.000000000000000000e+00
2.993311036789297759e+03 0.000000000000000000e+00
3.023411371237458297e+03 0.000000000000000000e+00
3.053511705685618836e+03 0.000000000000000000e+00
3.083612040133779374e+03 0.000000000000000000e+00
3.113712374581939912e+03 3.488047405419545977e-05
3.143812709030100450e+03 4.353789858869796300e-04
3.173913043478260988e+03 4.024759444339817693e-03
3.204013377926421526e+03 2.339582561089322693e-02
3.234113712374582065e+03 7.068223117498818875e-02
3.264214046822742603e+03 1.414226504048090860e-01
3.294314381270903141e+03 2.128937338290107506e-01
3.324414715719063679e+03 2.774387157642941304e-01
3.354515050167224217e+03 3.192615188833690110e-01
3.384615384615384755e+03 3.451978351266983824e-01
3.414715719063545293e+03 3.890327418714532581e-01
3.444816053511705832e+03 4.541941512785528934e-01
3.474916387959866370e+03 5.386257037287595084e-01
3.505016722408026908e+03 6.293853885472009413e-01
3.535117056856187446e+03 6.837200398271846558e-01
3.565217391304347984e+03 7.245761110677102490e-01
3.595317725752508522e+03 7.485852808067706698e-01
3.625418060200669061e+03 7.597172283685866834e-01
3.655518394648829599e+03 7.622123724139887591e-01
3.685618729096990137e+03 7.521427120444383885e-01
3.715719063545150675e+03 7.452407525240544173e-01
3.745819397993311213e+03 7.457862558967045530e-01
3.775919732441471751e+03 7.576494416653829500e-01
3.806020066889632290e+03 7.787343063127225573e-01
3.836120401337792828e+03 8.035607129098542023e-01
3.866220735785953366e+03 8.317088186805798866e-01
3.896321070234113904e+03 8.594216063052124710e-01
3.926421404682274442e+03 8.795096919978168115e-01
3.956521739130434980e+03 8.927253866737835386e-01
3.986622073578595518e+03 8.987551321994622366e-01
4.016722408026756057e+03 8.970140301425207907e-01
4.046822742474916595e+03 8.893565900652378176e-01
4.076923076923076678e+03 8.783154619271960062e-01
4.107023411371237671e+03 8.671657779460094639e-01
4.137123745819397300e+03 8.577211616395613580e-01
4.167224080267558747e+03 8.519541810464165144e-01
4.197324414715718376e+03 8.505387807029517466e-01
4.227424749163879824e+03 8.528999646134285406e-01
4.257525083612039452e+03 8.590820204353062373e-01
4.287625418060200900e+03 8.682640363225101465e-01
4.317725752508360529e+03 8.792204420262081932e-01
4.347826086956521976e+03 8.905687237300859982e-01
4.377926421404681605e+03 9.008931606752156318e-01
4.408026755852843053e+03 9.089430942107912248e-01
4.438127090301002681e+03 9.137787968589335952e-01
4.468227424749164129e+03 9.149154274819841781e-01
4.498327759197323758e+03 9.123495296576794589e-01
4.528428093645485205e+03 9.062578484396784928e-01
4.558528428093644834e+03 8.972746973584770913e-01
4.588628762541806282e+03 8.866492651874227082e-01
4.618729096989965910e+03 8.751502060681900508e-01
4.648829431438127358e+03 8.635917678643523221e-01
4.678929765886286987e+03 8.531099792269333237e-01
4.709030100334448434e+03 8.438942553959932757e-01
4.739130434782608063e+03 8.372505230934140785e-01
4.769230769230769511e+03 8.328599256690130126e-01
4.799331103678929139e+03 8.312465473309590402e-01
4.829431438127090587e+03 8.323173228475251317e-01
4.859531772575250216e+03 8.359555186811366001e-01
4.889632107023411663e+03 8.419469622642549167e-01
4.919732441471571292e+03 8.499907492464938707e-01
4.949832775919732740e+03 8.594534862625939908e-01
4.979933110367892368e+03 8.700153455261888658e-01
5.010033444816053816e+03 8.809585178089229807e-01
5.040133779264213445e+03 8.915431454602498196e-01
5.070234113712374892e+03 9.015844787472808708e-01
5.100334448160534521e+03 9.106522268097974049e-01
5.130434782608695969e+03 9.182603330225032057e-01
5.160535117056855597e+03 9.240496744806006024e-01
5.190635451505017045e+03 9.280651707076643664e-01
5.220735785953176674e+03 9.300350433659094751e-01
5.250836120401338121e+03 9.301891742700651999e-01
5.280936454849497750e+03 9.284721781513028960e-01
5.311036789297659197e+03 9.252143174447637897e-01
5.341137123745818826e+03 9.206439357393206846e-01
5.371237458193980274e+03 9.150465049341163226e-01
5.401337792642139902e+03 9.087631244657758955e-01
5.431438127090301350e+03 9.021964182719044434e-01
5.461538461538460979e+03 8.954038907058505803e-01
5.491638795986622426e+03 8.885412674456725224e-01
5.521739130434782055e+03 8.820059290776467442e-01
5.551839464882943503e+03 8.761349463767308388e-01
5.581939799331103131e+03 8.709548806940126120e-01
5.612040133779264579e+03 8.664965906552221098e-01
5.642140468227424208e+03 8.629391125371376203e-01
5.672240802675585655e+03 8.603230238062677948e-01
5.702341137123745284e+03 8.584776345460315428e-01
5.732441471571906732e+03 8.575592971302148371e-01
5.762541806020066360e+03 8.574121086558832427e-01
5.792642140468227808e+03 8.579317183565723370e-01
5.822742474916387437e+03 8.589484626679414481e-01
5.852842809364548884e+03 8.604279659261762081e-01
5.882943143812708513e+03 8.623247750551270574e-01
5.913043478260869961e+03 8.643937739343715565e-01
5.943143812709029589e+03 8.665588700788344756e-01
5.973244147157191037e+03 8.687560788197995487e-01
6.003344481605350666e+03 8.708800666308759153e-01
6.033444816053512113e+03 8.727231139487471312e-01
6.063545150501671742e+03 8.742902227021032147e-01
6.093645484949833190e+03 8.755169145462631253e-01
6.123745819397992818e+03 8.763696103040830021e-01
6.153846153846153356e+03 8.768769016705643127e-01
6.183946488294313895e+03 8.769052123429249557e-01
6.214046822742474433e+03 8.765928567846671404e-01
6.244147157190634971e+03 8.759910111213657924e-01
6.274247491638795509e+03 8.750685521961604207e-01
6.304347826086956047e+03 8.738385643130284208e-01
6.334448160535116585e+03 8.723660200311792456e-01
6.364548494983277124e+03 8.707426503917470306e-01
6.394648829431437662e+03 8.690138212238216475e-01
6.424749163879598200e+03 8.672705394864176354e-01
6.454849498327758738e+03 8.656083070293988380e-01
6.484949832775919276e+03 8.640323762307623445e-01
6.515050167224079814e+03 8.626467105113164724e-01
6.545150501672240352e+03 8.615443637161004364e-01
6.575250836120400891e+03 8.607220680007514613e-01
6.605351170568561429e+03 8.602678801443025547e-01
6.635451505016721967e+03 8.602880575608096159e-01
6.665551839464882505e+03 8.607305871726343982e-01
6.695652173913043043e+03 8.616199367813115462e-01
6.725752508361203581e+03 8.629928328002904880e-01
6.755852842809364120e+03 8.648234483534683603e-01
6.785953177257524658e+03 8.671084117618089726e-01
6.816053511705685196e+03 8.698684273653140009e-01
6.846153846153845734e+03 8.730729814127610178e-01
6.876254180602006272e+03 8.766963112234158473e-01
6.906354515050166810e+03 8.807025048359135022e-01
6.936454849498327349e+03 8.850380143966393165e-01
6.966555183946487887e+03 8.896732050969883288e-01
6.996655518394648425e+03 8.945536946516171595e-01
7.026755852842808963e+03 8.995161697628738517e-01
7.056856187290969501e+03 9.045504591414124107e-01
7.086956521739130039e+03 9.096196068593109807e-01
7.117056856187290578e+03 9.146891770238668729e-01
7.147157190635451116e+03 9.197224591163130070e-01
7.177257525083611654e+03 9.246329925145935213e-01
7.207357859531772192e+03 9.292865013377539229e-01
7.237458193979932730e+03 9.337051319541255223e-01
7.267558528428093268e+03 9.378133848158870522e-01
7.297658862876253806e+03 9.414781139925437747e-01
7.327759197324414345e+03 9.447173474479032551e-01
7.357859531772574883e+03 9.474890423336626011e-01
7.387959866220735421e+03 9.496812340546840758e-01
7.418060200668895959e+03 9.513182919316056640e-01
7.448160535117056497e+03 9.523753627171566150e-01
7.478260869565217035e+03 9.527342605805113607e-01
7.508361204013377574e+03 9.525365978451880711e-01
7.538461538461538112e+03 9.516766947959877099e-01
7.568561872909698650e+03 9.501683552446453795e-01
7.598662207357859188e+03 9.480851713001698933e-01
7.628762541806019726e+03 9.453390209106719011e-01
7.658862876254180264e+03 9.420493804743803601e-01
7.688963210702340803e+03 9.382259477437702166e-01
7.719063545150501341e+03 9.339114498549313526e-01
7.749163879598661879e+03 9.291188174436633140e-01
7.779264214046822417e+03 9.239119380628625366e-01
7.809364548494982955e+03 9.183514567894625058e-01
7.839464882943143493e+03 9.125127572119740016e-01
7.869565217391304031e+03 9.064151466154279913e-01
7.899665551839464570e+03 9.001286842257131271e-01
7.929765886287625108e+03 8.937163392038601772e-01
7.959866220735785646e+03 8.872230537291843078e-01
7.989966555183946184e+03 8.807003209132555632e-01
8.020066889632106722e+03 8.742148817683760287e-01
8.050167224080267260e+03 8.678159653800273654e-01
8.080267558528427799e+03 8.615470981368802406e-01
8.110367892976588337e+03 8.554567862937948464e-01
8.140468227424748875e+03 8.496044263441753230e-01
8.170568561872909413e+03 8.439961476777787519e-01
8.200668896321069042e+03 8.386878027199249352e-01
8.230769230769230489e+03 8.337122688307341267e-01
8.260869565217391937e+03 8.291019973008407762e-01
8.290969899665551566e+03 8.248835965200438380e-01
8.321070234113711194e+03 8.210829123428216025e-01
8.351170568561872642e+03 8.177201449318738380e-01
8.381270903010034090e+03 8.148139991998250009e-01
8.411371237458193718e+03 8.123810222256024893e-01
8.441471571906353347e+03 8.104346305552857510e-01
8.471571906354514795e+03 8.089831838668535280e-01
8.501672240802676242e+03 8.080370603482415204e-01
8.531772575250835871e+03 8.075915689270056763e-01
8.561872909698995500e+03 8.076513734095401853e-01
8.591973244147156947e+03 8.082247885796401965e-01
8.622073578595318395e+03 8.093288798886147939e-01
8.652173913043478024e+03 8.109152075622685363e-01
8.682274247491637652e+03 8.130285863720607686e-01
8.712374581939799100e+03 8.155917735907503019e-01
8.742474916387960548e+03 8.186695717585268373e-01
8.772575250836120176e+03 8.221945440643723124e-01
8.802675585284279805e+03 8.261781305828850286e-01
8.832775919732441253e+03 8.305894885702401753e-01
8.862876254180602700e+03 8.354014526507439475e-01
8.892976588628762329e+03 8.405990843175433769e-01
8.923076923076921958e+03 8.461496952832744389e-01
8.953177257525083405e+03 8.521049474459091444e-01
8.983277591973244853e+03 8.582870641013712332e-01
9.013377926421404482e+03 8.648161557015247025e-01
9.043478260869564110e+03 8.715323779337253995e-01
9.073578595317725558e+03 8.784721348036248489e-01
9.103678929765887005e+03 8.855817195220651028e-01
9.133779264214046634e+03 8.927615753112966290e-01
9.163879598662206263e+03 9.000400010960614150e-01
9.193979933110367710e+03 9.073305491042027437e-01
9.224080267558529158e+03 9.146398661939816321e-01
9.254180602006688787e+03 9.218540368446810351e-01
9.284280936454848415e+03 9.289184921460955646e-01
9.314381270903009863e+03 9.358773747176534208e-01
9.344481605351171311e+03 9.425055277359525308e-01
9.374581939799330939e+03 9.488964642164906538e-01
9.404682274247490568e+03 9.549149501818553487e-01
9.434782608695652016e+03 9.605000337904885388e-01
9.464882943143813463e+03 9.656482374954804548e-01
9.494983277591973092e+03 9.702492031775383774e-01
9.525083612040132721e+03 9.742930387068882148e-01
9.555183946488294168e+03 9.777159317462207344e-01
9.585284280936455616e+03 9.804256764623555664e-01
9.615384615384615245e+03 9.824380501722087544e-01
9.645484949832774873e+03 9.836524120094045642e-01
9.675585284280936321e+03 9.840449953160700369e-01
9.705685618729097769e+03 9.835820280515898961e-01
9.735785953177257397e+03 9.822253597200807373e-01
9.765886287625417026e+03 9.799507699366329927e-01
9.795986622073578474e+03 9.767446561958316176e-01
9.826086956521739921e+03 9.725449401580599229e-01
9.856187290969899550e+03 9.674152442037692312e-01
9.886287625418059179e+03 9.612886701413886348e-01
9.916387959866220626e+03 9.541643319597152839e-01
9.946488294314382074e+03 9.461435492206939912e-01
9.976588628762541703e+03 9.371172064815285196e-01
1.000668896321070133e+04 9.271141982281324578e-01
1.003678929765886278e+04 9.163033198554930703e-01
1.006688963210702423e+04 9.044957870377522413e-01
1.009698996655518386e+04 8.919105548947866557e-01
1.012709030100334348e+04 8.785072172915503463e-01
1.015719063545150493e+04 8.642748328969577232e-01
1.018729096989966638e+04 8.495064986614676572e-01
1.021739130434782601e+04 8.337585428605464033e-01
1.024749163879598564e+04 8.177313400283789946e-01
1.027759197324414708e+04 8.011333771952116045e-01
1.030769230769230671e+04 7.837638268171283062e-01
1.033779264214046816e+04 7.662742757348252054e-01
1.036789297658862779e+04 7.482942818151765429e-01
1.039799331103678924e+04 7.298880609369845507e-01
1.042809364548494887e+04 7.114717209793645081e-01
1.045819397993311031e+04 6.931307418167437229e-01
1.048829431438126994e+04 6.744532458436177658e-01
1.051839464882943139e+04 6.549581149462438967e-01
1.054849498327759102e+04 6.360632647931377948e-01
1.057859531772575247e+04 6.170005058139609311e-01
1.060869565217391209e+04 5.982685163367642556e-01
1.063879598662207354e+04 5.793858385478943829e-01
1.066889632107023317e+04 5.607399209739282187e-01
1.069899665551839462e+04 5.425057795135656002e-01
1.072909698996655425e+04 5.240766709470662255e-01
1.075919732441471569e+04 5.063488974400188747e-01
1.078929765886287532e+04 4.888384154246349089e-01
1.081939799331103677e+04 4.715156320255393663e-01
1.084949832775919640e+04 4.548170708394242978e-01
1.087959866220735785e+04 4.382818047485255164e-01
1.090969899665551748e+04 4.222516989907763585e-01
1.093979933110367892e+04 4.067716345599801109e-01
1.096989966555183855e+04 3.913595972938662682e-01
1.100000000000000000e+04 3.767335338386355592e-01
