3.000000000000000000e+03 7.523999999999999577e-01
3.020000000000000000e+03 7.656999999999999362e-01
3.040000000000000000e+03 7.498999999999999000e-01
3.060000000000000000e+03 7.173000000000000487e-01
3.080000000000000000e+03 6.914000000000000146e-01
3.100000000000000000e+03 6.774000000000000021e-01
3.120000000000000000e+03 6.462999999999999856e-01
3.140000000000000000e+03 5.726999999999999869e-01
3.160000000000000000e+03 4.843000000000000083e-01
3.180000000000000000e+03 4.192000000000000171e-01
3.200000000000000000e+03 3.800000000000000044e-01
3.220000000000000000e+03 3.596000000000000307e-01
3.240000000000000000e+03 3.284000000000000252e-01
3.260000000000000000e+03 2.760000000000000231e-01
3.280000000000000000e+03 2.112999999999999878e-01
3.300000000000000000e+03 1.514000000000000068e-01
3.320000000000000000e+03 1.126999999999999946e-01
3.340000000000000000e+03 8.980000000000000482e-02
3.360000000000000000e+03 6.590000000000000024e-02
3.380000000000000000e+03 3.980000000000000204e-02
3.400000000000000000e+03 2.309999999999999901e-02
3.420000000000000000e+03 1.990000000000000102e-02
3.440000000000000000e+03 2.390000000000000110e-02
3.460000000000000000e+03 2.960000000000000131e-02
3.480000000000000000e+03 3.590000000000000135e-02
3.500000000000000000e+03 4.200000000000000261e-02
3.520000000000000000e+03 4.379999999999999866e-02
3.540000000000000000e+03 3.710000000000000103e-02
3.560000000000000000e+03 2.390000000000000110e-02
3.580000000000000000e+03 1.189999999999999912e-02
3.600000000000000000e+03 5.899999999999999863e-03
3.620000000000000000e+03 4.300000000000000003e-03
3.640000000000000000e+03 4.099999999999999478e-03
3.660000000000000000e+03 4.300000000000000003e-03
3.680000000000000000e+03 4.400000000000000265e-03
3.700000000000000000e+03 4.599999999999999922e-03
3.720000000000000000e+03 5.400000000000000286e-03
3.740000000000000000e+03 7.499999999999999722e-03
3.760000000000000000e+03 1.050000000000000065e-02
3.780000000000000000e+03 1.230000000000000017e-02
3.800000000000000000e+03 1.089999999999999997e-02
3.820000000000000000e+03 7.300000000000000065e-03
3.840000000000000000e+03 4.500000000000000527e-03
3.860000000000000000e+03 3.299999999999999982e-03
3.880000000000000000e+03 3.099999999999999891e-03
3.900000000000000000e+03 3.200000000000000153e-03
3.920000000000000000e+03 3.499999999999999639e-03
3.940000000000000000e+03 3.799999999999999992e-03
3.960000000000000000e+03 4.099999999999999478e-03
3.980000000000000000e+03 4.599999999999999922e-03
4.000000000000000000e+03 5.100000000000000366e-03
4.020000000000000000e+03 5.600000000000000810e-03
4.040000000000000000e+03 5.899999999999999863e-03
4.060000000000000000e+03 5.899999999999999863e-03
4.080000000000000000e+03 5.600000000000000810e-03
4.100000000000000000e+03 5.300000000000000024e-03
4.120000000000000000e+03 5.100000000000000366e-03
4.140000000000000000e+03 5.000000000000000104e-03
4.160000000000000000e+03 4.699999999999999317e-03
4.180000000000000000e+03 4.099999999999999478e-03
4.200000000000000000e+03 3.400000000000000244e-03
4.220000000000000000e+03 2.700000000000000143e-03
4.240000000000000000e+03 2.299999999999999961e-03
4.260000000000000000e+03 2.200000000000000133e-03
4.280000000000000000e+03 2.800000000000000405e-03
4.300000000000000000e+03 4.000000000000000083e-03
4.320000000000000000e+03 6.300000000000000044e-03
4.340000000000000000e+03 1.100000000000000110e-02
4.360000000000000000e+03 1.949999999999999997e-02
4.380000000000000000e+03 3.209999999999999659e-02
4.400000000000000000e+03 4.510000000000000120e-02
4.420000000000000000e+03 5.219999999999999640e-02
4.440000000000000000e+03 4.839999999999999858e-02
4.460000000000000000e+03 3.649999999999999772e-02
4.480000000000000000e+03 2.350000000000000006e-02
4.500000000000000000e+03 1.449999999999999900e-02
4.520000000000000000e+03 9.899999999999999079e-03
4.540000000000000000e+03 7.900000000000000772e-03
4.560000000000000000e+03 7.300000000000000065e-03
4.580000000000000000e+03 7.499999999999999722e-03
4.600000000000000000e+03 8.300000000000000086e-03
4.620000000000000000e+03 9.300000000000000974e-03
4.640000000000000000e+03 1.030000000000000013e-02
4.660000000000000000e+03 1.089999999999999997e-02
4.680000000000000000e+03 1.110000000000000049e-02
4.700000000000000000e+03 1.089999999999999997e-02
4.720000000000000000e+03 1.030000000000000013e-02
4.740000000000000000e+03 1.020000000000000073e-02
4.760000000000000000e+03 1.039999999999999952e-02
4.780000000000000000e+03 1.060000000000000005e-02
4.800000000000000000e+03 1.080000000000000057e-02
4.820000000000000000e+03 1.089999999999999997e-02
4.840000000000000000e+03 1.080000000000000057e-02
4.860000000000000000e+03 1.070000000000000118e-02
4.880000000000000000e+03 1.070000000000000118e-02
4.900000000000000000e+03 1.089999999999999997e-02
4.920000000000000000e+03 1.110000000000000049e-02
4.940000000000000000e+03 1.129999999999999928e-02
4.960000000000000000e+03 1.129999999999999928e-02
4.980000000000000000e+03 1.080000000000000057e-02
5.000000000000000000e+03 1.009999999999999960e-02
5.020000000000000000e+03 9.100000000000000450e-03
5.040000000000000000e+03 8.000000000000000167e-03
5.060000000000000000e+03 6.899999999999999883e-03
5.080000000000000000e+03 6.099999999999999520e-03
5.100000000000000000e+03 5.400000000000000286e-03
5.120000000000000000e+03 5.000000000000000104e-03
5.140000000000000000e+03 4.799999999999999580e-03
5.160000000000000000e+03 4.899999999999999842e-03
5.180000000000000000e+03 5.300000000000000024e-03
5.200000000000000000e+03 6.099999999999999520e-03
5.220000000000000000e+03 7.499999999999999722e-03
5.240000000000000000e+03 9.799999999999999684e-03
5.260000000000000000e+03 1.350000000000000158e-02
5.280000000000000000e+03 1.949999999999999997e-02
5.300000000000000000e+03 2.930000000000000313e-02
5.320000000000000000e+03 4.460000000000000075e-02
5.340000000000000000e+03 6.679999999999999827e-02
5.360000000000000000e+03 9.619999999999999385e-02
5.380000000000000000e+03 1.311999999999999833e-01
5.400000000000000000e+03 1.682999999999999774e-01
5.420000000000000000e+03 2.044000000000000261e-01
5.440000000000000000e+03 2.371999999999999942e-01
5.460000000000000000e+03 2.673999999999999710e-01
5.480000000000000000e+03 2.987000000000000210e-01
5.500000000000000000e+03 3.341999999999999971e-01
5.520000000000000000e+03 3.754999999999999449e-01
5.540000000000000000e+03 4.196000000000000285e-01
5.560000000000000000e+03 4.622999999999999887e-01
5.580000000000000000e+03 5.013999999999999568e-01
5.600000000000000000e+03 5.301000000000000156e-01
5.620000000000000000e+03 5.532000000000000250e-01
5.640000000000000000e+03 5.768999999999999684e-01
5.660000000000000000e+03 6.087000000000000188e-01
5.680000000000000000e+03 6.545999999999999597e-01
5.700000000000000000e+03 7.145999999999999019e-01
5.720000000000000000e+03 7.828000000000000513e-01
5.740000000000000000e+03 8.464000000000000412e-01
5.760000000000000000e+03 8.932999999999999829e-01
5.780000000000000000e+03 9.201999999999999069e-01
5.800000000000000000e+03 9.307999999999999607e-01
5.820000000000000000e+03 9.327999999999999625e-01
5.840000000000000000e+03 9.320000000000000506e-01
5.860000000000000000e+03 9.301000000000000378e-01
5.880000000000000000e+03 9.279000000000000581e-01
5.900000000000000000e+03 9.243999999999999995e-01
5.920000000000000000e+03 9.203000000000000069e-01
5.940000000000000000e+03 9.159000000000000474e-01
5.960000000000000000e+03 9.133999999999999897e-01
5.980000000000000000e+03 9.131999999999999007e-01
6.000000000000000000e+03 9.148999999999999355e-01
6.020000000000000000e+03 9.192000000000000171e-01
6.040000000000000000e+03 9.245999999999999774e-01
6.060000000000000000e+03 9.293000000000000149e-01
6.080000000000000000e+03 9.318999999999999506e-01
6.100000000000000000e+03 9.318999999999999506e-01
6.120000000000000000e+03 9.293000000000000149e-01
6.140000000000000000e+03 9.245999999999999774e-01
6.160000000000000000e+03 9.190000000000000391e-01
6.180000000000000000e+03 9.142000000000000126e-01
6.200000000000000000e+03 9.112999999999999989e-01
6.220000000000000000e+03 9.098999999999999311e-01
6.240000000000000000e+03 9.118000000000000549e-01
6.260000000000000000e+03 9.145999999999999686e-01
6.280000000000000000e+03 9.183000000000000052e-01
6.300000000000000000e+03 9.229000000000000536e-01
6.320000000000000000e+03 9.264000000000000012e-01
6.340000000000000000e+03 9.287999999999999590e-01
6.360000000000000000e+03 9.293000000000000149e-01
6.380000000000000000e+03 9.292000000000000259e-01
6.400000000000000000e+03 9.276000000000000911e-01
6.420000000000000000e+03 9.256999999999999673e-01
6.440000000000000000e+03 9.243999999999999995e-01
6.460000000000000000e+03 9.240999999999999215e-01
6.480000000000000000e+03 9.250000000000000444e-01
6.500000000000000000e+03 9.270000000000000462e-01
6.520000000000000000e+03 9.298000000000000709e-01
6.540000000000000000e+03 9.327999999999999625e-01
6.560000000000000000e+03 9.365000000000001101e-01
6.580000000000000000e+03 9.393000000000000238e-01
6.600000000000000000e+03 9.412000000000000366e-01
6.620000000000000000e+03 9.418000000000000815e-01
6.640000000000000000e+03 9.406999999999999806e-01
6.660000000000000000e+03 9.387000000000000899e-01
6.680000000000000000e+03 9.361000000000000432e-01
6.700000000000000000e+03 9.329000000000000625e-01
6.720000000000000000e+03 9.301000000000000378e-01
6.740000000000000000e+03 9.277999999999999581e-01
6.760000000000000000e+03 9.268999999999999462e-01
6.780000000000000000e+03 9.265999999999999792e-01
6.800000000000000000e+03 9.274000000000000021e-01
6.820000000000000000e+03 9.294999999999999929e-01
6.840000000000000000e+03 9.315999999999999837e-01
6.860000000000000000e+03 9.344000000000000083e-01
6.880000000000000000e+03 9.368999999999999551e-01
6.900000000000000000e+03 9.383000000000000229e-01
6.920000000000000000e+03 9.396999999999999797e-01
6.940000000000000000e+03 9.393000000000000238e-01
6.960000000000000000e+03 9.379999999999999449e-01
6.980000000000000000e+03 9.364000000000000101e-01
7.000000000000000000e+03 9.337000000000000854e-01
7.020000000000000000e+03 9.306999999999999718e-01
7.040000000000000000e+03 9.276000000000000911e-01
7.060000000000000000e+03 9.251000000000000334e-01
7.080000000000000000e+03 9.231000000000000316e-01
7.100000000000000000e+03 9.222000000000000197e-01
7.120000000000000000e+03 9.218999999999999417e-01
7.140000000000000000e+03 9.226999999999999647e-01
7.160000000000000000e+03 9.243000000000001215e-01
7.180000000000000000e+03 9.265000000000001013e-01
7.200000000000000000e+03 9.290000000000000480e-01
7.220000000000000000e+03 9.315000000000001057e-01
7.240000000000000000e+03 9.340999999999999304e-01
7.260000000000000000e+03 9.361000000000000432e-01
7.280000000000000000e+03 9.373999999999999000e-01
7.300000000000000000e+03 9.381999999999999229e-01
7.320000000000000000e+03 9.381000000000000449e-01
7.340000000000000000e+03 9.376000000000001000e-01
7.360000000000000000e+03 9.365000000000001101e-01
7.380000000000000000e+03 9.350000000000000533e-01
7.400000000000000000e+03 9.338999999999999524e-01
7.420000000000000000e+03 9.320999999999999286e-01
7.440000000000000000e+03 9.305999999999999828e-01
7.460000000000000000e+03 9.294999999999999929e-01
7.480000000000000000e+03 9.289000000000000590e-01
7.500000000000000000e+03 9.287000000000000810e-01
7.520000000000000000e+03 9.292000000000000259e-01
7.540000000000000000e+03 9.304000000000001158e-01
7.560000000000000000e+03 9.309999999999999387e-01
7.580000000000000000e+03 9.323999999999998956e-01
7.600000000000000000e+03 9.337000000000000854e-01
7.620000000000000000e+03 9.348000000000000753e-01
7.640000000000000000e+03 9.359000000000000652e-01
7.660000000000000000e+03 9.362000000000000322e-01
7.680000000000000000e+03 9.365000000000001101e-01
7.700000000000000000e+03 9.359999999999999432e-01
7.720000000000000000e+03 9.354000000000000092e-01
7.740000000000000000e+03 9.340999999999999304e-01
7.760000000000000000e+03 9.329000000000000625e-01
7.780000000000000000e+03 9.316999999999999726e-01
7.800000000000000000e+03 9.301999999999999158e-01
7.820000000000000000e+03 9.290000000000000480e-01
7.840000000000000000e+03 9.281000000000000361e-01
7.860000000000000000e+03 9.274000000000000021e-01
7.880000000000000000e+03 9.270000000000000462e-01
7.900000000000000000e+03 9.272000000000000242e-01
7.920000000000000000e+03 9.279000000000000581e-01
7.940000000000000000e+03 9.290000000000000480e-01
7.960000000000000000e+03 9.307999999999999607e-01
7.980000000000000000e+03 9.323000000000000176e-01
8.000000000000000000e+03 9.340999999999999304e-01
8.020000000000000000e+03 9.362000000000000322e-01
8.040000000000000000e+03 9.376000000000001000e-01
8.060000000000000000e+03 9.381000000000000449e-01
8.080000000000000000e+03 9.396999999999999797e-01
8.100000000000000000e+03 9.409000000000000696e-01
8.120000000000000000e+03 9.418000000000000815e-01
8.140000000000000000e+03 9.420000000000000595e-01
8.160000000000000000e+03 9.422000000000000375e-01
8.180000000000000000e+03 9.418999999999999595e-01
8.200000000000000000e+03 9.409999999999999476e-01
8.220000000000000000e+03 9.398999999999999577e-01
8.240000000000000000e+03 9.387999999999999678e-01
8.260000000000000000e+03 9.376999999999999780e-01
8.280000000000000000e+03 9.364000000000000101e-01
8.300000000000000000e+03 9.351000000000000423e-01
8.320000000000000000e+03 9.344000000000000083e-01
8.340000000000000000e+03 9.335999999999999854e-01
8.360000000000000000e+03 9.329999999999999405e-01
8.380000000000000000e+03 9.331999999999999185e-01
8.400000000000000000e+03 9.334999999999999964e-01
8.420000000000000000e+03 9.337999999999999634e-01
8.440000000000000000e+03 9.344000000000000083e-01
8.460000000000000000e+03 9.354000000000000092e-01
8.480000000000000000e+03 9.365999999999999881e-01
8.500000000000000000e+03 9.370000000000000551e-01
8.520000000000000000e+03 9.372000000000000330e-01
8.540000000000000000e+03 9.405000000000000027e-01
8.560000000000000000e+03 9.438999999999999613e-01
8.580000000000000000e+03 9.451000000000000512e-01
8.600000000000000000e+03 9.459999999999999520e-01
8.620000000000000000e+03 9.465000000000000080e-01
8.640000000000000000e+03 9.470000000000000639e-01
8.660000000000000000e+03 9.472000000000000419e-01
8.680000000000000000e+03 9.470000000000000639e-01
8.700000000000000000e+03 9.465000000000000080e-01
8.720000000000000000e+03 9.460999999999999410e-01
8.740000000000000000e+03 9.454000000000000181e-01
8.760000000000000000e+03 9.445000000000000062e-01
8.780000000000000000e+03 9.435999999999999943e-01
8.800000000000000000e+03 9.427999999999999714e-01
8.820000000000000000e+03 9.420999999999999375e-01
8.840000000000000000e+03 9.415000000000000036e-01
8.860000000000000000e+03 9.409999999999999476e-01
8.880000000000000000e+03 9.405999999999999917e-01
8.900000000000000000e+03 9.404000000000000137e-01
8.920000000000000000e+03 9.404000000000000137e-01
8.940000000000000000e+03 9.406999999999999806e-01
8.960000000000000000e+03 9.412000000000000366e-01
8.980000000000000000e+03 9.418999999999999595e-01
9.000000000000000000e+03 9.426000000000001044e-01
9.020000000000000000e+03 9.433000000000000274e-01
9.040000000000000000e+03 9.442000000000000393e-01
9.060000000000000000e+03 9.453000000000000291e-01
9.080000000000000000e+03 9.462000000000000410e-01
9.100000000000000000e+03 9.470000000000000639e-01
9.120000000000000000e+03 9.479000000000000759e-01
9.140000000000000000e+03 9.485999999999999988e-01
9.160000000000000000e+03 9.490999999999999437e-01
9.180000000000000000e+03 9.493000000000000327e-01
9.200000000000000000e+03 9.495000000000000107e-01
9.220000000000000000e+03 9.495000000000000107e-01
9.240000000000000000e+03 9.492000000000000437e-01
9.260000000000000000e+03 9.487999999999999767e-01
9.280000000000000000e+03 9.481999999999999318e-01
9.300000000000000000e+03 9.475999999999999979e-01
9.320000000000000000e+03 9.468000000000000860e-01
9.340000000000000000e+03 9.459000000000000741e-01
9.360000000000000000e+03 9.451000000000000512e-01
9.380000000000000000e+03 9.444000000000000172e-01
9.400000000000000000e+03 9.437000000000000943e-01
9.420000000000000000e+03 9.429999999999999494e-01
9.440000000000000000e+03 9.426000000000001044e-01
9.460000000000000000e+03 9.423999999999999044e-01
9.480000000000000000e+03 9.423000000000000265e-01
9.500000000000000000e+03 9.422000000000000375e-01
9.520000000000000000e+03 9.423999999999999044e-01
9.540000000000000000e+03 9.426999999999999824e-01
9.560000000000000000e+03 9.431000000000000494e-01
9.580000000000000000e+03 9.437000000000000943e-01
9.600000000000000000e+03 9.443000000000000282e-01
9.620000000000000000e+03 9.449999999999999512e-01
9.640000000000000000e+03 9.459000000000000741e-01
9.660000000000000000e+03 9.468000000000000860e-01
9.680000000000000000e+03 9.475000000000000089e-01
9.700000000000000000e+03 9.483000000000000318e-01
9.720000000000000000e+03 9.490999999999999437e-01
9.740000000000000000e+03 9.498000000000000886e-01
9.760000000000000000e+03 9.505000000000000115e-01
9.780000000000000000e+03 9.509000000000000785e-01
9.800000000000000000e+03 9.512999999999999234e-01
9.820000000000000000e+03 9.515000000000000124e-01
9.840000000000000000e+03 9.516000000000000014e-01
9.860000000000000000e+03 9.515000000000000124e-01
9.880000000000000000e+03 9.512999999999999234e-01
9.900000000000000000e+03 9.509000000000000785e-01
9.920000000000000000e+03 9.504000000000000226e-01
9.940000000000000000e+03 9.498000000000000886e-01
9.960000000000000000e+03 9.490999999999999437e-01
9.980000000000000000e+03 9.484999999999998987e-01
1.000000000000000000e+04 9.477999999999999758e-01
1.002000000000000000e+04 9.470000000000000639e-01
1.004000000000000000e+04 9.464000000000000190e-01
1.006000000000000000e+04 9.457999999999999741e-01
1.008000000000000000e+04 9.451999999999999291e-01
1.010000000000000000e+04 9.448999999999999622e-01
1.012000000000000000e+04 9.445000000000000062e-01
1.014000000000000000e+04 9.442000000000000393e-01
1.016000000000000000e+04 9.440999999999999392e-01
1.018000000000000000e+04 9.440999999999999392e-01
1.020000000000000000e+04 9.443000000000000282e-01
1.022000000000000000e+04 9.444000000000000172e-01
1.024000000000000000e+04 9.448999999999999622e-01
1.026000000000000000e+04 9.454000000000000181e-01
1.028000000000000000e+04 9.457999999999999741e-01
1.030000000000000000e+04 9.462000000000000410e-01
1.032000000000000000e+04 9.468000000000000860e-01
1.034000000000000000e+04 9.475999999999999979e-01
1.036000000000000000e+04 9.481999999999999318e-01
1.038000000000000000e+04 9.484999999999998987e-01
1.040000000000000000e+04 9.487999999999999767e-01
1.042000000000000000e+04 9.490999999999999437e-01
1.044000000000000000e+04 9.493000000000000327e-01
1.046000000000000000e+04 9.494000000000000217e-01
1.048000000000000000e+04 9.490000000000000657e-01
1.050000000000000000e+04 9.485999999999999988e-01
1.052000000000000000e+04 9.481000000000000538e-01
1.054000000000000000e+04 9.473000000000000309e-01
1.056000000000000000e+04 9.462999999999999190e-01
1.058000000000000000e+04 9.451999999999999291e-01
1.060000000000000000e+04 9.437000000000000943e-01
1.062000000000000000e+04 9.423000000000000265e-01
1.064000000000000000e+04 9.401999999999999247e-01
1.066000000000000000e+04 9.383000000000000229e-01
1.068000000000000000e+04 9.365999999999999881e-01
1.070000000000000000e+04 9.344999999999999973e-01
1.072000000000000000e+04 9.322000000000000286e-01
1.074000000000000000e+04 9.300000000000000488e-01
1.076000000000000000e+04 9.279999999999999361e-01
1.078000000000000000e+04 9.259999999999999343e-01
1.080000000000000000e+04 9.240999999999999215e-01
1.082000000000000000e+04 9.223000000000000087e-01
1.084000000000000000e+04 9.204999999999999849e-01
1.086000000000000000e+04 9.190999999999999170e-01
1.088000000000000000e+04 9.176999999999999602e-01
1.090000000000000000e+04 9.159999999999999254e-01
1.092000000000000000e+04 9.165000000000000924e-01
1.094000000000000000e+04 9.155999999999999694e-01
1.096000000000000000e+04 9.152000000000000135e-01
1.098000000000000000e+04 9.145999999999999686e-01
1.100000000000000000e+04 9.144999999999999796e-01
1.102000000000000000e+04 9.145999999999999686e-01
1.104000000000000000e+04 9.146999999999999575e-01
1.106000000000000000e+04 9.153000000000000025e-01
1.108000000000000000e+04 9.161000000000000254e-01
1.110000000000000000e+04 9.172000000000000153e-01
1.112000000000000000e+04 9.183000000000000052e-01
1.114000000000000000e+04 9.195999999999999730e-01
1.116000000000000000e+04 9.211000000000000298e-01
1.118000000000000000e+04 9.226999999999999647e-01
1.120000000000000000e+04 9.244999999999999885e-01
1.122000000000000000e+04 9.262999999999999012e-01
1.124000000000000000e+04 9.281999999999999140e-01
1.126000000000000000e+04 9.300000000000000488e-01
1.128000000000000000e+04 9.315999999999999837e-01
1.130000000000000000e+04 9.334000000000000075e-01
1.132000000000000000e+04 9.345999999999999863e-01
1.134000000000000000e+04 9.351000000000000423e-01
1.136000000000000000e+04 9.365999999999999881e-01
1.138000000000000000e+04 9.379999999999999449e-01
1.140000000000000000e+04 9.394000000000000128e-01
1.142000000000000000e+04 9.401000000000000467e-01
1.144000000000000000e+04 9.409999999999999476e-01
1.146000000000000000e+04 9.415000000000000036e-01
1.148000000000000000e+04 9.418999999999999595e-01
1.150000000000000000e+04 9.416999999999999815e-01
