2.000000000000000000e+03 0.000000000000000000e+00
2.030100334448160538e+03 0.000000000000000000e+00
2.060200668896321076e+03 0.000000000000000000e+00
2.090301003344481614e+03 0.000000000000000000e+00
2.120401337792642153e+03 0.000000000000000000e+00
2.150501672240802691e+03 0.000000000000000000e+00
2.180602006688963229e+03 0.000000000000000000e+00
2.210702341137123767e+03 0.000000000000000000e+00
2.240802675585284305e+03 0.000000000000000000e+00
2.270903010033444843e+03 0.000000000000000000e+00
2.301003344481605382e+03 0.000000000000000000e+00
2.331103678929765920e+03 0.000000000000000000e+00
2.361204013377926458e+03 0.000000000000000000e+00
2.391304347826086996e+03 0.000000000000000000e+00
2.421404682274247534e+03 0.000000000000000000e+00
2.451505016722408072e+03 0.000000000000000000e+00
2.481605351170568611e+03 0.000000000000000000e+00
2.511705685618729149e+03 0.000000000000000000e+00
2.541806020066889687e+03 0.000000000000000000e+00
2.571906354515050225e+03 0.000000000000000000e+00
2.602006688963210763e+03 0.000000000000000000e+00
2.632107023411371301e+03 0.000000000000000000e+00
2.662207357859531839e+03 0.000000000000000000e+00
2.692307692307692378e+03 0.000000000000000000e+00
2.722408026755852916e+03 0.000000000000000000e+00
2.752508361204013454e+03 0.000000000000000000e+00
2.782608695652173992e+03 0.000000000000000000e+00
2.812709030100334530e+03 0.000000000000000000e+00
2.842809364548495068e+03 0.000000000000000000e+00
2.872909698996655607e+03 0.000000000000000000e+00
2.903010033444816145e+03 0.000000000000000000e+00
2.933110367892976683e+03 0.000000000000000000e+00
2.963210702341137221e+03 0.000000000000000000e+00
2.993311036789297759e+03 0.000000000000000000e+00
3.023411371237458297e+03 0.000000000000000000e+00
3.053511705685618836e+03 0.000000000000000000e+00
3.083612040133779374e+03 0.000000000000000000e+00
3.113712374581939912e+03 0.000000000000000000e+00
3.143812709030100450e+03 0.000000000000000000e+00
3.173913043478260988e+03 0.000000000000000000e+00
3.204013377926421526e+03 0.000000000000000000e+00
3.234113712374582065e+03 0.000000000000000000e+00
3.264214046822742603e+03 0.000000000000000000e+00
3.294314381270903141e+03 0.000000000000000000e+00
3.324414715719063679e+03 0.000000000000000000e+00
3.354515050167224217e+03 0.000000000000000000e+00
3.384615384615384755e+03 0.000000000000000000e+00
3.414715719063545293e+03 0.000000000000000000e+00
3.444816053511705832e+03 0.000000000000000000e+00
3.474916387959866370e+03 0.000000000000000000e+00
3.505016722408026908e+03 0.000000000000000000e+00
3.535117056856187446e+03 0.000000000000000000e+00
3.565217391304347984e+03 0.000000000000000000e+00
3.595317725752508522e+03 0.000000000000000000e+00
3.625418060200669061e+03 0.000000000000000000e+00
3.655518394648829599e+03 0.000000000000000000e+00
3.685618729096990137e+03 0.000000000000000000e+00
3.715719063545150675e+03 3.824796601474335644e-01
3.745819397993311213e+03 4.436917413698069357e-01
3.775919732441471751e+03 5.209196606678561103e-01
3.806020066889632290e+03 6.064009093801566719e-01
3.836120401337792828e+03 6.662776217401737977e-01
3.866220735785953366e+03 7.288882093913554572e-01
3.896321070234113904e+03 7.885965265323442441e-01
3.926421404682274442e+03 8.189946439081586815e-01
3.956521739130434980e+03 8.346277266018735652e-01
3.986622073578595518e+03 8.391347279114168556e-01
4.016722408026756057e+03 8.308989373272553935e-01
4.046822742474916595e+03 8.152491893176145865e-01
4.076923076923076678e+03 7.971406109849498156e-01
4.107023411371237671e+03 7.832497917131876486e-01
4.137123745819397300e+03 7.760503044776688730e-01
4.167224080267558747e+03 7.774042052439150696e-01
4.197324414715718376e+03 7.873176865189570606e-01
4.227424749163879824e+03 8.018689274018172553e-01
4.257525083612039452e+03 8.221871357151472326e-01
4.287625418060200900e+03 8.465568340575816420e-01
4.317725752508360529e+03 8.722375675275290119e-01
4.347826086956521976e+03 8.964186213584450780e-01
4.377926421404681605e+03 9.160107392816884131e-01
4.408026755852843053e+03 9.288005392755879219e-01
4.438127090301002681e+03 9.335552242944862300e-01
4.468227424749164129e+03 9.300114145502833551e-01
4.498327759197323758e+03 9.190282005551372313e-01
4.528428093645485205e+03 9.018012022127324112e-01
4.558528428093644834e+03 8.803416720894973180e-01
4.588628762541806282e+03 8.575147519726784573e-01
4.618729096989965910e+03 8.346777253571235899e-01
4.648829431438127358e+03 8.135862545310156291e-01
4.678929765886286987e+03 7.961826298906929944e-01
4.709030100334448434e+03 7.827280873191001520e-01
4.739130434782608063e+03 7.747206313566522562e-01
4.769230769230769511e+03 7.716346121521708845e-01
4.799331103678929139e+03 7.738000054726464905e-01
4.829431438127090587e+03 7.808636258642425165e-01
4.859531772575250216e+03 7.924062619177781874e-01
4.889632107023411663e+03 8.077284132232764868e-01
4.919732441471571292e+03 8.263262946839083911e-01
4.949832775919732740e+03 8.467799741325685581e-01
4.979933110367892368e+03 8.684997363817944516e-01
5.010033444816053816e+03 8.900413349047819889e-01
5.040133779264213445e+03 9.100086942807460444e-01
5.070234113712374892e+03 9.278344339248327799e-01
5.100334448160534521e+03 9.427317438363702617e-01
5.130434782608695969e+03 9.536956897825756840e-01
5.160535117056855597e+03 9.603392565674635506e-01
5.190635451505017045e+03 9.626784763064976103e-01
5.220735785953176674e+03 9.606785618875661736e-01
5.250836120401338121e+03 9.548080789553783365e-01
5.280936454849497750e+03 9.455159166454722985e-01
5.311036789297659197e+03 9.335992912581466685e-01
5.341137123745818826e+03 9.196314767816575753e-01
5.371237458193980274e+03 9.046206142754621427e-01
5.401337792642139902e+03 8.891318500099748556e-01
5.431438127090301350e+03 8.742102893115661910e-01
5.461538461538460979e+03 8.598280944784615354e-01
5.491638795986622426e+03 8.463278972828339741e-01
5.521739130434782055e+03 8.344437006218486941e-01
5.551839464882943503e+03 8.245980974367581595e-01
5.581939799331103131e+03 8.168214070834477480e-01
5.612040133779264579e+03 8.111271997504225784e-01
5.642140468227424208e+03 8.076515497101155461e-01
5.672240802675585655e+03 8.063590420918899104e-01
5.702341137123745284e+03 8.070008371515877688e-01
5.732441471571906732e+03 8.095744279802107313e-01
5.762541806020066360e+03 8.138648091905247295e-01
5.792642140468227808e+03 8.196278468139358564e-01
5.822742474916387437e+03 8.264143977535391983e-01
5.852842809364548884e+03 8.340967551802047630e-01
5.882943143812708513e+03 8.425698533993545292e-01
5.913043478260869961e+03 8.514032536190875300e-01
5.943143812709029589e+03 8.602932850543005827e-01
5.973244147157191037e+03 8.690466849747658928e-01
6.003344481605350666e+03 8.774112656432947466e-01
6.033444816053512113e+03 8.850068640201469439e-01
6.063545150501671742e+03 8.917043164420518364e-01
6.093645484949833190e+03 8.973452361501094154e-01
6.123745819397992818e+03 9.018075020907878603e-01
6.153846153846153356e+03 9.050387349729588360e-01
6.183946488294313895e+03 9.068576852273831923e-01
6.214046822742474433e+03 9.074430762634362324e-01
6.244147157190634971e+03 9.068673220974089455e-01
6.274247491638795509e+03 9.050862755356100520e-01
6.304347826086956047e+03 9.021853138795890015e-01
6.334448160535116585e+03 8.983112113483737726e-01
6.364548494983277124e+03 8.936317369010856604e-01
6.394648829431437662e+03 8.883118857246105060e-01
6.424749163879598200e+03 8.825307624873863777e-01
6.454849498327758738e+03 8.764429942305422827e-01
6.484949832775919276e+03 8.702610105908427096e-01
6.515050167224079814e+03 8.641377301310979586e-01
6.545150501672240352e+03 8.582152005536399786e-01
6.575250836120400891e+03 8.526460414662506704e-01
6.605351170568561429e+03 8.475652315138260118e-01
6.635451505016721967e+03 8.431455205657525376e-01
6.665551839464882505e+03 8.394034014158128221e-01
6.695652173913043043e+03 8.364083353427871348e-01
6.725752508361203581e+03 8.342050313579890686e-01
6.755852842809364120e+03 8.328336513218532744e-01
6.785953177257524658e+03 8.323129011727725679e-01
6.816053511705685196e+03 8.326650063401560553e-01
6.846153846153845734e+03 8.338806605396827942e-01
6.876254180602006272e+03 8.359433667532121248e-01
6.906354515050166810e+03 8.388296595338994299e-01
6.936454849498327349e+03 8.424877796239202965e-01
6.966555183946487887e+03 8.468753407493136987e-01
6.996655518394648425e+03 8.519309644617563126e-01
7.026755852842808963e+03 8.574789095691756069e-01
7.056856187290969501e+03 8.634923405395517060e-01
7.086956521739130039e+03 8.699052408461245278e-01
7.117056856187290578e+03 8.766632282862313330e-01
7.147157190635451116e+03 8.837172262979070547e-01
7.177257525083611654e+03 8.909379445181194734e-01
7.207357859531772192e+03 8.981292772588385098e-01
7.237458193979932730e+03 9.053210528046367056e-01
7.267558528428093268e+03 9.123751081702543564e-01
7.297658862876253806e+03 9.190828749427690791e-01
7.327759197324414345e+03 9.254758270687940547e-01
7.357859531772574883e+03 9.314273384965102709e-01
7.387959866220735421e+03 9.367751596350424315e-01
7.418060200668895959e+03 9.415137148393520894e-01
7.448160535117056497e+03 9.455831333440826159e-01
7.478260869565217035e+03 9.487984969542643254e-01
7.508361204013377574e+03 9.512983299841993867e-01
7.538461538461538112e+03 9.529054013640749776e-01
7.568561872909698650e+03 9.536189250784290472e-01
7.598662207357859188e+03 9.534967943576164728e-01
7.628762541806019726e+03 9.524153190484029308e-01
7.658862876254180264e+03 9.504946906173905585e-01
7.688963210702340803e+03 9.477320461880898161e-01
7.719063545150501341e+03 9.441634329920337576e-01
7.749163879598661879e+03 9.398077180978769984e-01
7.779264214046822417e+03 9.347289682097542629e-01
7.809364548494982955e+03 9.290028384533842720e-01
7.839464882943143493e+03 9.227081362902388451e-01
7.869565217391304031e+03 9.158944214614993529e-01
7.899665551839464570e+03 9.086439324090685998e-01
7.929765886287625108e+03 9.010396132851002937e-01
7.959866220735785646e+03 8.931629360370707538e-01
7.989966555183946184e+03 8.850536163344662199e-01
8.020066889632106722e+03 8.768672771051104764e-01
8.050167224080267260e+03 8.685959635909381582e-01
8.080267558528427799e+03 8.603922108787139811e-01
8.110367892976588337e+03 8.522369681426753552e-01
8.140468227424748875e+03 8.442828617934734492e-01
8.170568561872909413e+03 8.365308434019111949e-01
8.200668896321069042e+03 8.290625092148345976e-01
8.230769230769230489e+03 8.219072125537320028e-01
8.260869565217391937e+03 8.151418180598086760e-01
8.290969899665551566e+03 8.087816478254942210e-01
8.321070234113711194e+03 8.029092337182626160e-01
8.351170568561872642e+03 7.975070413258377178e-01
8.381270903010034090e+03 7.926118556587598007e-01
8.411371237458193718e+03 7.882711334882481768e-01
8.441471571906353347e+03 7.844870360765145989e-01
8.471571906354514795e+03 7.812948609599273952e-01
8.501672240802676242e+03 7.786925370259217827e-01
8.531772575250835871e+03 7.767039241494398949e-01
8.561872909698995500e+03 7.753116640411567007e-01
8.591973244147156947e+03 7.745642653600205429e-01
8.622073578595318395e+03 7.744267612882139717e-01
8.652173913043478024e+03 7.749221267158312720e-01
8.682274247491637652e+03 7.760353926300300742e-01
8.712374581939799100e+03 7.777534316003312798e-01
8.742474916387960548e+03 7.800906738491588666e-01
8.772575250836120176e+03 7.830186263556396797e-01
8.802675585284279805e+03 7.865305956426006384e-01
8.832775919732441253e+03 7.906084685484732200e-01
8.862876254180602700e+03 7.952234946120378956e-01
8.892976588628762329e+03 8.003614915666390495e-01
8.923076923076921958e+03 8.059998442440451383e-01
8.953177257525083405e+03 8.121779416094841997e-01
8.983277591973244853e+03 8.187323976000595582e-01
9.013377926421404482e+03 8.257753082067611494e-01
9.043478260869564110e+03 8.331496429035701867e-01
9.073578595317725558e+03 8.408900431179398005e-01
9.103678929765887005e+03 8.489435961854475687e-01
9.133779264214046634e+03 8.572022046279292873e-01
9.163879598662206263e+03 8.656967567422916288e-01
9.193979933110367710e+03 8.743340984450383990e-01
9.224080267558529158e+03 8.831250087184951969e-01
9.254180602006688787e+03 8.919385556903905998e-01
9.284280936454848415e+03 9.007106089349624645e-01
9.314381270903009863e+03 9.095030657534345364e-01
9.344481605351171311e+03 9.180353614702887466e-01
9.374581939799330939e+03 9.264326252089064573e-01
9.404682274247490568e+03 9.345241732960125614e-01
9.434782608695652016e+03 9.422320996797157733e-01
9.464882943143813463e+03 9.495615655806189936e-01
9.494983277591973092e+03 9.563611102733701186e-01
9.525083612040132721e+03 9.626269264214123433e-01
9.555183946488294168e+03 9.682788127876761353e-01
9.585284280936455616e+03 9.731734724251972501e-01
9.615384615384615245e+03 9.773684286845176761e-01
9.645484949832774873e+03 9.806914252139055099e-01
9.675585284280936321e+03 9.831141011725575973e-01
9.705685618729097769e+03 9.845812420325257275e-01
9.735785953177257397e+03 9.850669927725471675e-01
9.765886287625417026e+03 9.845022083957051251e-01
9.795986622073578474e+03 9.828610409576220563e-01
9.826086956521739921e+03 9.800897261096694901e-01
9.856187290969899550e+03 9.762073883874540225e-01
9.886287625418059179e+03 9.711589141772672962e-01
9.916387959866220626e+03 9.649311613555520140e-01
9.946488294314382074e+03 9.576092827486222259e-01
9.976588628762541703e+03 9.490914941347192713e-01
1.000668896321070133e+04 9.393993161283711313e-01
1.003678929765886278e+04 9.287008584674562028e-01
1.006688963210702423e+04 9.168078158553160106e-01
1.009698996655518386e+04 9.039489090863352949e-01
1.012709030100334348e+04 8.900848928590726628e-01
1.015719063545150493e+04 8.752092205190340479e-01
1.018729096989966638e+04 8.596441770966216644e-01
1.021739130434782601e+04 8.429159923350811878e-01
1.024749163879598564e+04 8.257944702575649165e-01
1.027759197324414708e+04 8.079726499241276505e-01
1.030769230769230671e+04 7.892347531566120677e-01
1.033779264214046816e+04 7.703107536499287367e-01
1.036789297658862779e+04 7.508006758400991298e-01
1.039799331103678924e+04 7.307829391489646387e-01
1.042809364548494887e+04 7.107322736241001859e-01
1.045819397993311031e+04 6.907520812717631298e-01
1.048829431438126994e+04 6.703933447466864370e-01
1.051839464882943139e+04 6.491201351069858516e-01
1.054849498327759102e+04 6.285311663582837660e-01
1.057859531772575247e+04 6.077715067114726200e-01
1.060869565217391209e+04 5.874106600119308741e-01
1.063879598662207354e+04 5.669244263402462014e-01
1.066889632107023317e+04 5.467352755525142216e-01
1.069899665551839462e+04 5.270426465179390840e-01
1.072909698996655425e+04 5.071745652016078632e-01
1.075919732441471569e+04 4.881287004718293243e-01
1.078929765886287532e+04 4.693708066192702755e-01
1.081939799331103677e+04 4.508694198981154089e-01
1.084949832775919640e+04 4.331034949521188060e-01
1.087959866220735785e+04 4.155704889564428295e-01
1.090969899665551748e+04 3.986406320709330320e-01
1.093979933110367892e+04 3.823601262415980417e-01
1.096989966555183855e+04 3.662096284672673452e-01
1.100000000000000000e+04 3.509556217177333681e-01
