3.000000000000000000e+03 3.796848801526482298e-01
3.100000000000000000e+03 3.960345021634783524e-01
3.200000000000000000e+03 3.962715397565217956e-01
3.300000000000000000e+03 4.031920509073518288e-01
3.400000000000000000e+03 4.055204175810869227e-01
3.500000000000000000e+03 4.073631295375494954e-01
3.600000000000000000e+03 4.254956839053031237e-01
3.700000000000000000e+03 4.672063319757576716e-01
3.800000000000000000e+03 5.282663997041503467e-01
3.900000000000000000e+03 5.938708050682476314e-01
4.000000000000000000e+03 6.505449812384717090e-01
4.100000000000000000e+03 6.982597368822134332e-01
4.200000000000000000e+03 7.406583381628457641e-01
4.300000000000000000e+03 7.796723250065217270e-01
4.400000000000000000e+03 8.143947015945651735e-01
4.500000000000000000e+03 8.462288256258234664e-01
4.600000000000000000e+03 8.668658109239129050e-01
4.700000000000000000e+03 8.850187619071145928e-01
4.800000000000000000e+03 9.009343065332673373e-01
4.900000000000000000e+03 9.136603141254941995e-01
5.000000000000000000e+03 9.257586393148881099e-01
5.100000000000000000e+03 9.349587167720686542e-01
5.200000000000000000e+03 9.425975499736496399e-01
5.300000000000000000e+03 9.500852694812254029e-01
5.400000000000000000e+03 9.550275469861659872e-01
5.500000000000000000e+03 9.588023313586956364e-01
5.600000000000000000e+03 9.627819288702238465e-01
5.700000000000000000e+03 9.645283813142291329e-01
5.800000000000000000e+03 9.654035917654808507e-01
5.900000000000000000e+03 9.667723428936099150e-01
6.000000000000000000e+03 9.661625431488802818e-01
6.100000000000000000e+03 9.635175818642952583e-01
6.200000000000000000e+03 9.604193176037550961e-01
6.300000000000000000e+03 9.567702901581028874e-01
6.400000000000000000e+03 9.524995886231883979e-01
6.500000000000000000e+03 9.472019818675887493e-01
6.600000000000000000e+03 9.407378793659419980e-01
6.700000000000000000e+03 9.336123071936758278e-01
6.800000000000000000e+03 9.255755253507905733e-01
6.900000000000000000e+03 9.195495509420290592e-01
7.000000000000000000e+03 9.145147245800394620e-01
7.100000000000000000e+03 9.095403509881421211e-01
7.200000000000000000e+03 9.025371353524375140e-01
7.300000000000000000e+03 8.907912534288537909e-01
7.400000000000000000e+03 8.626508150642293593e-01
7.500000000000000000e+03 8.242882679085817843e-01
7.600000000000000000e+03 8.086622790244339942e-01
7.700000000000000000e+03 7.914919344322675077e-01
7.800000000000000000e+03 7.683325342964727467e-01
7.900000000000000000e+03 7.402270129747572369e-01
8.000000000000000000e+03 7.109232762028381281e-01
8.100000000000000000e+03 6.817791005985748276e-01
8.200000000000000000e+03 6.554771883923226072e-01
8.300000000000000000e+03 6.336113971164210046e-01
8.400000000000000000e+03 6.148273799559825781e-01
8.500000000000000000e+03 5.922991719920056575e-01
8.600000000000000000e+03 5.608437466518449988e-01
8.700000000000000000e+03 5.226227037290397393e-01
8.800000000000000000e+03 4.845728320258416710e-01
8.900000000000000000e+03 4.520551922125400912e-01
9.000000000000000000e+03 4.228305427826689056e-01
9.100000000000000000e+03 3.984243745839319284e-01
9.200000000000000000e+03 3.729881574633190922e-01
9.300000000000000000e+03 3.474947643713324208e-01
9.400000000000000000e+03 3.175702445740506419e-01
9.500000000000000000e+03 2.847259722615732014e-01
9.600000000000000000e+03 2.567734313370166888e-01
9.700000000000000000e+03 2.332005748267909073e-01
9.800000000000000000e+03 2.136717923452056411e-01
9.900000000000000000e+03 1.917734519357557621e-01
1.000000000000000000e+04 1.679091413859890858e-01
1.010000000000000000e+04 1.459233289011160617e-01
1.020000000000000000e+04 1.204486773416590523e-01
1.030000000000000000e+04 9.420370583408384235e-02
1.040000000000000000e+04 6.575721392484751293e-02
1.050000000000000000e+04 3.518217601008871015e-02
