3.048478182570991066e+03 1.581953984000000000e-06
3.053478182570991066e+03 9.979999999999999368e-08
3.058478182570991066e+03 5.450000000000000759e-07
3.063478182570991066e+03 8.660000000000000519e-07
3.068478182570991066e+03 1.369999999999999959e-07
3.073478182570991066e+03 7.449999999999999610e-07
3.078478182570991066e+03 3.770000000000000009e-07
3.083478182570991066e+03 4.402442719000000043e-06
3.088478182570991066e+03 -1.629999999999999905e-07
3.093478182570991066e+03 -1.629999999999999905e-07
3.098478182570991066e+03 2.475618094000000268e-06
3.103478182570991066e+03 -7.660000000000000564e-07
3.108478182570991066e+03 -1.138571387999999963e-06
3.113478182570991066e+03 6.700000000000000438e-07
3.118478182570991066e+03 1.947414858000000092e-06
3.123478182570991066e+03 -1.174974021999999971e-06
3.128478182570991066e+03 1.748680660999999922e-06
3.133478182570991066e+03 1.517089839999999831e-06
3.138478182570991066e+03 -2.069999999999999875e-07
3.143478182570991066e+03 -4.329999999999999730e-08
3.148478182570991066e+03 1.123244364999999997e-06
3.153478182570991066e+03 3.089999999999999744e-07
3.158478182570991066e+03 1.658686670000000029e-06
3.163478182570991066e+03 1.253578084000000070e-06
3.168478182570991066e+03 3.074679989000000120e-06
3.173478182570991066e+03 9.299999999999999897e-07
3.178478182570991066e+03 9.919999999999999890e-07
3.183478182570991066e+03 2.691863629000000106e-06
3.188478182570991066e+03 2.560041902999999696e-06
3.193478182570991066e+03 1.541327656000000125e-06
3.198478182570991066e+03 1.762992470000000105e-06
3.203478182570991066e+03 1.767907816000000025e-06
3.208478182570991066e+03 3.739999999999999873e-07
3.213478182570991066e+03 3.445066685999999914e-06
3.218478182570991066e+03 1.073099483999999975e-06
3.223478182570991066e+03 3.013623645999999841e-06
3.228478182570991066e+03 -1.350000000000000045e-07
3.233478182570991066e+03 3.970735705999999663e-06
3.238478182570991066e+03 1.535493938999999883e-06
3.243478182570991066e+03 1.681248540999999892e-06
3.248478182570991066e+03 2.416911884000000013e-06
3.253478182570991066e+03 2.003262051999999932e-06
3.258478182570991066e+03 1.416707382000000017e-06
3.263478182570991066e+03 1.570871245000000053e-06
3.268478182570991066e+03 -1.860000000000000244e-07
3.273478182570991066e+03 6.369999999999999998e-07
3.278478182570991066e+03 1.898321934000000048e-06
3.283478182570991066e+03 1.981827808999999787e-06
3.288478182570991066e+03 3.830000000000000282e-07
3.293478182570991066e+03 2.102888684000000261e-06
3.298478182570991066e+03 -2.580000000000000074e-07
3.303478182570991066e+03 -5.360000000000000350e-07
3.308478182570991066e+03 -1.102974347000000081e-06
3.313478182570991066e+03 2.069999999999999875e-07
3.318478182570991066e+03 -1.456112950000000094e-06
3.323478182570991066e+03 5.004693521000000235e-06
3.328478182570991066e+03 2.860000000000000133e-08
3.333478182570991066e+03 1.119999999999999970e-07
3.338478182570991066e+03 -1.423895301000000039e-06
3.343478182570991066e+03 1.570000000000000162e-08
3.348478182570991066e+03 4.354102712000000049e-06
3.353478182570991066e+03 1.406299125000000095e-06
3.358478182570991066e+03 3.729999999999999651e-07
3.363478182570991066e+03 2.617048158000000093e-06
3.368478182570991066e+03 1.331884996000000109e-06
3.373478182570991066e+03 4.220000000000000465e-07
3.378478182570991066e+03 -8.690000000000000390e-08
3.383478182570991066e+03 1.509999999999999889e-07
3.388478182570991066e+03 1.032983855000000090e-06
3.393478182570991066e+03 -2.540000000000000328e-09
3.398478182570991066e+03 -9.940000000000001392e-07
3.403478182570991066e+03 1.879999999999999894e-07
3.408478182570991066e+03 5.869999999999999491e-07
3.413478182570991066e+03 1.999490922999999874e-06
3.418478182570991066e+03 6.720000000000000617e-08
3.423478182570991066e+03 -1.249999999999999943e-07
3.428478182570991066e+03 2.580325236000000160e-06
3.433478182570991066e+03 2.025358116999999706e-06
3.438478182570991066e+03 -3.289999999999999946e-07
3.443478182570991066e+03 -2.914358046999999962e-06
3.448478182570991066e+03 3.199045895999999826e-06
3.453478182570991066e+03 2.889606985000000073e-06
3.458478182570991066e+03 2.090907219000000209e-06
3.463478182570991066e+03 2.045970905000000209e-06
3.468478182570991066e+03 1.963913673999999789e-06
3.473478182570991066e+03 1.248445477999999994e-06
3.478478182570991066e+03 -1.889999999999999851e-07
3.483478182570991066e+03 1.020000000000000001e-07
3.488478182570991066e+03 2.409999999999999743e-08
3.493478182570991066e+03 2.565777976999999693e-06
3.498478182570991066e+03 2.669999999999999953e-07
3.503478182570991066e+03 -1.319980510999999992e-06
3.508478182570991066e+03 2.754631568999999912e-06
3.513478182570991066e+03 2.204611810000000312e-06
3.518478182570991066e+03 3.231903246999999948e-06
3.523478182570991066e+03 2.327176916999999945e-06
3.528478182570991066e+03 -3.669999999999999908e-07
3.533478182570991066e+03 -2.949999999999999814e-07
3.538478182570991066e+03 -1.603509590000000038e-06
3.543478182570991066e+03 8.830000000000000585e-07
3.548478182570991066e+03 3.189893904999999963e-06
3.553478182570991066e+03 1.955397893000000245e-06
3.558478182570991066e+03 1.720000000000000049e-07
3.563478182570991066e+03 5.719999999999999868e-07
3.568478182570991066e+03 1.924860552999999934e-06
3.573478182570991066e+03 3.424188470999999971e-06
3.578478182570991066e+03 1.601621770999999930e-06
3.583478182570991066e+03 1.970000000000000038e-07
3.588478182570991066e+03 3.304650017999999630e-06
3.593478182570991066e+03 3.206811380000000142e-06
3.598478182570991066e+03 1.935508626000000096e-06
3.603478182570991066e+03 1.568794105000000022e-06
3.608478182570991066e+03 3.273772017999999822e-06
3.613478182570991066e+03 1.833014103000000087e-06
3.618478182570991066e+03 -1.536757482000000188e-06
3.623478182570991066e+03 2.695299044999999660e-06
3.628478182570991066e+03 1.373025297999999891e-06
3.633478182570991066e+03 3.190380230000000051e-06
3.638478182570991066e+03 3.839999999999999974e-07
3.643478182570991066e+03 2.739357296000000078e-06
3.648478182570991066e+03 -1.518578937999999996e-06
3.653478182570991066e+03 3.535766737000000031e-06
3.658478182570991066e+03 6.171840359000000325e-06
3.663478182570991066e+03 4.720749565999999984e-06
3.668478182570991066e+03 4.836171573999999972e-06
3.673478182570991066e+03 3.992811253000000182e-06
3.678478182570991066e+03 2.131428628000000127e-06
3.683478182570991066e+03 1.850375846999999841e-06
3.688478182570991066e+03 6.075933924999999850e-06
3.693478182570991066e+03 4.393156268999999369e-06
3.698478182570991066e+03 3.848798806000000434e-06
3.703478182570991066e+03 5.404725088999999957e-06
3.708478182570991066e+03 4.965373082000000326e-06
3.713478182570991066e+03 3.099019232000000198e-06
3.718478182570991066e+03 1.244207377999999960e-06
3.723478182570991066e+03 6.082409526999999927e-06
3.728478182570991066e+03 3.486911882999999611e-06
3.733478182570991066e+03 3.335524234000000112e-06
3.738478182570991066e+03 3.361961862999999998e-06
3.743478182570991066e+03 2.028583548999999875e-06
3.748478182570991066e+03 1.469083654000000043e-06
3.753478182570991066e+03 3.713952027999999979e-06
3.758478182570991066e+03 4.920177161999999872e-06
3.763478182570991066e+03 8.239341551000000524e-06
3.768478182570991066e+03 9.023479070000000609e-06
3.773478182570991066e+03 1.021924545000000068e-05
3.778478182570991066e+03 9.731634054000000211e-06
3.783478182570991066e+03 1.284852041999999985e-05
3.788478182570991066e+03 1.070073223999999910e-05
3.793478182570991066e+03 1.279104733999999937e-05
3.798478182570991066e+03 1.226041582000000060e-05
3.803478182570991066e+03 1.580892363999999889e-05
3.808478182570991066e+03 1.566504594000000015e-05
3.813478182570991066e+03 1.214304705999999965e-05
3.818478182570991066e+03 1.048603794000000089e-05
3.823478182570991066e+03 5.797306075999999976e-06
3.828478182570991066e+03 5.139799323000000515e-06
3.833478182570991066e+03 5.149576463999999963e-06
3.838478182570991066e+03 3.914622065999999967e-06
3.843478182570991066e+03 -3.130000000000000234e-08
3.848478182570991066e+03 5.158542190000000613e-06
3.853478182570991066e+03 6.887915660999999685e-06
3.858478182570991066e+03 8.496832452000000098e-06
3.863478182570991066e+03 1.730522722999999812e-05
3.868478182570991066e+03 1.885583741000000077e-05
3.873478182570991066e+03 2.220683264999999851e-05
3.878478182570991066e+03 2.193717983999999866e-05
3.883478182570991066e+03 1.860015559999999841e-05
3.888478182570991066e+03 1.342977746000000055e-05
3.893478182570991066e+03 1.197803299999999977e-05
3.898478182570991066e+03 1.023369492000000101e-05
3.903478182570991066e+03 5.093422950999999307e-06
3.908478182570991066e+03 4.546804993999999511e-06
3.913478182570991066e+03 4.967902204999999749e-06
3.918478182570991066e+03 2.726587700000000139e-06
3.923478182570991066e+03 1.527286949999999855e-06
3.928478182570991066e+03 1.973476464999999896e-06
3.933478182570991066e+03 1.770533417999999918e-06
3.938478182570991066e+03 -2.116513059999999921e-06
3.943478182570991066e+03 3.675273038000000016e-06
3.948478182570991066e+03 9.360000000000000169e-07
3.953478182570991066e+03 2.519999999999999801e-07
3.958478182570991066e+03 2.512325881999999724e-06
3.963478182570991066e+03 1.900000000000000073e-07
3.968478182570991066e+03 2.857035723999999913e-06
3.973478182570991066e+03 1.430496341000000072e-06
3.978478182570991066e+03 1.277945265999999959e-06
3.983478182570991066e+03 -1.098656429999999880e-06
3.988478182570991066e+03 -1.901663053999999957e-06
3.993478182570991066e+03 3.880000000000000333e-08
3.998478182570991066e+03 2.007272559999999811e-06
4.003478182570991066e+03 1.284099562000000017e-06
4.008478182570991066e+03 2.050697948999999773e-06
4.013478182570991066e+03 9.519999999999999484e-07
4.018478182570991066e+03 -1.799999999999999971e-07
4.023478182570991066e+03 2.336393662999999760e-06
4.028478182570991066e+03 2.276962040999999809e-06
4.033478182570991066e+03 -1.829831453999999790e-06
4.038478182570991066e+03 6.047608331000000173e-06
4.043478182570991066e+03 2.811064477999999753e-06
4.048478182570991066e+03 8.830000000000000585e-07
4.053478182570991066e+03 3.437881532999999973e-06
4.058478182570991066e+03 2.142991434000000120e-06
4.063478182570991066e+03 1.604378631000000140e-06
4.068478182570991066e+03 -6.910000000000000333e-07
4.073478182570991066e+03 4.002387285999999831e-06
4.078478182570991066e+03 3.546948719000000099e-06
4.083478182570991066e+03 2.011636242999999797e-06
4.088478182570991066e+03 1.713577512000000156e-06
4.093478182570991066e+03 6.239999999999999760e-07
4.098478182570991521e+03 8.919999999999999935e-07
4.103478182570991521e+03 1.560754172000000148e-06
4.108478182570991521e+03 5.098764085999999738e-06
4.113478182570991521e+03 2.223360351999999925e-06
4.118478182570991521e+03 2.791631268000000011e-06
4.123478182570991521e+03 2.162372548000000196e-06
4.128478182570991521e+03 1.328933140000000037e-06
4.133478182570991521e+03 1.989999999999999952e-07
4.138478182570991521e+03 -5.219999999999999758e-08
4.143478182570991521e+03 2.187474165000000007e-06
4.148478182570991521e+03 3.372651408000000252e-06
4.153478182570991521e+03 1.530505688000000093e-06
4.158478182570991521e+03 1.193679200000000042e-06
4.163478182570991521e+03 9.919999999999999890e-07
4.168478182570991521e+03 8.289999999999999191e-07
4.173478182570991521e+03 -4.699999999999999470e-07
4.178478182570991521e+03 4.125858249999999708e-06
4.183478182570991521e+03 3.501485044000000229e-06
4.188478182570991521e+03 6.976985604999999630e-06
4.193478182570991521e+03 1.179033774000000138e-05
4.198478182570991521e+03 1.431272947000000059e-05
4.203478182570991521e+03 1.924814539999999909e-05
4.208478182570991521e+03 1.387831987999999902e-05
4.213478182570991521e+03 1.845964813000000099e-05
4.218478182570991521e+03 1.139385741999999957e-05
4.223478182570991521e+03 9.160579648000000724e-06
4.228478182570991521e+03 3.544987412000000017e-06
4.233478182570991521e+03 3.056683927000000135e-06
4.238478182570991521e+03 2.037317900000000093e-06
4.243478182570991521e+03 1.760000000000000209e-08
4.248478182570991521e+03 3.227542910999999927e-06
4.253478182570991521e+03 -2.419999999999999700e-07
4.258478182570991521e+03 2.133464731999999954e-06
4.263478182570991521e+03 5.423253169000000081e-06
4.268478182570991521e+03 2.956865063999999916e-06
4.273478182570991521e+03 1.305533659999999954e-06
4.278478182570991521e+03 8.160000000000000012e-07
4.283478182570991521e+03 -5.519999999999999666e-07
4.288478182570991521e+03 4.621651024000000368e-06
4.293478182570991521e+03 3.028659266000000160e-06
4.298478182570991521e+03 2.218482405000000039e-06
4.303478182570991521e+03 2.550381760000000082e-06
4.308478182570991521e+03 1.565372950000000001e-06
4.313478182570991521e+03 2.129484783000000073e-06
4.318478182570991521e+03 -2.266632508999999693e-06
4.323478182570991521e+03 4.775922279999999807e-06
4.328478182570991521e+03 1.677531545000000007e-06
4.333478182570991521e+03 3.151434066000000135e-06
4.338478182570991521e+03 3.261948295000000019e-06
4.343478182570991521e+03 3.998775792000000006e-06
4.348478182570991521e+03 8.169999999999999704e-07
4.353478182570991521e+03 2.697528980000000100e-06
4.358478182570991521e+03 4.245783783999999696e-06
4.363478182570991521e+03 3.566546948000000123e-06
4.368478182570991521e+03 3.401113499000000298e-06
4.373478182570991521e+03 2.920895348999999814e-06
4.378478182570991521e+03 1.519603101999999846e-06
4.383478182570991521e+03 3.633719462000000122e-06
4.388478182570991521e+03 3.986120282000000350e-06
4.393478182570991521e+03 2.601534070000000129e-06
4.398478182570991521e+03 1.340353338000000046e-06
4.403478182570991521e+03 5.971769569000000195e-06
4.408478182570991521e+03 4.073558084000000259e-06
4.413478182570991521e+03 5.175821716000000065e-06
4.418478182570991521e+03 3.621423383999999873e-06
4.423478182570991521e+03 5.274069263000000030e-06
4.428478182570991521e+03 6.445851759000000430e-06
4.433478182570991521e+03 6.530032259999999869e-06
4.438478182570991521e+03 6.149269175000000242e-06
4.443478182570991521e+03 5.686016519999999218e-06
4.448478182570991521e+03 6.827069446000000585e-06
4.453478182570991521e+03 1.871233690000000000e-06
4.458478182570991521e+03 3.519424645000000066e-06
4.463478182570991521e+03 5.632733809999999912e-06
4.468478182570991521e+03 2.844144765000000082e-06
4.473478182570991521e+03 3.984479407999999555e-06
4.478478182570991521e+03 3.986051596999999482e-06
4.483478182570991521e+03 3.238555219000000084e-06
4.488478182570991521e+03 4.822151967999999586e-06
4.493478182570991521e+03 2.531488135000000083e-06
4.498478182570991521e+03 4.835196595999999820e-06
4.503478182570991521e+03 2.545896276999999995e-06
4.508478182570991521e+03 3.701383248000000050e-06
4.513478182570991521e+03 1.965624978999999951e-06
4.518478182570991521e+03 2.233717241000000070e-06
4.523478182570991521e+03 1.413027931000000060e-06
4.528478182570991521e+03 3.379004775000000237e-06
4.533478182570991521e+03 1.117753635999999862e-06
4.538478182570991521e+03 3.729999999999999651e-07
4.543478182570991521e+03 -8.190000000000000148e-07
4.548478182570991521e+03 2.139326824999999792e-06
4.553478182570991521e+03 2.964819432000000158e-06
4.558478182570991521e+03 1.824224309999999924e-06
4.563478182570991521e+03 3.283494443000000264e-06
4.568478182570991521e+03 1.133019176999999996e-06
4.573478182570991521e+03 1.075432956000000018e-06
4.578478182570991521e+03 4.559999999999999540e-07
4.583478182570991521e+03 1.313488027999999985e-06
4.588478182570991521e+03 1.546775311000000075e-06
4.593478182570991521e+03 1.395257276999999931e-06
4.598478182570991521e+03 1.871979183999999910e-06
4.603478182570991521e+03 2.326051180999999890e-06
4.608478182570991521e+03 -1.879999999999999894e-07
4.613478182570991521e+03 8.600000000000000246e-07
4.618478182570991521e+03 3.712898178000000016e-06
4.623478182570991521e+03 3.186112152999999803e-06
4.628478182570991521e+03 3.050643135999999840e-06
4.633478182570991521e+03 2.364399552000000250e-06
4.638478182570991521e+03 7.270000000000000910e-07
4.643478182570991521e+03 1.033538500999999938e-06
4.648478182570991521e+03 8.470000000000000008e-07
4.653478182570991521e+03 3.479218576000000124e-06
4.658478182570991521e+03 1.124790432999999932e-06
4.663478182570991521e+03 1.445198868000000073e-06
4.668478182570991521e+03 8.150000000000000319e-07
4.673478182570991521e+03 -3.619999999999999857e-07
4.678478182570991521e+03 3.018383867999999691e-06
4.683478182570991521e+03 9.619999999999998527e-07
4.688478182570991521e+03 1.979811640999999856e-06
4.693478182570991521e+03 1.050000000000000005e-07
4.698478182570991521e+03 3.679935471000000150e-06
4.703478182570991521e+03 1.836244192000000102e-06
4.708478182570991521e+03 1.208555113000000077e-06
4.713478182570991521e+03 1.805698557000000089e-06
4.718478182570991521e+03 1.828515378000000033e-06
4.723478182570991521e+03 1.366356300000000039e-06
4.728478182570991521e+03 -8.119999999999999124e-07
4.733478182570991521e+03 7.959999999999999809e-07
4.738478182570991521e+03 6.179999999999999487e-07
4.743478182570991521e+03 7.770000000000000358e-07
4.748478182570991521e+03 1.917920162999999861e-06
4.753478182570991521e+03 2.338611957000000007e-06
4.758478182570991521e+03 1.233629445999999806e-06
4.763478182570991521e+03 2.637022699000000193e-06
4.768478182570991521e+03 2.050399926000000251e-06
4.773478182570991521e+03 2.315477176999999797e-06
4.778478182570991521e+03 2.016462240000000336e-06
4.783478182570991521e+03 6.239999999999999760e-07
4.788478182570991521e+03 2.428301086000000028e-06
4.793478182570991521e+03 1.029245031999999907e-06
4.798478182570991521e+03 8.459999999999999257e-07
4.803478182570991521e+03 6.760000000000000711e-07
4.808478182570991521e+03 2.400000000000000315e-07
4.813478182570991521e+03 -1.084767281999999873e-06
4.818478182570991521e+03 3.462438180999999993e-06
4.823478182570991521e+03 1.048327686000000041e-06
4.828478182570991521e+03 6.989999999999999991e-07
4.833478182570991521e+03 3.370000000000000133e-07
4.838478182570991521e+03 1.829705143000000160e-06
4.843478182570991521e+03 -8.549999999999999137e-08
4.848478182570991521e+03 2.261620247999999839e-06
4.853478182570991521e+03 1.249999999999999943e-07
4.858478182570991521e+03 2.518041873999999930e-06
4.863478182570991521e+03 2.598207502000000279e-06
4.868478182570991521e+03 1.569474844000000192e-06
4.873478182570991521e+03 2.564013702999999769e-06
4.878478182570991521e+03 4.010000000000000041e-07
4.883478182570991521e+03 1.855005684999999791e-06
4.888478182570991521e+03 6.139999999999999659e-07
4.893478182570991521e+03 -4.949999999999999194e-07
4.898478182570991521e+03 4.697792465000000241e-06
4.903478182570991521e+03 3.713646728999999898e-06
4.908478182570991521e+03 2.332528529000000159e-06
4.913478182570991521e+03 3.254041076000000026e-06
4.918478182570991521e+03 1.526354753999999887e-06
4.923478182570991521e+03 1.311155355999999879e-06
4.928478182570991521e+03 3.613097942000000132e-06
4.933478182570991521e+03 3.437075938999999738e-06
4.938478182570991521e+03 2.472040650999999978e-06
4.943478182570991521e+03 1.808704545999999910e-06
4.948478182570991521e+03 4.919017664999999852e-06
4.953478182570991521e+03 3.906660713000000327e-06
4.958478182570991521e+03 2.027873124000000016e-06
4.963478182570991521e+03 2.971969951999999935e-06
4.968478182570991521e+03 1.115586418999999926e-06
4.973478182570991521e+03 1.028393380999999995e-06
4.978478182570991521e+03 1.547146820999999884e-06
4.983478182570991521e+03 2.820000000000000105e-07
4.988478182570991521e+03 7.669999999999999198e-07
4.993478182570991521e+03 2.086560707999999833e-06
4.998478182570991521e+03 2.371932204999999937e-06
5.003478182570991521e+03 1.074043538999999868e-06
5.008478182570991521e+03 6.179999999999999487e-07
5.013478182570991521e+03 -9.889999999999999754e-07
5.018478182570991521e+03 5.149999999999999396e-07
5.023478182570991521e+03 3.169999999999999931e-07
5.028478182570991521e+03 7.980000000000000253e-07
5.033478182570991521e+03 6.889999999999999889e-07
5.038478182570991521e+03 1.830856345000000053e-06
5.043478182570991521e+03 3.077522852000000067e-06
5.048478182570991521e+03 2.020467945999999947e-06
5.053478182570991521e+03 2.047431334999999930e-06
5.058478182570991521e+03 6.870000000000000504e-07
5.063478182570991521e+03 7.810000000000000187e-07
5.068478182570991521e+03 1.826050429000000044e-06
5.073478182570991521e+03 2.240721660000000215e-06
5.078478182570991521e+03 3.368433099000000119e-06
5.083478182570991521e+03 1.678346306999999829e-06
5.088478182570991521e+03 1.699099521000000024e-06
5.093478182570991521e+03 1.174693097999999901e-06
5.098478182570991521e+03 2.903633284999999966e-06
5.103478182570991521e+03 5.123755544999999963e-06
5.108478182570991521e+03 2.050071779999999773e-06
5.113478182570991521e+03 2.989886852000000116e-06
5.118478182570991521e+03 2.608124922999999949e-06
5.123478182570991521e+03 1.691014913000000192e-06
5.128478182570991521e+03 1.910231949000000108e-06
5.133478182570991521e+03 2.881514374000000116e-06
5.138478182570991521e+03 2.830426092000000244e-06
5.143478182570991521e+03 3.159108455000000242e-06
5.148478182570991521e+03 3.411267826000000239e-06
5.153478182570991521e+03 2.164216567000000027e-06
5.158478182570991521e+03 4.116687341999999939e-06
5.163478182570991521e+03 5.011443282000000087e-06
5.168478182570991521e+03 4.767653007999999899e-06
5.173478182570991521e+03 4.098746575999999794e-06
5.178478182570991521e+03 4.095781477999999755e-06
5.183478182570991521e+03 3.649480058999999724e-06
5.188478182570991521e+03 3.781852428999999864e-06
5.193478182570991521e+03 4.824239585999999721e-06
5.198478182570991521e+03 4.705476749000000349e-06
5.203478182570991521e+03 4.052003204999999999e-06
5.208478182570991521e+03 5.731792188999999420e-06
5.213478182570991521e+03 4.512049199999999917e-06
5.218478182570991521e+03 3.843998419999999732e-06
5.223478182570991521e+03 3.071791724999999911e-06
5.228478182570991521e+03 4.125100967999999812e-06
5.233478182570991521e+03 3.508924565000000046e-06
5.238478182570991521e+03 3.311320907000000095e-06
5.243478182570991521e+03 4.910723655000000205e-06
5.248478182570991521e+03 4.093156895000000065e-06
5.253478182570991521e+03 4.535222250999999724e-06
5.258478182570991521e+03 5.703668576000000485e-06
5.263478182570991521e+03 5.688129458999999196e-06
5.268478182570991521e+03 2.708857064000000121e-06
5.273478182570991521e+03 4.387577645999999731e-06
5.278478182570991521e+03 3.268544387999999789e-06
5.283478182570991521e+03 3.663099777999999961e-06
5.288478182570991521e+03 5.060206167000000303e-06
5.293478182570991521e+03 2.977787808000000345e-06
5.298478182570991521e+03 5.125025636999999778e-06
5.303478182570991521e+03 2.574185492000000162e-06
5.308478182570991521e+03 1.685022871000000022e-06
5.313478182570991521e+03 2.925169246999999896e-06
5.318478182570991521e+03 4.731392545999999989e-06
5.323478182570991521e+03 3.448564093999999880e-06
5.328478182570991521e+03 2.303231449000000291e-06
5.333478182570991521e+03 2.985582105000000043e-06
5.338478182570991521e+03 3.497773431999999969e-06
5.343478182570991521e+03 3.979634493999999958e-06
5.348478182570991521e+03 3.060762246999999938e-06
5.353478182570991521e+03 3.542050835999999892e-06
5.358478182570991521e+03 4.415686708000000409e-06
5.363478182570991521e+03 1.025399687999999884e-06
5.368478182570991521e+03 3.682925016999999935e-06
5.373478182570991521e+03 2.109036432000000071e-06
5.378478182570991521e+03 3.127320379000000026e-06
5.383478182570991521e+03 2.292074641000000275e-06
5.388478182570991521e+03 2.331694996000000113e-06
5.393478182570991521e+03 2.674016868999999824e-06
5.398478182570991521e+03 8.740000000000000176e-07
5.403478182570991521e+03 1.831792323999999874e-06
5.408478182570991521e+03 1.308029022999999944e-06
5.413478182570991521e+03 6.660000000000000609e-07
5.418478182570991521e+03 3.430576179999999806e-06
5.423478182570991521e+03 4.160562529999999841e-06
5.428478182570991521e+03 2.699175965999999773e-06
5.433478182570991521e+03 4.383880295999999325e-06
5.438478182570991521e+03 3.112204139999999806e-06
5.443478182570991521e+03 1.688182092000000038e-06
5.448478182570991521e+03 2.368093701000000162e-06
5.453478182570991521e+03 2.874301862999999826e-06
5.458478182570991521e+03 2.393395988999999986e-06
5.463478182570991521e+03 2.459337702000000079e-06
5.468478182570991521e+03 2.088841429000000057e-06
5.473478182570991521e+03 1.987269351999999800e-06
5.478478182570991521e+03 3.942524489999999633e-06
5.483478182570991521e+03 9.670000000000000166e-07
5.488478182570991521e+03 2.003119735000000051e-06
5.493478182570991521e+03 1.174159333000000095e-06
5.498478182570991521e+03 1.426452944999999901e-06
5.503478182570991521e+03 1.001271156999999927e-06
5.508478182570991521e+03 2.376858610999999954e-06
5.513478182570991521e+03 7.330000000000000124e-07
5.518478182570991521e+03 3.962156770000000464e-06
5.523478182570991521e+03 1.198535101000000001e-06
5.528478182570991521e+03 2.268217066999999913e-06
5.533478182570991521e+03 1.976610801999999854e-06
5.538478182570991521e+03 2.074562652999999952e-06
5.543478182570991521e+03 5.470000000000000144e-07
5.548478182570991521e+03 2.891916083000000215e-06
5.553478182570991521e+03 2.586322661999999956e-06
5.558478182570991521e+03 2.833701437000000100e-06
5.563478182570991521e+03 7.789999999999999743e-07
5.568478182570991521e+03 8.849999999999999970e-07
5.573478182570991521e+03 3.024730831000000163e-06
5.578478182570991521e+03 7.389999999999999337e-07
5.583478182570991521e+03 1.913633750999999912e-06
5.588478182570991521e+03 1.103536851999999956e-06
5.593478182570991521e+03 3.547810193000000174e-06
5.598478182570991521e+03 7.119999999999999170e-07
5.603478182570991521e+03 2.070192276999999932e-06
5.608478182570991521e+03 2.511151833000000280e-06
5.613478182570991521e+03 2.128788327999999857e-06
5.618478182570991521e+03 3.991685807999999595e-06
5.623478182570991521e+03 1.361056346999999917e-06
5.628478182570991521e+03 1.024704033999999927e-06
5.633478182570991521e+03 1.681614957999999967e-06
5.638478182570991521e+03 2.857173385999999743e-06
5.643478182570991521e+03 3.016749688000000097e-06
5.648478182570991521e+03 1.473896118000000089e-06
5.653478182570991521e+03 3.610571147999999735e-06
5.658478182570991521e+03 1.330550003000000024e-06
5.663478182570991521e+03 2.798747737000000252e-06
5.668478182570991521e+03 1.733178942000000039e-06
5.673478182570991521e+03 1.060852228000000009e-06
5.678478182570991521e+03 1.405681251000000010e-06
5.683478182570991521e+03 -1.770000000000000100e-07
5.688478182570991521e+03 1.567138243000000127e-06
5.693478182570991521e+03 1.701834990000000035e-06
5.698478182570991521e+03 2.393611066999999851e-06
5.703478182570991521e+03 1.436477759999999930e-06
5.708478182570991521e+03 2.790979050999999967e-06
5.713478182570991521e+03 2.528809126999999583e-06
5.718478182570991521e+03 1.533104805000000155e-06
5.723478182570991521e+03 1.856167363999999892e-06
5.728478182570991521e+03 1.695571117999999961e-06
5.733478182570991521e+03 1.740346052000000068e-06
5.738478182570991521e+03 1.168571324999999977e-06
5.743478182570991521e+03 -6.830000000000000676e-07
5.748478182570991521e+03 4.006864037000000431e-06
5.753478182570991521e+03 -5.220000000000000420e-07
5.758478182570991521e+03 9.060000000000000924e-07
5.763478182570991521e+03 2.144848113000000135e-06
5.768478182570991521e+03 4.899999999999999540e-08
5.773478182570991521e+03 1.081211739999999938e-06
5.778478182570991521e+03 9.260000000000000068e-07
5.783478182570991521e+03 2.029999999999999781e-07
5.788478182570991521e+03 1.039874404999999998e-06
5.793478182570991521e+03 3.088353551000000113e-06
5.798478182570991521e+03 2.413871698000000338e-06
5.803478182570991521e+03 1.117397114000000000e-06
5.808478182570991521e+03 1.908653793999999927e-06
5.813478182570991521e+03 4.759999999999999742e-07
5.818478182570991521e+03 2.566803886999999947e-06
5.823478182570991521e+03 1.253626688000000198e-06
5.828478182570991521e+03 1.552048343000000055e-06
5.833478182570991521e+03 5.649999999999999903e-07
5.838478182570991521e+03 2.609215152999999743e-06
5.843478182570991521e+03 1.810414833000000191e-06
5.848478182570991521e+03 1.209466645000000049e-06
5.853478182570991521e+03 2.648908702999999657e-06
5.858478182570991521e+03 3.537608717999999880e-06
5.863478182570991521e+03 2.207808137999999937e-06
5.868478182570991521e+03 3.012638771999999790e-06
5.873478182570991521e+03 1.506691477999999909e-06
5.878478182570991521e+03 3.477561985999999918e-06
5.883478182570991521e+03 1.879441843000000227e-06
5.888478182570991521e+03 2.539395646000000288e-06
5.893478182570991521e+03 -2.060147817000000110e-06
5.898478182570991521e+03 3.179667110000000148e-06
5.903478182570991521e+03 1.797073782999999996e-06
5.908478182570991521e+03 3.148985269999999977e-06
5.913478182570991521e+03 1.171658951000000004e-06
5.918478182570991521e+03 9.919999999999999890e-07
5.923478182570991521e+03 3.202490043000000241e-06
5.928478182570991521e+03 2.921403793000000201e-06
5.933478182570991521e+03 1.405440852999999988e-06
5.938478182570991521e+03 2.477886155000000308e-06
5.943478182570991521e+03 2.420656529000000139e-06
5.948478182570991521e+03 2.359600621000000274e-06
5.953478182570991521e+03 2.475578512999999943e-06
5.958478182570991521e+03 1.914254825999999856e-06
5.963478182570991521e+03 1.686182659000000145e-06
5.968478182570991521e+03 1.701067376000000141e-06
5.973478182570991521e+03 1.942838280000000218e-06
5.978478182570991521e+03 1.925597898999999933e-06
5.983478182570991521e+03 1.396831067000000054e-06
5.988478182570991521e+03 1.605676516000000083e-06
5.993478182570991521e+03 1.392090053000000001e-06
5.998478182570991521e+03 2.700906770999999943e-06
6.003478182570991521e+03 1.772040123000000106e-06
6.008478182570991521e+03 3.002363373999999745e-06
6.013478182570991521e+03 2.668427187000000198e-06
6.018478182570991521e+03 1.967285497999999904e-06
6.023478182570991521e+03 2.985876636000000026e-06
6.028478182570991521e+03 8.789999999999999698e-07
6.033478182570991521e+03 1.892266882000000008e-06
6.038478182570991521e+03 1.429328840000000029e-06
6.043478182570991521e+03 1.056933688000000013e-06
6.048478182570991521e+03 2.322584186999999925e-06
6.053478182570991521e+03 2.797754423000000079e-06
6.058478182570991521e+03 1.131930984999999972e-06
6.063478182570991521e+03 2.680734324000000012e-06
6.068478182570991521e+03 1.971879827999999799e-06
6.073478182570991521e+03 3.251041926000000131e-06
6.078478182570991521e+03 1.793331466999999953e-06
6.083478182570991521e+03 2.957935502999999810e-06
6.088478182570991521e+03 2.311661083000000211e-06
6.093478182570991521e+03 5.119999999999999260e-07
6.098478182570991521e+03 3.012201923000000451e-06
6.103478182570991521e+03 2.644724154000000015e-06
6.108478182570991521e+03 1.466846733999999994e-06
6.113478182570991521e+03 3.927236830000000260e-06
6.118478182570991521e+03 2.196659334000000156e-06
6.123478182570991521e+03 2.830723532999999560e-06
6.128478182570991521e+03 2.281989290999999719e-06
6.133478182570991521e+03 2.768656413999999927e-06
6.138478182570991521e+03 3.597433969999999836e-06
6.143478182570991521e+03 4.540187656000000285e-06
6.148478182570991521e+03 5.991811048999999700e-06
6.153478182570991521e+03 6.461053271999999755e-06
6.158478182570991521e+03 5.604745819999999658e-06
6.163478182570991521e+03 5.190637893999999511e-06
6.168478182570991521e+03 5.462015979000000015e-06
6.173478182570991521e+03 5.041378899000000350e-06
6.178478182570991521e+03 3.523822524999999906e-06
6.183478182570991521e+03 1.737282873000000101e-06
6.188478182570991521e+03 4.028794647000000035e-06
6.193478182570991521e+03 3.258321375999999826e-06
6.198478182570991521e+03 3.106081566999999945e-06
6.203478182570991521e+03 3.622017393000000103e-06
6.208478182570991521e+03 1.033806910999999929e-06
6.213478182570991521e+03 1.919696660000000184e-06
6.218478182570991521e+03 1.143609552000000077e-06
6.223478182570991521e+03 2.526761672999999877e-06
6.228478182570991521e+03 3.238916978999999889e-06
6.233478182570991521e+03 4.440000000000000053e-07
6.238478182570991521e+03 3.206626860999999851e-06
6.243478182570991521e+03 1.168127128000000029e-06
6.248478182570991521e+03 1.557871728000000087e-06
6.253478182570991521e+03 2.687142114000000164e-06
6.258478182570991521e+03 7.210000000000000637e-07
6.263478182570991521e+03 4.130883898999999846e-06
6.268478182570991521e+03 1.645598386000000040e-06
6.273478182570991521e+03 1.995416824000000030e-06
6.278478182570991521e+03 3.519302117999999763e-06
6.283478182570991521e+03 1.815852592999999928e-06
6.288478182570991521e+03 3.255653428000000060e-06
6.293478182570991521e+03 3.381083660999999614e-06
6.298478182570991521e+03 3.117198356999999851e-06
6.303478182570991521e+03 3.614608722000000174e-06
6.308478182570991521e+03 5.334543530000000485e-06
6.313478182570991521e+03 2.720638877000000150e-06
6.318478182570991521e+03 2.090783964000000230e-06
6.323478182570991521e+03 3.209858841999999953e-06
6.328478182570991521e+03 3.475591366000000464e-06
6.333478182570991521e+03 2.143822202999999881e-06
6.338478182570991521e+03 1.555707277000000021e-06
6.343478182570991521e+03 2.541990252000000186e-06
6.348478182570991521e+03 -8.199999999999999311e-08
6.353478182570991521e+03 4.200000000000000022e-07
6.358478182570991521e+03 3.345053991999999928e-06
6.363478182570991521e+03 2.449999999999999836e-07
6.368478182570991521e+03 1.947634300000000117e-06
6.373478182570991521e+03 1.566600695000000045e-06
6.378478182570991521e+03 2.539925043999999817e-06
6.383478182570991521e+03 3.444560571000000247e-06
6.388478182570991521e+03 1.620581023999999979e-06
6.393478182570991521e+03 2.948863839000000059e-06
6.398478182570991521e+03 2.427302825000000014e-06
6.403478182570991521e+03 3.146427333999999903e-06
6.408478182570991521e+03 3.309999999999999861e-08
6.413478182570991521e+03 3.861648438000000170e-06
6.418478182570991521e+03 1.748358482000000019e-06
6.423478182570991521e+03 2.981006982999999945e-06
6.428478182570991521e+03 3.976206352999999795e-06
6.433478182570991521e+03 6.910000000000000333e-07
6.438478182570991521e+03 4.150758614000000146e-06
6.443478182570991521e+03 2.174755063999999962e-06
6.448478182570991521e+03 2.131978835999999970e-06
6.453478182570991521e+03 2.444107377000000001e-06
6.458478182570991521e+03 2.316688478000000118e-06
6.463478182570991521e+03 2.064387372000000021e-06
6.468478182570991521e+03 1.611927436999999870e-06
6.473478182570991521e+03 2.061692358000000117e-06
6.478478182570991521e+03 1.202545462999999985e-06
6.483478182570991521e+03 2.268187236000000016e-06
6.488478182570991521e+03 5.850000000000000106e-07
6.493478182570991521e+03 2.728232648000000254e-06
6.498478182570991521e+03 2.395240444000000128e-06
6.503478182570991521e+03 3.306914003999999605e-06
6.508478182570991521e+03 1.292558591000000158e-06
6.513478182570991521e+03 1.302276504999999801e-06
6.518478182570991521e+03 2.213486295999999908e-06
6.523478182570991521e+03 8.839999999999999219e-07
6.528478182570991521e+03 1.907730183999999765e-06
6.533478182570991521e+03 8.890000000000000858e-07
6.538478182570991521e+03 1.611664919999999974e-06
6.543478182570991521e+03 5.149999999999999396e-07
6.548478182570991521e+03 1.183920612999999924e-06
6.553478182570991521e+03 2.380927034999999858e-06
6.558478182570991521e+03 -6.409999999999999826e-08
6.563478182570991521e+03 1.550402230000000055e-06
6.568478182570991521e+03 1.718337153000000121e-06
6.573478182570991521e+03 3.680000000000000130e-07
6.578478182570991521e+03 2.526311728000000043e-06
6.583478182570991521e+03 2.586577319999999825e-06
6.588478182570991521e+03 2.119999999999999925e-07
6.593478182570991521e+03 1.366688520999999946e-06
6.598478182570991521e+03 7.090000000000000092e-07
6.603478182570991521e+03 1.455573946999999922e-06
6.608478182570991521e+03 5.869999999999999491e-07
6.613478182570991521e+03 3.019999999999999779e-07
6.618478182570991521e+03 2.298620238000000253e-06
6.623478182570991521e+03 2.970000000000000257e-07
6.628478182570991521e+03 1.575424102999999857e-06
6.633478182570991521e+03 1.119999999999999970e-07
6.638478182570991521e+03 3.940000000000000076e-07
6.643478182570991521e+03 -2.620000000000000052e-09
6.648478182570991521e+03 3.036631096999999904e-06
6.653478182570991521e+03 9.100000000000000753e-07
6.658478182570991521e+03 3.219999999999999452e-07
6.663478182570991521e+03 4.611678304999999794e-06
6.668478182570991521e+03 7.459999999999999302e-07
6.673478182570991521e+03 1.938979985000000120e-06
6.678478182570991521e+03 1.756603159999999862e-06
6.683478182570991521e+03 3.685644187000000220e-06
6.688478182570991521e+03 3.544590436000000369e-06
6.693478182570991521e+03 2.135095710000000003e-06
6.698478182570991521e+03 3.642178781000000045e-06
6.703478182570991521e+03 2.405827836000000082e-06
6.708478182570991521e+03 1.196266312000000073e-06
6.713478182570991521e+03 2.218067675000000151e-06
6.718478182570991521e+03 4.839999999999999400e-07
6.723478182570991521e+03 1.162620174000000013e-06
6.728478182570991521e+03 2.187747158999999898e-06
6.733478182570991521e+03 1.783277403000000020e-06
6.738478182570991521e+03 2.117902767999999962e-06
6.743478182570991521e+03 3.063666226999999982e-06
6.748478182570991521e+03 7.720000000000000837e-07
6.753478182570991521e+03 2.119168638999999817e-06
6.758478182570991521e+03 3.667885611999999968e-06
6.763478182570991521e+03 1.342638425000000015e-06
6.768478182570991521e+03 3.435119287999999605e-06
6.773478182570991521e+03 1.992818869999999845e-06
6.778478182570991521e+03 2.868483425000000057e-06
6.783478182570991521e+03 7.509999999999999883e-07
6.788478182570991521e+03 4.229999999999999629e-07
6.793478182570991521e+03 2.834848710000000247e-06
6.798478182570991521e+03 1.710030482999999866e-06
6.803478182570991521e+03 3.668788994999999920e-06
6.808478182570991521e+03 2.765080425999999939e-06
6.813478182570991521e+03 5.409999999999999872e-07
6.818478182570991521e+03 3.915934940000000178e-06
6.823478182570991521e+03 1.925838004999999955e-06
6.828478182570991521e+03 1.661920396000000002e-06
6.833478182570991521e+03 2.829999999999999798e-07
6.838478182570991521e+03 1.756531273999999982e-06
6.843478182570991521e+03 -5.950000000000000207e-07
6.848478182570991521e+03 3.368649923000000176e-06
6.853478182570991521e+03 1.553328475000000080e-06
6.858478182570991521e+03 1.714654791000000086e-06
6.863478182570991521e+03 1.604991557999999961e-06
6.868478182570991521e+03 1.015497109999999953e-06
6.873478182570991521e+03 -1.579783711000000202e-06
6.878478182570991521e+03 2.827734570000000302e-06
6.883478182570991521e+03 1.320647425000000093e-06
6.888478182570991521e+03 2.455137437000000179e-06
6.893478182570991521e+03 1.715293765000000054e-06
6.898478182570991521e+03 -3.249999999999999588e-07
6.903478182570991521e+03 1.919999999999999987e-07
6.908478182570991521e+03 2.602591121000000162e-06
6.913478182570991521e+03 1.832935959000000165e-06
6.918478182570991521e+03 1.379885798000000060e-06
6.923478182570991521e+03 2.269762771999999908e-06
6.928478182570991521e+03 1.128303193000000106e-06
6.933478182570991521e+03 1.328612998000000006e-06
6.938478182570991521e+03 1.154859564999999910e-06
6.943478182570991521e+03 7.420000000000000532e-07
6.948478182570991521e+03 1.700180583000000019e-06
6.953478182570991521e+03 1.060047652999999976e-06
6.958478182570991521e+03 2.142022859000000007e-06
6.963478182570991521e+03 7.069999999999999648e-07
6.968478182570991521e+03 2.174740512000000114e-06
6.973478182570991521e+03 4.760762385999999942e-06
6.978478182570991521e+03 1.075257242000000009e-06
6.983478182570991521e+03 1.229701156000000018e-06
6.988478182570991521e+03 2.008545561999999806e-06
6.993478182570991521e+03 -1.066935511000000071e-06
6.998478182570991521e+03 2.246360673000000171e-06
7.003478182570991521e+03 3.012549713999999664e-06
7.008478182570991521e+03 1.480559877000000101e-06
7.013478182570991521e+03 2.460326941000000188e-06
7.018478182570991521e+03 2.918053359999999861e-06
7.023478182570991521e+03 2.974796515999999944e-06
7.028478182570991521e+03 1.337855938000000184e-06
7.033478182570991521e+03 4.060359497000000052e-06
7.038478182570991521e+03 2.586314804000000038e-06
7.043478182570991521e+03 3.376705281000000206e-06
7.048478182570991521e+03 5.099999999999999875e-07
7.053478182570991521e+03 4.140966630000000112e-06
7.058478182570991521e+03 2.649901725999999940e-06
7.063478182570991521e+03 3.460000000000000013e-07
7.068478182570991521e+03 5.272128036999999842e-06
7.073478182570991521e+03 1.387929806000000211e-06
7.078478182570991521e+03 1.389400277000000039e-06
7.083478182570991521e+03 2.024187269999999807e-06
7.088478182570991521e+03 2.365686960000000199e-06
7.093478182570991521e+03 7.320000000000000431e-07
7.098478182570991521e+03 2.934682416000000206e-06
7.103478182570991521e+03 3.796521341000000217e-06
7.108478182570991521e+03 1.184436186999999916e-06
7.113478182570991521e+03 2.973318624000000195e-06
7.118478182570991521e+03 1.600802933999999831e-06
7.123478182570991521e+03 2.718671458000000344e-06
7.128478182570991521e+03 1.136241261999999987e-06
7.133478182570991521e+03 1.930000000000000209e-07
7.138478182570991521e+03 2.829676086999999958e-06
7.143478182570991521e+03 2.100688725000000139e-06
7.148478182570991521e+03 2.013299381000000040e-06
7.153478182570991521e+03 5.106573225999999598e-06
7.158478182570991521e+03 3.041937016000000068e-06
7.163478182570991521e+03 3.269605221999999675e-06
7.168478182570991521e+03 4.530000000000000462e-07
7.173478182570991521e+03 3.811869246000000335e-06
7.178478182570991521e+03 2.511003113000000359e-06
7.183478182570991521e+03 2.623911423000000022e-06
7.188478182570991521e+03 1.934914035000000085e-06
7.193478182570991521e+03 4.367677320000000441e-06
7.198478182570991521e+03 1.050604623999999989e-06
7.203478182570991521e+03 6.910000000000000333e-07
7.208478182570991521e+03 3.613532171999999606e-06
7.213478182570991521e+03 2.940000000000000121e-07
7.218478182570991521e+03 1.804036291999999943e-06
7.223478182570991521e+03 9.849999999999998866e-07
7.228478182570991521e+03 1.040000000000000048e-07
7.233478182570991521e+03 2.013722841999999942e-06
7.238478182570991521e+03 2.617079589999999763e-06
7.243478182570991521e+03 1.410800032000000017e-06
7.248478182570991521e+03 4.838346212999999726e-06
7.253478182570991521e+03 2.296921301999999962e-06
7.258478182570991521e+03 2.337245241999999834e-06
7.263478182570991521e+03 1.127377764000000016e-06
7.268478182570991521e+03 1.064106035999999985e-06
7.273478182570991521e+03 2.405488193999999830e-06
7.278478182570991521e+03 3.253812610999999774e-06
7.283478182570991521e+03 1.804224156999999878e-06
7.288478182570991521e+03 4.293304809999999492e-06
7.293478182570991521e+03 2.336954349000000131e-06
7.298478182570991521e+03 2.173641405999999886e-06
7.303478182570991521e+03 1.077245542999999967e-06
7.308478182570991521e+03 1.758670550999999998e-06
7.313478182570991521e+03 9.670000000000000166e-07
7.318478182570991521e+03 1.362717012000000188e-06
7.323478182570991521e+03 1.364070049000000083e-06
7.328478182570991521e+03 4.745653713999999749e-06
7.333478182570991521e+03 7.649999999999999813e-07
7.338478182570991521e+03 4.399999999999999695e-07
7.343478182570991521e+03 9.729999999999998321e-07
7.348478182570991521e+03 1.391354599000000088e-06
7.353478182570991521e+03 1.629501785000000043e-06
7.358478182570991521e+03 2.965416352000000042e-06
7.363478182570991521e+03 -5.850000000000000106e-07
7.368478182570991521e+03 3.295237257000000173e-06
7.373478182570991521e+03 9.919999999999999890e-07
7.378478182570991521e+03 5.979999999999999285e-07
7.383478182570991521e+03 2.695065050000000313e-06
7.388478182570991521e+03 9.399999999999998939e-07
7.393478182570991521e+03 1.840794429999999931e-06
7.398478182570991521e+03 9.749999999999999823e-07
7.403478182570991521e+03 -1.259288692000000015e-06
7.408478182570991521e+03 4.396400473000000293e-06
7.413478182570991521e+03 1.640781555999999827e-06
7.418478182570991521e+03 2.300799242000000065e-06
7.423478182570991521e+03 3.271520836000000129e-06
7.428478182570991521e+03 -4.979999999999999330e-07
7.433478182570991521e+03 2.064716391000000172e-06
7.438478182570991521e+03 1.972331373999999829e-06
7.443478182570991521e+03 1.549999999999999983e-07
7.448478182570991521e+03 4.888140247000000673e-06
7.453478182570991521e+03 5.750000000000000004e-07
7.458478182570991521e+03 1.719802822000000107e-06
7.463478182570991521e+03 1.861042256000000025e-06
7.468478182570991521e+03 6.889999999999999889e-07
7.473478182570991521e+03 2.085844462000000140e-06
7.478478182570991521e+03 3.043982142000000224e-06
7.483478182570991521e+03 1.296823174999999912e-06
7.488478182570991521e+03 -9.159999999999999967e-07
7.493478182570991521e+03 4.526390403000000425e-06
7.498478182570991521e+03 4.125865816999999734e-06
7.503478182570991521e+03 2.148286731000000081e-06
7.508478182570991521e+03 2.867474395000000048e-06
7.513478182570991521e+03 3.578156757000000048e-06
7.518478182570991521e+03 4.396218574000000189e-06
7.523478182570991521e+03 1.692221122000000042e-06
7.528478182570991521e+03 7.819999999999999879e-07
7.533478182570991521e+03 1.836015580999999957e-06
7.538478182570991521e+03 3.283550904999999886e-06
7.543478182570991521e+03 4.645925073000000489e-06
7.548478182570991521e+03 3.068022197000000048e-06
7.553478182570991521e+03 2.589603246000000288e-06
7.558478182570991521e+03 3.714954654999999948e-06
7.563478182570991521e+03 1.971681048999999872e-06
7.568478182570991521e+03 2.253030689000000116e-06
7.573478182570991521e+03 1.294065149999999817e-06
7.578478182570991521e+03 8.479999999999999701e-07
7.583478182570991521e+03 3.558824537000000093e-06
7.588478182570991521e+03 3.715452621999999705e-06
7.593478182570991521e+03 3.627091645999999945e-06
7.598478182570991521e+03 3.646572294999999930e-06
7.603478182570991521e+03 4.772572428999999672e-06
7.608478182570991521e+03 3.638874331999999646e-06
7.613478182570991521e+03 3.780830301999999886e-06
7.618478182570991521e+03 4.108102585000000059e-06
7.623478182570991521e+03 4.363607732000000550e-06
7.628478182570991521e+03 2.021665568000000093e-06
7.633478182570991521e+03 4.071209696000000530e-06
7.638478182570991521e+03 4.057213082000000538e-06
7.643478182570991521e+03 3.088843659000000055e-06
7.648478182570991521e+03 2.451919427000000041e-06
7.653478182570991521e+03 3.621159994999999990e-06
7.658478182570991521e+03 3.815906820999999402e-06
7.663478182570991521e+03 -2.250000000000000163e-07
7.668478182570991521e+03 6.327636655999999338e-06
7.673478182570991521e+03 2.578111016000000081e-06
7.678478182570991521e+03 3.257570496999999969e-06
7.683478182570991521e+03 2.837772480999999768e-06
7.688478182570991521e+03 2.297678730000000176e-06
7.693478182570991521e+03 3.277684154000000304e-06
7.698478182570991521e+03 2.620693703999999775e-06
7.703478182570991521e+03 4.086539265999999677e-06
7.708478182570991521e+03 3.896165580999999621e-06
7.713478182570991521e+03 3.956257424000000275e-06
7.718478182570991521e+03 1.543256367000000126e-06
7.723478182570991521e+03 8.011173923000000012e-06
7.728478182570991521e+03 3.970049438000000083e-06
7.733478182570991521e+03 5.510831833999999891e-06
7.738478182570991521e+03 5.197961000000000020e-06
7.743478182570991521e+03 3.160765335999999916e-06
7.748478182570991521e+03 5.559988785999999897e-06
7.753478182570991521e+03 4.362833860999999876e-06
7.758478182570991521e+03 5.486605223000000115e-06
7.763478182570991521e+03 5.109475459999999450e-06
7.768478182570991521e+03 4.894618759999999979e-06
7.773478182570991521e+03 6.195726454999999753e-06
7.778478182570991521e+03 5.452202166999999997e-06
7.783478182570991521e+03 4.521940427000000071e-06
7.788478182570991521e+03 5.925909500000000459e-06
7.793478182570991521e+03 6.194678716999999938e-06
7.798478182570991521e+03 5.738598993000000471e-06
7.803478182570991521e+03 8.440510136999998883e-06
7.808478182570991521e+03 8.184167091000000508e-06
7.813478182570991521e+03 1.137859887000000098e-05
7.818478182570991521e+03 1.027766498999999929e-05
7.823478182570991521e+03 7.662050192999999936e-06
7.828478182570991521e+03 8.514524087999999675e-06
7.833478182570991521e+03 9.691272861999999038e-06
7.838478182570991521e+03 9.512428078000000181e-06
7.843478182570991521e+03 1.172411487999999988e-05
7.848478182570991521e+03 1.363241346999999922e-05
7.853478182570991521e+03 1.172371907000000002e-05
7.858478182570991521e+03 1.403518487000000028e-05
7.863478182570991521e+03 1.607344718999999958e-05
7.868478182570991521e+03 1.470656366999999965e-05
7.873478182570991521e+03 1.603267388000000079e-05
7.878478182570991521e+03 1.653240179000000024e-05
7.883478182570991521e+03 1.989904324999999699e-05
7.888478182570991521e+03 2.042372711000000094e-05
7.893478182570991521e+03 2.181285992000000113e-05
7.898478182570991521e+03 2.399588701999999917e-05
7.903478182570991521e+03 2.548473886999999904e-05
7.908478182570991521e+03 2.778334310000000137e-05
7.913478182570991521e+03 2.929196227000000150e-05
7.918478182570991521e+03 3.186306916000000239e-05
7.923478182570991521e+03 3.406673670000000341e-05
7.928478182570991521e+03 3.840650199000000131e-05
7.933478182570991521e+03 3.949350677000000375e-05
7.938478182570991521e+03 4.308570175999999605e-05
7.943478182570991521e+03 4.893965552999999944e-05
7.948478182570991521e+03 5.200572778000000292e-05
7.953478182570991521e+03 5.438288208000000685e-05
7.958478182570991521e+03 6.393657532000000658e-05
7.963478182570991521e+03 6.659940815999999711e-05
7.968478182570991521e+03 7.583756930999999352e-05
7.973478182570991521e+03 8.237573317999999855e-05
7.978478182570991521e+03 8.952992967999999225e-05
7.983478182570991521e+03 9.970135055000001114e-05
7.988478182570991521e+03 1.099755894000000009e-04
7.993478182570991521e+03 1.179359293999999959e-04
7.998478182570991521e+03 1.321782078999999980e-04
8.003478182570991521e+03 1.438223571000000079e-04
8.008478182570991521e+03 1.604455151000000067e-04
8.013478182570991521e+03 1.746780611999999800e-04
8.018478182570991521e+03 1.923389732999999902e-04
8.023478182570991521e+03 2.136121318000000187e-04
8.028478182570991521e+03 2.348649315999999892e-04
8.033478182570991521e+03 2.579565904999999663e-04
8.038478182570991521e+03 2.842045761999999632e-04
8.043478182570991521e+03 3.131296112999999758e-04
8.048478182570991521e+03 3.435735032000000180e-04
8.053478182570991521e+03 3.820681943999999514e-04
8.058478182570991521e+03 4.172130673999999606e-04
8.063478182570991521e+03 4.575905575999999878e-04
8.068478182570991521e+03 5.056111886999999560e-04
8.073478182570991521e+03 5.540095642000000343e-04
8.078478182570991521e+03 6.143338978000000353e-04
8.083478182570991521e+03 6.774744390999999167e-04
8.088478182570991521e+03 7.472805678999999354e-04
8.093478182570991521e+03 8.183181286000000684e-04
8.098478182570991521e+03 9.017150848999999895e-04
8.103478182570991521e+03 9.920965880000000726e-04
8.108478182570991521e+03 1.093127428999999965e-03
8.113478182570991521e+03 1.205325498999999887e-03
8.118478182570991521e+03 1.326535492999999979e-03
8.123478182570991521e+03 1.465055644999999854e-03
8.128478182570991521e+03 1.620999575000000009e-03
8.133478182570991521e+03 1.781412810000000029e-03
8.138478182570991521e+03 1.968083382000000020e-03
8.143478182570991521e+03 2.189474850999999916e-03
8.148478182570991521e+03 2.400164753000000230e-03
8.153478182570991521e+03 2.659681140999999981e-03
8.158478182570991521e+03 2.951982319000000157e-03
8.163478182570991521e+03 3.261006474000000162e-03
8.168478182570991521e+03 3.631722032999999857e-03
8.173478182570991521e+03 4.026856422000000581e-03
8.178478182570991521e+03 4.489572643999999862e-03
8.183478182570991521e+03 4.996071160000000594e-03
8.188478182570991521e+03 5.583168268000000128e-03
8.193478182570990612e+03 6.240019798000000575e-03
8.198478182570990612e+03 6.975966096000000595e-03
8.203478182570990612e+03 7.822616695999999939e-03
8.208478182570990612e+03 8.798190354999999019e-03
8.213478182570990612e+03 9.904758930000000239e-03
8.218478182570990612e+03 1.116712570000000064e-02
8.223478182570990612e+03 1.261991024000000058e-02
8.228478182570990612e+03 1.428443431999999909e-02
8.233478182570990612e+03 1.620229839999999880e-02
8.238478182570990612e+03 1.843682169999999801e-02
8.243478182570990612e+03 2.098949193999999699e-02
8.248478182570990612e+03 2.394291162000000001e-02
8.253478182570990612e+03 2.748167991999999824e-02
8.258478182570990612e+03 3.151622057000000310e-02
8.263478182570990612e+03 3.612783194000000059e-02
8.268478182570990612e+03 4.170344353000000198e-02
8.273478182570990612e+03 4.817151070000000312e-02
8.278478182570990612e+03 5.567899704000000421e-02
8.283478182570990612e+03 6.460496901999999986e-02
8.288478182570990612e+03 7.497383118000000568e-02
8.293478182570990612e+03 8.729121207999999965e-02
8.298478182570990612e+03 1.015489482999999971e-01
8.303478182570990612e+03 1.185100268999999956e-01
8.308478182570990612e+03 1.380054188000000015e-01
8.313478182570990612e+03 1.607613182000000029e-01
8.318478182570990612e+03 1.878680037999999886e-01
8.323478182570990612e+03 2.179378128000000192e-01
8.328478182570990612e+03 2.525445746999999685e-01
8.333478182570990612e+03 2.920912170000000141e-01
8.338478182570990612e+03 3.353138350999999573e-01
8.343478182570990612e+03 3.833705901999999721e-01
8.348478182570990612e+03 4.343750380999999994e-01
8.353478182570990612e+03 4.882659148999999865e-01
8.358478182570990612e+03 5.440416336000000186e-01
8.363478182570990612e+03 5.996138382000000266e-01
8.368478182570990612e+03 6.553923797999999801e-01
8.373478182570990612e+03 7.074694060999999756e-01
8.378478182570990612e+03 7.558636475000000132e-01
8.383478182570990612e+03 8.001943970000000572e-01
8.388478182570990612e+03 8.384952545000000645e-01
8.393478182570990612e+03 8.715132140999999333e-01
8.398478182570990612e+03 8.994042969000000110e-01
8.403478182570990612e+03 9.216139984000000229e-01
8.408478182570990612e+03 9.396254729999999888e-01
8.413478182570990612e+03 9.532209777999999245e-01
8.418478182570990612e+03 9.646241759999999443e-01
8.423478182570990612e+03 9.721578979000000675e-01
8.428478182570990612e+03 9.782326507999999921e-01
8.433478182570990612e+03 9.819427490000000036e-01
8.438478182570990612e+03 9.850346374999999766e-01
8.443478182570990612e+03 9.874938964999999680e-01
8.448478182570990612e+03 9.888706969999999652e-01
8.453478182570990612e+03 9.898001861999999873e-01
8.458478182570990612e+03 9.904261017000000056e-01
8.463478182570990612e+03 9.911842346000000470e-01
8.468478182570990612e+03 9.918505858999999703e-01
8.473478182570990612e+03 9.921794891000000893e-01
8.478478182570990612e+03 9.926840973000000679e-01
8.483478182570990612e+03 9.926589966000000098e-01
8.488478182570990612e+03 9.926893615999999865e-01
8.493478182570990612e+03 9.927931976000000658e-01
8.498478182570990612e+03 9.927544403000000406e-01
8.503478182570990612e+03 9.928135681000000989e-01
8.508478182570990612e+03 9.928947449000000702e-01
8.513478182570990612e+03 9.919929503999999065e-01
8.518478182570990612e+03 9.920893859999999620e-01
8.523478182570990612e+03 9.917862700999999781e-01
8.528478182570990612e+03 9.917519378999999358e-01
8.533478182570990612e+03 9.917129516999999561e-01
8.538478182570990612e+03 9.910620117000000784e-01
8.543478182570990612e+03 9.904106903000000628e-01
8.548478182570990612e+03 9.905406189000000028e-01
8.553478182570990612e+03 9.904265594000000172e-01
8.558478182570990612e+03 9.901164246000000446e-01
8.563478182570990612e+03 9.901632689999999570e-01
8.568478182570990612e+03 9.896802520999998798e-01
8.573478182570990612e+03 9.902645110999999112e-01
8.578478182570990612e+03 9.897929381999999165e-01
8.583478182570990612e+03 9.899593353000000207e-01
8.588478182570990612e+03 9.909677123999999226e-01
8.593478182570990612e+03 9.909421539000000667e-01
8.598478182570990612e+03 9.914479065000000313e-01
8.603478182570990612e+03 9.914772797000001026e-01
8.608478182570990612e+03 9.921447754000000119e-01
8.613478182570990612e+03 9.923422241000000588e-01
8.618478182570990612e+03 9.927026367000000295e-01
8.623478182570990612e+03 9.931971740999999687e-01
8.628478182570990612e+03 9.937964630000000188e-01
8.633478182570990612e+03 9.941322327000000625e-01
8.638478182570990612e+03 9.941864013999999194e-01
8.643478182570990612e+03 9.943230438000000282e-01
8.648478182570990612e+03 9.949348449999999566e-01
8.653478182570990612e+03 9.944055939000000510e-01
8.658478182570990612e+03 9.946524048000000562e-01
8.663478182570990612e+03 9.953245544000001166e-01
8.668478182570990612e+03 9.951412200999999458e-01
8.673478182570990612e+03 9.948181915000000597e-01
8.678478182570990612e+03 9.945260620000000440e-01
8.683478182570990612e+03 9.945130919999999319e-01
8.688478182570990612e+03 9.935263062000000422e-01
8.693478182570990612e+03 9.937622833000000488e-01
8.698478182570990612e+03 9.933469390999999371e-01
8.703478182570990612e+03 9.934449767999999903e-01
8.708478182570990612e+03 9.933493805000001009e-01
8.713478182570990612e+03 9.923445891999999047e-01
8.718478182570990612e+03 9.924134064000000865e-01
8.723478182570990612e+03 9.917571258999999806e-01
8.728478182570990612e+03 9.915081023999999799e-01
8.733478182570990612e+03 9.915729522999999768e-01
8.738478182570990612e+03 9.903579712000000201e-01
8.743478182570990612e+03 9.914507294000000082e-01
8.748478182570990612e+03 9.911463165000000686e-01
8.753478182570990612e+03 9.905078124999999734e-01
8.758478182570990612e+03 9.890467071999999860e-01
8.763478182570990612e+03 9.898724365000000081e-01
8.768478182570990612e+03 9.902148438000000219e-01
8.773478182570990612e+03 9.896263885000000649e-01
8.778478182570990612e+03 9.893231963999999934e-01
8.783478182570990612e+03 9.907879638999999017e-01
8.788478182570990612e+03 9.897088623000001029e-01
8.793478182570990612e+03 9.908904266000000405e-01
8.798478182570990612e+03 9.905194855000000187e-01
8.803478182570990612e+03 9.914453887999999937e-01
8.808478182570990612e+03 9.910570525999999880e-01
8.813478182570990612e+03 9.908775330000000325e-01
8.818478182570990612e+03 9.914325714000000733e-01
8.823478182570990612e+03 9.927606200999999908e-01
8.828478182570990612e+03 9.936904144000000549e-01
8.833478182570990612e+03 9.951260376000000685e-01
8.838478182570990612e+03 9.938426970999999499e-01
8.843478182570990612e+03 9.939372253000000601e-01
8.848478182570990612e+03 9.945176696999999955e-01
8.853478182570990612e+03 9.935448456000000039e-01
8.858478182570990612e+03 9.932901001000000729e-01
8.863478182570990612e+03 9.946351624000000502e-01
8.868478182570990612e+03 9.948285674999999273e-01
8.873478182570990612e+03 9.947577667000000456e-01
8.878478182570990612e+03 9.940637970000000267e-01
8.883478182570990612e+03 9.958061981000000396e-01
8.888478182570990612e+03 9.951734923999999705e-01
8.893478182570990612e+03 9.963494110000000736e-01
8.898478182570990612e+03 9.955901337000000462e-01
8.903478182570990612e+03 9.964621734999999925e-01
8.908478182570990612e+03 9.950138855000000282e-01
8.913478182570990612e+03 9.968779755000000131e-01
8.918478182570990612e+03 9.949180603000000733e-01
8.923478182570990612e+03 9.943675994999999768e-01
8.928478182570990612e+03 9.939890289000000712e-01
8.933478182570990612e+03 9.942900847999999181e-01
8.938478182570990612e+03 9.920608520999999458e-01
8.943478182570990612e+03 9.922478485000000292e-01
8.948478182570990612e+03 9.937873839999999959e-01
8.953478182570990612e+03 9.903173828000000345e-01
8.958478182570990612e+03 9.913103485000001047e-01
8.963478182570990612e+03 9.903861237000000095e-01
8.968478182570990612e+03 9.906053925000000149e-01
8.973478182570990612e+03 9.901319121999999640e-01
8.978478182570990612e+03 9.881979370000000262e-01
8.983478182570990612e+03 9.897426604999999267e-01
8.988478182570990612e+03 9.885379790999999639e-01
8.993478182570990612e+03 9.887751769999999496e-01
8.998478182570990612e+03 9.861968993999999933e-01
9.003478182570990612e+03 9.889633179000000274e-01
9.008478182570990612e+03 9.858476256999999521e-01
9.013478182570990612e+03 9.878683472000000521e-01
9.018478182570990612e+03 9.854151154000000412e-01
9.023478182570990612e+03 9.858110046000000404e-01
9.028478182570990612e+03 9.904076385000000204e-01
9.033478182570990612e+03 9.868910979999999666e-01
9.038478182570990612e+03 9.877758789000000705e-01
9.043478182570990612e+03 9.869000244000000199e-01
9.048478182570990612e+03 9.874042511000000744e-01
9.053478182570990612e+03 9.875423430999999974e-01
9.058478182570990612e+03 9.876845550999999723e-01
9.063478182570990612e+03 9.878768157999999744e-01
9.068478182570990612e+03 9.880761718999999665e-01
9.073478182570990612e+03 9.883296203999999419e-01
9.078478182570990612e+03 9.885864257999998905e-01
9.083478182570990612e+03 9.889643859999999176e-01
9.088478182570990612e+03 9.892729949999999883e-01
9.093478182570990612e+03 9.896534728999999420e-01
9.098478182570990612e+03 9.900469208000000076e-01
9.103478182570990612e+03 9.903791809000001001e-01
9.108478182570990612e+03 9.907485199000000131e-01
9.113478182570990612e+03 9.911595917000000089e-01
9.118478182570990612e+03 9.915539551000001062e-01
9.123478182570990612e+03 9.919206238000000120e-01
9.128478182570990612e+03 9.922940062999999755e-01
9.133478182570990612e+03 9.927403259000000535e-01
9.138478182570990612e+03 9.931423950000000112e-01
9.143478182570990612e+03 9.934572601000000169e-01
9.148478182570990612e+03 9.937919616999999484e-01
9.153478182570990612e+03 9.941756438999999057e-01
9.158478182570990612e+03 9.944233703999999507e-01
9.163478182570990612e+03 9.947369385000000008e-01
9.168478182570990612e+03 9.950004577999999045e-01
9.173478182570990612e+03 9.952231597999999790e-01
9.178478182570990612e+03 9.954968262000000179e-01
9.183478182570990612e+03 9.957078552000000471e-01
9.188478182570990612e+03 9.958444977000000531e-01
9.193478182570990612e+03 9.960443877999999307e-01
9.198478182570990612e+03 9.961827087000000303e-01
9.203478182570990612e+03 9.962952422999999946e-01
9.208478182570990612e+03 9.964484405999999295e-01
9.213478182570990612e+03 9.964577484000000096e-01
9.218478182570990612e+03 9.965868378000000138e-01
9.223478182570990612e+03 9.966289519999999014e-01
9.228478182570990612e+03 9.965848540999999727e-01
9.233478182570990612e+03 9.966869354000000847e-01
9.238478182570990612e+03 9.967208861999999892e-01
9.243478182570990612e+03 9.966863250999999924e-01
9.248478182570990612e+03 9.966774750000000349e-01
9.253478182570990612e+03 9.966053008999999907e-01
9.258478182570990612e+03 9.965169525000000528e-01
9.263478182570990612e+03 9.965857697000000126e-01
9.268478182570990612e+03 9.964842224000000082e-01
9.273478182570990612e+03 9.964328766000000170e-01
9.278478182570990612e+03 9.964030456999999341e-01
9.283478182570990612e+03 9.962898253999999953e-01
9.288478182570990612e+03 9.962985228999999832e-01
9.293478182570990612e+03 9.962063598999999492e-01
9.298478182570990612e+03 9.960472870000000034e-01
9.303478182570990612e+03 9.960990906000000145e-01
9.308478182570990612e+03 9.960062407999999978e-01
9.313478182570990612e+03 9.959776306000001078e-01
9.318478182570990612e+03 9.959410094999999741e-01
9.323478182570990612e+03 9.958506011999999075e-01
9.328478182570990612e+03 9.958004760999998872e-01
9.333478182570990612e+03 9.958415985000000914e-01
9.338478182570990612e+03 9.957017516999999707e-01
9.343478182570990612e+03 9.956797027999999550e-01
9.348478182570990612e+03 9.956694794000000570e-01
9.353478182570990612e+03 9.955447388000000508e-01
9.358478182570990612e+03 9.956160735999999289e-01
9.363478182570990612e+03 9.955442809999999199e-01
9.368478182570990612e+03 9.955353546000000886e-01
9.373478182570990612e+03 9.954470062000000397e-01
9.378478182570990612e+03 9.953720856000000117e-01
9.383478182570990612e+03 9.954486846999999194e-01
9.388478182570990612e+03 9.954711150999999703e-01
9.393478182570990612e+03 9.952301024999999912e-01
9.398478182570990612e+03 9.952519225999999497e-01
9.403478182570990612e+03 9.951084136999999163e-01
9.408478182570990612e+03 9.950072479000000580e-01
9.413478182570990612e+03 9.949177550999999120e-01
9.418478182570990612e+03 9.947124481000000351e-01
9.423478182570990612e+03 9.946659850999999275e-01
9.428478182570990612e+03 9.944979858000000394e-01
9.433478182570990612e+03 9.943410491999999934e-01
9.438478182570990612e+03 9.942653656000000062e-01
9.443478182570990612e+03 9.941024779999999561e-01
9.448478182570990612e+03 9.939953612999999910e-01
9.453478182570990612e+03 9.938745880000000588e-01
9.458478182570990612e+03 9.937423706000000356e-01
9.463478182570990612e+03 9.936358642999999491e-01
9.468478182570990612e+03 9.935252380000000327e-01
9.473478182570990612e+03 9.934191131999999813e-01
9.478478182570990612e+03 9.934598540999999283e-01
9.483478182570990612e+03 9.933628082000000026e-01
9.488478182570990612e+03 9.933492278999999092e-01
9.493478182570990612e+03 9.934059143000000258e-01
9.498478182570990612e+03 9.933913422000000271e-01
9.503478182570990612e+03 9.932215118000000675e-01
9.508478182570990612e+03 9.932020568999999632e-01
9.513478182570990612e+03 9.931854248000000496e-01
9.518478182570990612e+03 9.931749724999999751e-01
9.523478182570990612e+03 9.932614898999999609e-01
9.528478182570990612e+03 9.932411193999999277e-01
9.533478182570990612e+03 9.933200073000000296e-01
9.538478182570990612e+03 9.933046722000000717e-01
9.543478182570990612e+03 9.933023071000000037e-01
9.548478182570990612e+03 9.934234618999999711e-01
9.553478182570990612e+03 9.934456634999999647e-01
9.558478182570990612e+03 9.934857178000000566e-01
9.563478182570990612e+03 9.935826111000000127e-01
9.568478182570990612e+03 9.936020660000000060e-01
9.573478182570990612e+03 9.936532592999999247e-01
9.578478182570990612e+03 9.937332153000000279e-01
9.583478182570990612e+03 9.937745666999999727e-01
9.588478182570990612e+03 9.938391113000000221e-01
9.593478182570990612e+03 9.939970397999999818e-01
9.598478182570990612e+03 9.939579010000000325e-01
9.603478182570990612e+03 9.941348266999999739e-01
9.608478182570990612e+03 9.941940307999999060e-01
9.613478182570990612e+03 9.942914580999999696e-01
9.618478182570990612e+03 9.944441223000000107e-01
9.623478182570990612e+03 9.945761108000000794e-01
9.628478182570990612e+03 9.945025634999999919e-01
9.633478182570990612e+03 9.945242310000000918e-01
9.638478182570990612e+03 9.945817565999999221e-01
9.643478182570990612e+03 9.947457885999999583e-01
9.648478182570990612e+03 9.948451995999999520e-01
9.653478182570990612e+03 9.948652649000000459e-01
9.658478182570990612e+03 9.949342346000000781e-01
9.663478182570990612e+03 9.949840546000000563e-01
9.668478182570990612e+03 9.951306151999999017e-01
9.673478182570990612e+03 9.951887512000000546e-01
9.678478182570990612e+03 9.952363586000000373e-01
9.683478182570990612e+03 9.953426360999999556e-01
9.688478182570990612e+03 9.953113555999999473e-01
9.693478182570990612e+03 9.952694701999998950e-01
9.698478182570990612e+03 9.954138183999999834e-01
9.703478182570990612e+03 9.953896331999999569e-01
9.708478182570990612e+03 9.954928588999999439e-01
9.713478182570990612e+03 9.955815124999999322e-01
9.718478182570990612e+03 9.954360961999999535e-01
9.723478182570990612e+03 9.954428864000000043e-01
9.728478182570990612e+03 9.955204009999999437e-01
9.733478182570990612e+03 9.954889678999999658e-01
9.738478182570990612e+03 9.955799865999999110e-01
9.743478182570990612e+03 9.955578613000000132e-01
9.748478182570990612e+03 9.954114532000000182e-01
9.753478182570990612e+03 9.955173492000000124e-01
9.758478182570990612e+03 9.954634093999998878e-01
9.763478182570990612e+03 9.954557800000000123e-01
9.768478182570990612e+03 9.955001830999999912e-01
9.773478182570990612e+03 9.954193877999999440e-01
9.778478182570990612e+03 9.954622650000000128e-01
9.783478182570990612e+03 9.954107666000000521e-01
9.788478182570990612e+03 9.953409575999999648e-01
9.793478182570990612e+03 9.952427672999999420e-01
9.798478182570990612e+03 9.952425384999998847e-01
9.803478182570990612e+03 9.952385712000000328e-01
9.808478182570990612e+03 9.951602936000000232e-01
9.813478182570990612e+03 9.951570128999999154e-01
9.818478182570990612e+03 9.951927947999998914e-01
9.823478182570990612e+03 9.950420380000000176e-01
9.828478182570990612e+03 9.950147246999999640e-01
9.833478182570990612e+03 9.950948334000000450e-01
9.838478182570990612e+03 9.950636292000000216e-01
9.843478182570990612e+03 9.950587462999999078e-01
9.848478182570990612e+03 9.950315093999999583e-01
9.853478182570990612e+03 9.949842072000000259e-01
9.858478182570990612e+03 9.950279236000000305e-01
9.863478182570990612e+03 9.950418091000000631e-01
9.868478182570990612e+03 9.950309753000000645e-01
9.873478182570990612e+03 9.949728394000000309e-01
9.878478182570990612e+03 9.949556732000001125e-01
9.883478182570990612e+03 9.949884796000000309e-01
9.888478182570990612e+03 9.951434326000000441e-01
9.893478182570990612e+03 9.950180054000000718e-01
9.898478182570990612e+03 9.950173186999999864e-01
9.903478182570990612e+03 9.950756835999999828e-01
9.908478182570990612e+03 9.951418304000000381e-01
9.913478182570990612e+03 9.952332305999999074e-01
9.918478182570990612e+03 9.952001190000000497e-01
9.923478182570990612e+03 9.952391815000000141e-01
9.928478182570990612e+03 9.953020476999999699e-01
9.933478182570990612e+03 9.954718017999999446e-01
9.938478182570990612e+03 9.953604126000000774e-01
9.943478182570990612e+03 9.955407714999999769e-01
9.948478182570990612e+03 9.955667114000000817e-01
9.953478182570990612e+03 9.956549072000000500e-01
9.958478182570990612e+03 9.957843017999999935e-01
9.963478182570990612e+03 9.958658599999999916e-01
9.968478182570990612e+03 9.959323883000000821e-01
9.973478182570990612e+03 9.960445403999999003e-01
9.978478182570990612e+03 9.960697937000000390e-01
9.983478182570990612e+03 9.962677764999999797e-01
9.988478182570990612e+03 9.961734771999999349e-01
9.993478182570990612e+03 9.962780761999999735e-01
9.998478182570990612e+03 9.964145660000000015e-01
1.000347818257099061e+04 9.966021729000000828e-01
1.000847818257099061e+04 9.966562652999999550e-01
1.001347818257099061e+04 9.966942596000000210e-01
1.001847818257099061e+04 9.968145751999999415e-01
1.002347818257099061e+04 9.968688202000000054e-01
1.002847818257099061e+04 9.970042419000000322e-01
1.003347818257099061e+04 9.970459747000000039e-01
1.003847818257099061e+04 9.969685364000000494e-01
1.004347818257099061e+04 9.970870971999999943e-01
1.004847818257099061e+04 9.970776367000000473e-01
1.005347818257099061e+04 9.971891784999999953e-01
1.005847818257099061e+04 9.972432708999999784e-01
1.006347818257099061e+04 9.972693633999999419e-01
1.006847818257099061e+04 9.972335814999999659e-01
1.007347818257099061e+04 9.973904419000000354e-01
1.007847818257099061e+04 9.973828888000000337e-01
1.008347818257099061e+04 9.973523711999999763e-01
1.008847818257099061e+04 9.974558258000000288e-01
1.009347818257099061e+04 9.973946381000000638e-01
1.009847818257099061e+04 9.975125122000000344e-01
1.010347818257099061e+04 9.974549865999999820e-01
1.010847818257099061e+04 9.976527404999999682e-01
1.011347818257099061e+04 9.975356293000000596e-01
1.011847818257099061e+04 9.974903107000000491e-01
1.012347818257099061e+04 9.975029754999999998e-01
1.012847818257099061e+04 9.974584960999999250e-01
1.013347818257099061e+04 9.975533294999999745e-01
1.013847818257099061e+04 9.975048064999999520e-01
1.014347818257099061e+04 9.975006866000000194e-01
1.014847818257099061e+04 9.975605774000000370e-01
1.015347818257099061e+04 9.974070740000000601e-01
1.015847818257099061e+04 9.973996735000000280e-01
1.016347818257099061e+04 9.973987578999999881e-01
1.016847818257099061e+04 9.973812866000000277e-01
1.017347818257099061e+04 9.974177550999999697e-01
1.017847818257099061e+04 9.972888183999999434e-01
1.018347818257099061e+04 9.973651123000000229e-01
1.018847818257099061e+04 9.972792053000000267e-01
1.019347818257099061e+04 9.972403717000000167e-01
1.019847818257099061e+04 9.972761535999999927e-01
1.020347818257099061e+04 9.972492981000000700e-01
1.020847818257099061e+04 9.973175811999999141e-01
1.021347818257099061e+04 9.972153473000000545e-01
1.021847818257099061e+04 9.971815491000000087e-01
1.022347818257099061e+04 9.971901703000000117e-01
1.022847818257099061e+04 9.972003936999999096e-01
1.023347818257099061e+04 9.971101378999999154e-01
1.023847818257099061e+04 9.970592498999999442e-01
1.024347818257099061e+04 9.970333861999999270e-01
1.024847818257099061e+04 9.970380402000000863e-01
1.025347818257099061e+04 9.970105743000000631e-01
1.025847818257099061e+04 9.969031524999999450e-01
1.026347818257099061e+04 9.970483398000000719e-01
1.026847818257099061e+04 9.970278167999999663e-01
1.027347818257099061e+04 9.968755341000000714e-01
1.027847818257099061e+04 9.969995117000000073e-01
1.028347818257099061e+04 9.970090485000000502e-01
1.028847818257099061e+04 9.970276641999999967e-01
1.029347818257099061e+04 9.970388794000000221e-01
1.029847818257099061e+04 9.971227263999999924e-01
1.030347818257099061e+04 9.970307922000000156e-01
1.030847818257099061e+04 9.969969939999999697e-01
1.031347818257099061e+04 9.970159911999999514e-01
1.031847818257099061e+04 9.970687865999999788e-01
1.032347818257099061e+04 9.970319366000000016e-01
1.032847818257099061e+04 9.969905090000000802e-01
1.033347818257099061e+04 9.970436096000000470e-01
1.033847818257099061e+04 9.970276641999999967e-01
1.034347818257099061e+04 9.971151733000001016e-01
1.034847818257099061e+04 9.970791626000000685e-01
1.035347818257099061e+04 9.970011901999999981e-01
1.035847818257099061e+04 9.971434784000000606e-01
1.036347818257099061e+04 9.969822693000000013e-01
1.036847818257099061e+04 9.970873260000000515e-01
1.037347818257099061e+04 9.970366669000000348e-01
1.037847818257099061e+04 9.969622040000000185e-01
1.038347818257099061e+04 9.971808624000000343e-01
1.038847818257099061e+04 9.970572661999999031e-01
1.039347818257099061e+04 9.971723938000000009e-01
1.039847818257099061e+04 9.970860290999999931e-01
1.040347818257099061e+04 9.970915222000000799e-01
1.040847818257099061e+04 9.971034240999999687e-01
1.041347818257099061e+04 9.971284484999999309e-01
1.041847818257099061e+04 9.970805359000000090e-01
1.042347818257099061e+04 9.970590209999999898e-01
1.042847818257099061e+04 9.971546935999999750e-01
1.043347818257099061e+04 9.970420837000000258e-01
1.043847818257099061e+04 9.971483612000000551e-01
1.044347818257099061e+04 9.972077941999999418e-01
1.044847818257099061e+04 9.971047210999999244e-01
1.045347818257099061e+04 9.971260070999999892e-01
1.045847818257099061e+04 9.970897675000000016e-01
1.046347818257099061e+04 9.971630095999999277e-01
1.046847818257099061e+04 9.970826721000000115e-01
1.047347818257099061e+04 9.971739959999998959e-01
1.047847818257099061e+04 9.970609283000000378e-01
1.048347818257099061e+04 9.970985412999999742e-01
1.048847818257099061e+04 9.970664978000001177e-01
1.049347818257099061e+04 9.970353699000000791e-01
1.049847818257099061e+04 9.971562957999999810e-01
1.050347818257099061e+04 9.969458007999999483e-01
1.050847818257099061e+04 9.970919799999999888e-01
1.051347818257099061e+04 9.969990540000001067e-01
1.051847818257099061e+04 9.970241547000000537e-01
1.052347818257099061e+04 9.970655822999999751e-01
1.052847818257099061e+04 9.970887756000000879e-01
1.053347818257099061e+04 9.969419097999999702e-01
1.053847818257099061e+04 9.969132233000000953e-01
1.054347818257099061e+04 9.969841003000000645e-01
1.054847818257099061e+04 9.969502258000000339e-01
1.055347818257099061e+04 9.970102692000000211e-01
1.055847818257099061e+04 9.968791961999999840e-01
1.056347818257099061e+04 9.969895934999999376e-01
1.056847818257099061e+04 9.968922423999999616e-01
1.057347818257099061e+04 9.968672942999999842e-01
1.057847818257099061e+04 9.969911193999999588e-01
1.058347818257099061e+04 9.969274138999999479e-01
1.058847818257099061e+04 9.968579864999999041e-01
1.059347818257099061e+04 9.970085143999999344e-01
1.059847818257099061e+04 9.968984985000000076e-01
1.060347818257099061e+04 9.968617249000000236e-01
1.060847818257099061e+04 9.969110869999999736e-01
1.061347818257099061e+04 9.968219756999999737e-01
1.061847818257099061e+04 9.967887878000000201e-01
1.062347818257099061e+04 9.969615935999999179e-01
1.062847818257099061e+04 9.969144439999999552e-01
1.063347818257099061e+04 9.968203734999999677e-01
1.063847818257099061e+04 9.969012450999999997e-01
1.064347818257099061e+04 9.969733429000000591e-01
1.064847818257099061e+04 9.968285369999999590e-01
1.065347818257099061e+04 9.967958068999999144e-01
1.065847818257099061e+04 9.969615935999999179e-01
1.066347818257099061e+04 9.969768524000000021e-01
1.066847818257099061e+04 9.969505309999999731e-01
1.067347818257099061e+04 9.970298003999999992e-01
1.067847818257099061e+04 9.968304443000000070e-01
1.068347818257099061e+04 9.967983245999999520e-01
1.068847818257099061e+04 9.970140076000000295e-01
1.069347818257099061e+04 9.967760467999999818e-01
1.069847818257099061e+04 9.967982482999999672e-01
1.070347818257099061e+04 9.969078063999999850e-01
1.070847818257099061e+04 9.967781066999999995e-01
1.071347818257099061e+04 9.967813110000000032e-01
1.071847818257099061e+04 9.968283081000000045e-01
1.072347818257099061e+04 9.967816161999999425e-01
1.072847818257099061e+04 9.967797089000000055e-01
1.073347818257099061e+04 9.968473052999999862e-01
1.073847818257099061e+04 9.967292023000000611e-01
1.074347818257099061e+04 9.967923736999999562e-01
1.074847818257099061e+04 9.967591858000000027e-01
1.075347818257099061e+04 9.967143249999999011e-01
1.075847818257099061e+04 9.966830443999999956e-01
1.076347818257099061e+04 9.966891479000000720e-01
1.076847818257099061e+04 9.966294098000000323e-01
1.077347818257099061e+04 9.965690613000000031e-01
1.077847818257099061e+04 9.965330504999999617e-01
1.078347818257099061e+04 9.966378020999999698e-01
1.078847818257099061e+04 9.964309692000000718e-01
1.079347818257099061e+04 9.964208983999999214e-01
1.079847818257099061e+04 9.965522765999998978e-01
1.080347818257099061e+04 9.963728333000000381e-01
1.080847818257099061e+04 9.963627624999999988e-01
1.081347818257099061e+04 9.965176391999999161e-01
1.081847818257099061e+04 9.963024901999999461e-01
1.082347818257099061e+04 9.963277435000000848e-01
1.082847818257099061e+04 9.962013244999999850e-01
1.083347818257099061e+04 9.961048126000000558e-01
1.083847818257099061e+04 9.961300658999999724e-01
1.084347818257099061e+04 9.961409759999999558e-01
1.084847818257099061e+04 9.959873199000000010e-01
1.085347818257099061e+04 9.960369110000000248e-01
1.085847818257099061e+04 9.959365845000001105e-01
1.086347818257099061e+04 9.959354401000000134e-01
1.086847818257099061e+04 9.959001159999999464e-01
1.087347818257099061e+04 9.958982848999999860e-01
1.087847818257099061e+04 9.957875823999999820e-01
1.088347818257099061e+04 9.957611083999999835e-01
1.088847818257099061e+04 9.957168579000000852e-01
1.089347818257099061e+04 9.956942748999999537e-01
1.089847818257099061e+04 9.955636597000000476e-01
1.090347818257099061e+04 9.955900574000000613e-01
1.090847818257099061e+04 9.955232239000000316e-01
1.091347818257099061e+04 9.955077361999999930e-01
1.091847818257099061e+04 9.953587340999999755e-01
1.092347818257099061e+04 9.954317473999999555e-01
1.092847818257099061e+04 9.953582000999999790e-01
1.093347818257099061e+04 9.952097320999999663e-01
1.093847818257099061e+04 9.952220153999999930e-01
1.094347818257099061e+04 9.950273131999999299e-01
1.094847818257099061e+04 9.952164458999999130e-01
1.095347818257099061e+04 9.950373840000000802e-01
1.095847818257099061e+04 9.950807953000000428e-01
1.096347818257099061e+04 9.951753997999999157e-01
1.096847818257099061e+04 9.951203155999999161e-01
1.097347818257099061e+04 9.950115967000000561e-01
1.097847818257099061e+04 9.951568604000000651e-01
1.098347818257099061e+04 9.949366759999999088e-01
1.098847818257099061e+04 9.949751282000000030e-01
1.099347818257099061e+04 9.949538422000000493e-01
1.099847818257099061e+04 9.950205993999999832e-01
1.100347818257099061e+04 9.950143432999999371e-01
1.100847818257099061e+04 9.949691771999999990e-01
1.101347818257099061e+04 9.949903869999999761e-01
1.101847818257099061e+04 9.948455810999999871e-01
1.102347818257099061e+04 9.951097106999999831e-01
1.102847818257099061e+04 9.948384857000001080e-01
1.103347818257099061e+04 9.950313567999999886e-01
1.103847818257099061e+04 9.951387787000000040e-01
1.104347818257099061e+04 9.948519896999999945e-01
1.104847818257099061e+04 9.948831176999999304e-01
