3.088368924521609188e+03 3.680000000000000130e-07
3.093368924521609188e+03 1.007629999999999872e-06
3.098368924521609188e+03 9.650000000000000781e-07
3.103368924521609188e+03 7.519999999999999575e-07
3.108368924521609188e+03 1.075869999999999958e-06
3.113368924521609188e+03 5.710000000000000176e-07
3.118368924521609188e+03 -1.930000000000000209e-07
3.123368924521609188e+03 1.352360000000000127e-06
3.128368924521609188e+03 2.321450000000000025e-06
3.133368924521609188e+03 -1.690000000000000178e-07
3.138368924521609188e+03 6.930000000000000777e-07
3.143368924521609188e+03 5.659999999999999596e-07
3.148368924521609188e+03 6.479999999999999791e-07
3.153368924521609188e+03 1.070499999999999957e-06
3.158368924521609188e+03 2.309999999999999906e-07
3.163368924521609188e+03 -1.275039999999999908e-06
3.168368924521609188e+03 -1.499999999999999932e-07
3.173368924521609188e+03 1.588879999999999812e-06
3.178368924521609188e+03 -1.870000000000000201e-08
3.183368924521609188e+03 -8.139999999999999568e-07
3.188368924521609188e+03 -7.250000000000000466e-07
3.193368924521609188e+03 -1.334190000000000011e-06
3.198368924521609188e+03 -5.889999999999999935e-07
3.203368924521609188e+03 -9.210000000000000547e-07
3.208368924521609188e+03 -5.260000000000000249e-07
3.213368924521609188e+03 -6.989999999999999991e-07
3.218368924521609188e+03 1.970000000000000038e-07
3.223368924521609188e+03 -1.232819999999999997e-06
3.228368924521609188e+03 -1.900000000000000073e-07
3.233368924521609188e+03 1.268830000000000013e-06
3.238368924521609188e+03 -3.499999999999999842e-07
3.243368924521609188e+03 1.240369999999999823e-06
3.248368924521609188e+03 8.160000000000000012e-07
3.253368924521609188e+03 1.421430000000000043e-06
3.258368924521609188e+03 2.249450000000000122e-06
3.263368924521609188e+03 -2.059999999999999917e-07
3.268368924521609188e+03 -8.230000000000000242e-08
3.273368924521609188e+03 3.059999999999999607e-07
3.278368924521609188e+03 7.459999999999999302e-07
3.283368924521609188e+03 -8.719999999999999997e-08
3.288368924521609188e+03 8.629999999999999324e-07
3.293368924521609188e+03 9.179999999999999352e-07
3.298368924521609188e+03 -1.041470000000000127e-06
3.303368924521609188e+03 5.649999999999999903e-07
3.308368924521609188e+03 6.629999999999999414e-07
3.313368924521609188e+03 -1.787840000000000106e-06
3.318368924521609188e+03 -1.130000000000000060e-07
3.323368924521609188e+03 1.087689999999999915e-06
3.328368924521609188e+03 1.013130000000000073e-06
3.333368924521609188e+03 1.719310000000000061e-06
3.338368924521609188e+03 6.839999999999999309e-07
3.343368924521609188e+03 3.909999999999999940e-07
3.348368924521609188e+03 -1.174280000000000004e-06
3.353368924521609188e+03 9.170000000000000718e-07
3.358368924521609188e+03 -6.749999999999999959e-07
3.363368924521609188e+03 -5.069999999999999739e-07
3.368368924521609188e+03 -9.159999999999999967e-08
3.373368924521609188e+03 4.970000000000000167e-08
3.378368924521609188e+03 4.990000000000000081e-07
3.383368924521609188e+03 1.243109999999999860e-06
3.388368924521609188e+03 4.869999999999999536e-07
3.393368924521609188e+03 1.321159999999999900e-06
3.398368924521609188e+03 -7.199999999999999886e-07
3.403368924521609188e+03 1.069999999999999920e-07
3.408368924521609188e+03 1.407390000000000005e-06
3.413368924521609188e+03 2.169650000000000056e-06
3.418368924521609188e+03 1.467170000000000134e-06
3.423368924521609188e+03 8.610000000000000997e-07
3.428368924521609188e+03 -4.210000000000000244e-07
3.433368924521609188e+03 8.110000000000000491e-07
3.438368924521609188e+03 3.540000000000000200e-07
3.443368924521609188e+03 2.279999999999999770e-07
3.448368924521609188e+03 -4.479999999999999882e-07
3.453368924521609188e+03 -7.270000000000000910e-07
3.458368924521609188e+03 2.139999999999999840e-07
3.463368924521609188e+03 3.289999999999999946e-07
3.468368924521609188e+03 -3.180000000000000153e-07
3.473368924521609188e+03 -5.530000000000000417e-07
3.478368924521609188e+03 -1.586169999999999969e-06
3.483368924521609188e+03 -1.745829999999999851e-06
3.488368924521609188e+03 1.580000000000000119e-07
3.493368924521609188e+03 6.789999999999999788e-07
3.498368924521609188e+03 2.920000000000000207e-07
3.503368924521609188e+03 6.230000000000000067e-07
3.508368924521609188e+03 1.518179999999999794e-06
3.513368924521609188e+03 1.582099999999999853e-06
3.518368924521609188e+03 8.959999999999999764e-07
3.523368924521609188e+03 -6.020000000000000172e-07
3.528368924521609188e+03 -1.118009999999999990e-06
3.533368924521609188e+03 -9.930000000000000641e-07
3.538368924521609188e+03 -2.158940000000000034e-06
3.543368924521609188e+03 -5.009999999999999466e-07
3.548368924521609188e+03 3.830000000000000282e-07
3.553368924521609188e+03 -7.959999999999999809e-07
3.558368924521609188e+03 4.180000000000000107e-07
3.563368924521609188e+03 -8.940000000000000379e-07
3.568368924521609188e+03 -7.210000000000000637e-07
3.573368924521609188e+03 2.010000000000000131e-07
3.578368924521609188e+03 1.629999999999999905e-07
3.583368924521609188e+03 5.780000000000000306e-09
3.588368924521609188e+03 -3.019999999999999779e-07
3.593368924521609188e+03 -5.500000000000000281e-07
3.598368924521609188e+03 7.640000000000000120e-07
3.603368924521609188e+03 1.180000000000000111e-07
3.608368924521609188e+03 -3.529999999999999978e-07
3.613368924521609188e+03 -9.349999999999999418e-07
3.618368924521609188e+03 -5.169999999999999840e-07
3.623368924521609188e+03 1.789639999999999818e-06
3.628368924521609188e+03 3.740000000000000403e-08
3.633368924521609188e+03 -1.799999999999999905e-08
3.638368924521609188e+03 4.099999999999999920e-07
3.643368924521609188e+03 1.707190000000000082e-06
3.648368924521609188e+03 1.071259999999999972e-06
3.653368924521609188e+03 2.610000000000000210e-07
3.658368924521609188e+03 1.388449999999999810e-06
3.663368924521609188e+03 1.393239999999999895e-06
3.668368924521609188e+03 1.224099999999999850e-06
3.673368924521609188e+03 2.553179999999999838e-06
3.678368924521609188e+03 2.200929999999999949e-06
3.683368924521609188e+03 1.425759999999999924e-06
3.688368924521609188e+03 5.840000000000000413e-07
3.693368924521609188e+03 1.846329999999999990e-06
3.698368924521609188e+03 1.652419999999999970e-06
3.703368924521609188e+03 8.509999999999999837e-07
3.708368924521609188e+03 1.194369999999999967e-06
3.713368924521609188e+03 -2.270000000000000077e-07
3.718368924521609188e+03 -1.259999999999999901e-07
3.723368924521609188e+03 8.429999999999999841e-10
3.728368924521609188e+03 -8.839999999999999219e-07
3.733368924521609188e+03 6.790000000000000582e-08
3.738368924521609188e+03 -2.269999999999999813e-08
3.743368924521609188e+03 1.919999999999999987e-07
3.748368924521609188e+03 4.929999999999999809e-07
3.753368924521609188e+03 -1.065229999999999964e-06
3.758368924521609188e+03 8.349999999999999463e-07
3.763368924521609188e+03 2.489999999999999665e-07
3.768368924521609188e+03 -5.500000000000000281e-07
3.773368924521609188e+03 -2.859999999999999934e-07
3.778368924521609188e+03 7.880000000000000416e-08
3.783368924521609188e+03 7.349999999999999509e-07
3.788368924521609188e+03 1.694359999999999986e-06
3.793368924521609188e+03 7.570000000000000155e-07
3.798368924521609188e+03 6.369999999999999998e-07
3.803368924521609188e+03 -4.990000000000000081e-07
3.808368924521609188e+03 7.689999999999999641e-07
3.813368924521609188e+03 1.650000000000000084e-07
3.818368924521609188e+03 1.129520000000000072e-06
3.823368924521609188e+03 7.160000000000000057e-07
3.828368924521609188e+03 -6.509999999999999928e-07
3.833368924521609188e+03 1.038390000000000023e-06
3.838368924521609188e+03 1.227559999999999856e-06
3.843368924521609188e+03 6.129999999999999966e-07
3.848368924521609188e+03 1.190830000000000083e-06
3.853368924521609188e+03 -7.679999999999999949e-07
3.858368924521609188e+03 4.200000000000000022e-07
3.863368924521609188e+03 -1.889999999999999851e-07
3.868368924521609188e+03 -6.600000000000000337e-07
3.873368924521609188e+03 -6.169999999999999795e-07
3.878368924521609188e+03 8.649999999999999767e-07
3.883368924521609188e+03 -1.405249999999999802e-06
3.888368924521609188e+03 -1.435849999999999983e-06
3.893368924521609188e+03 -9.609999999999999893e-07
3.898368924521609188e+03 -5.600000000000000382e-07
3.903368924521609188e+03 -8.890000000000000858e-07
3.908368924521609188e+03 6.389999999999999383e-07
3.913368924521609188e+03 6.830000000000000676e-07
3.918368924521609188e+03 -7.870000000000000459e-07
3.923368924521609188e+03 7.770000000000000093e-08
3.928368924521609188e+03 7.440000000000000976e-07
3.933368924521609188e+03 -2.949999999999999814e-07
3.938368924521609188e+03 1.559999999999999940e-07
3.943368924521609188e+03 -2.270000000000000077e-07
3.948368924521609188e+03 1.403970000000000044e-06
3.953368924521609188e+03 -2.829999999999999798e-07
3.958368924521609188e+03 5.160000000000000148e-07
3.963368924521609188e+03 -4.130000000000000057e-07
3.968368924521609188e+03 5.959999999999999900e-07
3.973368924521609188e+03 1.758940000000000052e-06
3.978368924521609188e+03 3.580000000000000293e-08
3.983368924521609188e+03 1.282920000000000161e-06
3.988368924521609188e+03 1.117930000000000111e-06
3.993368924521609188e+03 4.339999999999999952e-07
3.998368924521609188e+03 -1.840000000000000065e-07
4.003368924521609188e+03 -9.810000000000000096e-07
4.008368924521609188e+03 -6.439999999999998904e-07
4.013368924521609188e+03 3.300000000000000168e-07
4.018368924521609188e+03 -4.119999999999999835e-07
4.023368924521609188e+03 -1.961820000000000133e-06
4.028368924521609188e+03 -7.090000000000000092e-07
4.033368924521609188e+03 -9.360000000000000169e-07
4.038368924521609188e+03 3.710000000000000266e-07
4.043368924521609188e+03 1.387000000000000019e-06
4.048368924521609188e+03 3.529999999999999978e-07
4.053368924521609188e+03 6.139999999999999659e-07
4.058368924521609188e+03 -2.599999999999999988e-07
4.063368924521609188e+03 4.589999999999999676e-07
4.068368924521609188e+03 1.548440000000000120e-06
4.073368924521609188e+03 8.409999999999999736e-07
4.078368924521609188e+03 7.059999999999999956e-07
4.083368924521609188e+03 2.000000000000000174e-07
4.088368924521609188e+03 1.968779999999999978e-06
4.093368924521609188e+03 2.551349999999999721e-06
4.098368924521609188e+03 1.781940000000000086e-06
4.103368924521609188e+03 1.300379999999999949e-06
4.108368924521609188e+03 -2.849999999999999712e-08
4.113368924521609188e+03 1.127209999999999835e-06
4.118368924521609188e+03 8.299999999999999942e-07
4.123368924521609188e+03 1.258200000000000083e-06
4.128368924521609188e+03 1.014440000000000023e-06
4.133368924521609188e+03 -7.740000000000000221e-07
4.138368924521609188e+03 8.270000000000000865e-07
4.143368924521609188e+03 -9.490000000000000407e-07
4.148368924521609188e+03 8.899999999999999491e-07
4.153368924521609188e+03 -7.459999999999999302e-07
4.158368924521609188e+03 4.839999999999999400e-07
4.163368924521609188e+03 -1.335399999999999954e-06
4.168368924521609188e+03 -2.204110000000000061e-06
4.173368924521609188e+03 1.039629999999999946e-06
4.178368924521609188e+03 8.119999999999999124e-07
4.183368924521609188e+03 1.499999999999999932e-07
4.188368924521609188e+03 1.078000000000000097e-06
4.193368924521609188e+03 -9.919999999999999890e-07
4.198368924521609188e+03 5.409999999999999872e-07
4.203368924521609188e+03 2.909999999999999985e-07
4.208368924521609188e+03 -6.939999999999999940e-08
4.213368924521609188e+03 -7.859999999999998914e-08
4.218368924521609188e+03 3.249999999999999588e-07
4.223368924521609188e+03 1.290000000000000037e-07
4.228368924521609188e+03 4.649999999999999948e-07
4.233368924521609188e+03 4.390000000000000532e-07
4.238368924521609188e+03 8.859999999999999663e-07
4.243368924521609188e+03 9.459999999999999212e-07
4.248368924521609188e+03 1.775939999999999847e-06
4.253368924521609188e+03 4.809999999999999264e-07
4.258368924521609188e+03 -1.230000000000000095e-08
4.263368924521609188e+03 -8.770000000000000313e-07
4.268368924521609188e+03 7.810000000000000187e-07
4.273368924521609188e+03 -4.479999999999999882e-07
4.278368924521609188e+03 -5.280000000000000693e-07
4.283368924521609188e+03 -1.369380000000000050e-06
4.288368924521609188e+03 -1.099830000000000022e-06
4.293368924521609188e+03 -1.049700000000000089e-06
4.298368924521609188e+03 -1.470000000000000061e-07
4.303368924521609188e+03 -1.242500000000000174e-06
4.308368924521609188e+03 -1.079850000000000130e-06
4.313368924521609188e+03 -5.050000000000000354e-07
4.318368924521609188e+03 7.320000000000000431e-07
4.323368924521609188e+03 -5.209999999999999669e-07
4.328368924521609188e+03 6.300000000000000033e-07
4.333368924521609188e+03 1.629999999999999905e-07
4.338368924521609188e+03 8.260000000000000113e-07
4.343368924521609188e+03 1.429999999999999967e-07
4.348368924521609188e+03 8.780000000000001064e-07
4.353368924521609188e+03 6.009999999999999421e-07
4.358368924521609188e+03 6.880000000000000197e-07
4.363368924521609188e+03 1.316670000000000050e-06
4.368368924521609188e+03 -1.110000000000000013e-07
4.373368924521609188e+03 8.959999999999999764e-07
4.378368924521609188e+03 -6.899999999999999582e-07
4.383368924521609188e+03 -1.940000000000000166e-07
4.388368924521609188e+03 1.618500000000000047e-06
4.393368924521609188e+03 -7.420000000000000532e-07
4.398368924521609188e+03 9.479999999999999656e-07
4.403368924521609188e+03 6.700000000000000438e-07
4.408368924521609188e+03 1.152929999999999988e-06
4.413368924521609188e+03 -8.320000000000000386e-07
4.418368924521609188e+03 1.308560000000000013e-06
4.423368924521609188e+03 1.979999999999999995e-07
4.428368924521609188e+03 -1.879999999999999894e-07
4.433368924521609188e+03 -8.090000000000000312e-08
4.438368924521609188e+03 2.519999999999999801e-07
4.443368924521609188e+03 6.270000000000000955e-07
4.448368924521609188e+03 -3.949999999999999768e-07
4.453368924521609188e+03 -4.970000000000000696e-07
4.458368924521609188e+03 4.660000000000000170e-07
4.463368924521609188e+03 1.701270000000000146e-06
4.468368924521609188e+03 1.170040000000000067e-06
4.473368924521609188e+03 4.289999999999999901e-07
4.478368924521609188e+03 -1.703160000000000012e-06
4.483368924521609188e+03 1.934639999999999912e-06
4.488368924521609188e+03 1.629070000000000015e-06
4.493368924521609188e+03 9.159999999999999967e-07
4.498368924521609188e+03 1.168550000000000018e-06
4.503368924521609188e+03 1.628339999999999982e-06
4.508368924521609188e+03 1.576649999999999973e-06
4.513368924521609188e+03 7.700000000000000393e-07
4.518368924521609188e+03 1.900000000000000073e-07
4.523368924521609188e+03 2.214100000000000113e-06
4.528368924521609188e+03 9.219999999999999180e-08
4.533368924521609188e+03 3.860000000000000418e-07
4.538368924521609188e+03 6.799999999999999481e-07
4.543368924521609188e+03 -5.370000000000000043e-07
4.548368924521609188e+03 6.660000000000000609e-07
4.553368924521609188e+03 3.990000000000000126e-07
4.558368924521609188e+03 -3.429999999999999877e-07
4.563368924521609188e+03 -2.549999999999999938e-07
4.568368924521609188e+03 -5.909999999999999981e-08
4.573368924521609188e+03 -8.729999999999999425e-07
4.578368924521609188e+03 -1.232300000000000043e-06
4.583368924521609188e+03 -4.500000000000000326e-07
4.588368924521609188e+03 -3.680000000000000130e-07
4.593368924521609188e+03 -1.372979999999999897e-06
4.598368924521609188e+03 -9.799999999999999345e-07
4.603368924521609188e+03 -3.150000000000000016e-07
4.608368924521609188e+03 4.360000000000000396e-07
4.613368924521609188e+03 1.036669999999999978e-06
4.618368924521609188e+03 -4.010000000000000041e-07
4.623368924521609188e+03 2.829999999999999798e-07
4.628368924521609188e+03 1.243330000000000003e-06
4.633368924521609188e+03 1.435200000000000040e-06
4.638368924521609188e+03 -3.010000000000000086e-07
4.643368924521609188e+03 1.559339999999999880e-06
4.648368924521609188e+03 -1.369999999999999959e-07
4.653368924521609188e+03 3.860000000000000418e-07
4.658368924521609188e+03 -5.440000000000000008e-07
4.663368924521609188e+03 1.230000000000000029e-07
4.668368924521609188e+03 1.733430000000000190e-06
4.673368924521609188e+03 6.300000000000000033e-07
4.678368924521609188e+03 -1.110000000000000013e-07
4.683368924521609188e+03 3.339999999999999997e-07
4.688368924521609188e+03 -9.340000000000000255e-08
4.693368924521609188e+03 -7.420000000000000532e-07
4.698368924521609188e+03 -1.130189999999999931e-06
4.703368924521609188e+03 -1.587579999999999926e-06
4.708368924521609188e+03 -8.550000000000000725e-07
4.713368924521609188e+03 -7.449999999999999610e-07
4.718368924521609188e+03 -2.410000000000000007e-07
4.723368924521609188e+03 -5.349999999999999599e-07
4.728368924521609188e+03 -6.139999999999999659e-07
4.733368924521609188e+03 -9.059999999999999071e-08
4.738368924521609188e+03 3.850000000000000196e-07
4.743368924521609188e+03 -8.489999999999999923e-08
4.748368924521609188e+03 -1.062189999999999905e-06
4.753368924521609188e+03 3.270000000000000032e-07
4.758368924521609188e+03 -2.069999999999999875e-07
4.763368924521609188e+03 7.139999999999999613e-07
4.768368924521609188e+03 4.490000000000000104e-07
4.773368924521609188e+03 -5.330000000000000214e-07
4.778368924521609188e+03 1.323049999999999979e-06
4.783368924521609188e+03 1.026560000000000002e-06
4.788368924521609188e+03 1.393570000000000110e-06
4.793368924521609188e+03 4.149999999999999971e-07
4.798368924521609188e+03 -1.205360000000000094e-06
4.803368924521609188e+03 1.501410000000000207e-06
4.808368924521609188e+03 -6.239999999999999760e-07
4.813368924521609188e+03 -5.710000000000000176e-07
4.818368924521609188e+03 -8.330000000000000078e-07
4.823368924521609188e+03 8.969999999999999456e-07
4.828368924521609188e+03 9.760000000000000575e-07
4.833368924521609188e+03 -8.660000000000000519e-07
4.838368924521609188e+03 -3.389999999999999518e-07
4.843368924521609188e+03 5.869999999999999491e-07
4.848368924521609188e+03 7.940000000000000424e-07
4.853368924521609188e+03 -8.369999999999999907e-07
4.858368924521609188e+03 6.309999999999999725e-07
4.863368924521609188e+03 9.840000000000000762e-08
4.868368924521609188e+03 -1.709999999999999827e-07
4.873368924521609188e+03 -2.610000000000000210e-07
4.878368924521609188e+03 -4.949999999999999194e-07
4.883368924521609188e+03 6.289999999999999281e-07
4.888368924521609188e+03 7.449999999999999610e-07
4.893368924521609188e+03 -6.409999999999999826e-07
4.898368924521609188e+03 1.090870000000000027e-06
4.903368924521609188e+03 -2.139999999999999840e-07
4.908368924521609188e+03 4.250000000000000072e-07
4.913368924521609188e+03 -3.440000000000000098e-07
4.918368924521609188e+03 1.143729999999999932e-06
4.923368924521609188e+03 1.614829999999999962e-06
4.928368924521609188e+03 1.791010000000000154e-06
4.933368924521609188e+03 -5.850000000000000106e-07
4.938368924521609188e+03 1.267390000000000075e-06
4.943368924521609188e+03 4.050000000000000399e-07
4.948368924521609188e+03 1.231639999999999824e-06
4.953368924521609188e+03 -3.499999999999999842e-07
4.958368924521609188e+03 1.394939999999999811e-06
4.963368924521609188e+03 -8.020000000000000082e-07
4.968368924521609188e+03 -9.380000000000000613e-07
4.973368924521609188e+03 -7.819999999999999879e-08
4.978368924521609188e+03 -5.179999999999999533e-07
4.983368924521609188e+03 6.799999999999999481e-07
4.988368924521609188e+03 -1.429999999999999967e-07
4.993368924521609188e+03 -1.587910000000000142e-06
4.998368924521609188e+03 1.200000000000000157e-07
5.003368924521609188e+03 6.129999999999999966e-07
5.008368924521609188e+03 8.400000000000000043e-07
5.013368924521609188e+03 1.989999999999999952e-07
5.018368924521609188e+03 1.139719999999999991e-06
5.023368924521609188e+03 5.500000000000000281e-07
5.028368924521609188e+03 9.909999999999999139e-07
5.033368924521609188e+03 1.790220000000000158e-06
5.038368924521609188e+03 1.545039999999999864e-06
5.043368924521609188e+03 5.190000000000000284e-07
5.048368924521609188e+03 -6.540000000000000064e-07
5.053368924521609188e+03 7.669999999999999198e-07
5.058368924521609188e+03 1.590300000000000046e-06
5.063368924521609188e+03 1.462869999999999811e-06
5.068368924521609188e+03 1.555809999999999848e-06
5.073368924521609188e+03 1.078070000000000124e-06
5.078368924521609188e+03 -5.780000000000000141e-07
5.083368924521609188e+03 7.740000000000000221e-07
5.088368924521609188e+03 -3.870000000000000111e-07
5.093368924521609188e+03 -3.860000000000000418e-07
5.098368924521609188e+03 -1.395050000000000094e-06
5.103368924521609188e+03 -2.610000000000000210e-07
5.108368924521609188e+03 -1.266259999999999799e-06
5.113368924521609188e+03 -7.449999999999999610e-07
5.118368924521609188e+03 -1.398600000000000043e-06
5.123368924521609188e+03 2.599999999999999988e-07
5.128368924521609188e+03 -9.290000000000000469e-08
5.133368924521609188e+03 -6.349999999999999554e-07
5.138368924521609188e+03 4.540000000000000155e-07
5.143368924521609188e+03 8.009999999999999330e-07
5.148368924521609188e+03 -9.829999999999999481e-07
5.153368924521609188e+03 8.919999999999999935e-07
5.158368924521609188e+03 3.180000000000000153e-07
5.163368924521609188e+03 5.160000000000000148e-07
5.168368924521609188e+03 9.459999999999999212e-07
5.173368924521609188e+03 1.356899999999999875e-06
5.178368924521609188e+03 2.093200000000000135e-06
5.183368924521609188e+03 2.270829999999999907e-06
5.188368924521609188e+03 1.012630000000000035e-06
5.193368924521609188e+03 8.169999999999999704e-07
5.198368924521609188e+03 9.629999999999999278e-07
5.203368924521609188e+03 6.870000000000000504e-07
5.208368924521609188e+03 4.110000000000000142e-07
5.213368924521609188e+03 -1.720000000000000049e-07
5.218368924521609188e+03 2.309999999999999906e-07
5.223368924521609188e+03 -6.940000000000000469e-07
5.228368924521609188e+03 -1.279329999999999955e-06
5.233368924521609188e+03 -1.919999999999999987e-07
5.238368924521609188e+03 -4.010000000000000041e-07
5.243368924521609188e+03 -1.057500000000000039e-06
5.248368924521609188e+03 -7.910000000000000288e-07
5.253368924521609188e+03 -1.420000000000000010e-07
5.258368924521609188e+03 -6.810000000000000232e-07
5.263368924521609188e+03 -1.802880000000000008e-06
5.268368924521609188e+03 -2.720000000000000004e-07
5.273368924521609188e+03 -1.949999999999999859e-07
5.278368924521609188e+03 -1.050000000000000005e-07
5.283368924521609188e+03 5.930000000000000160e-08
5.288368924521609188e+03 -1.150000000000000041e-08
5.293368924521609188e+03 -1.141989999999999971e-06
5.298368924521609188e+03 6.919999999999999761e-08
5.303368924521609188e+03 7.479999999999999746e-07
5.308368924521609188e+03 4.510000000000000018e-07
5.313368924521609188e+03 8.930000000000000686e-07
5.318368924521609188e+03 1.749999999999999921e-07
5.323368924521609188e+03 -1.010000000000000044e-07
5.328368924521609188e+03 -2.119999999999999925e-07
5.333368924521609188e+03 1.355269999999999985e-06
5.338368924521609188e+03 -3.300000000000000168e-07
5.343368924521609188e+03 4.619999999999999812e-07
5.348368924521609188e+03 4.370000000000000088e-07
5.353368924521609188e+03 1.150940000000000114e-06
5.358368924521609188e+03 9.779999999999999960e-07
5.363368924521609188e+03 -6.869999999999999975e-08
5.368368924521609188e+03 -6.729999999999999515e-07
5.373368924521609188e+03 -7.360000000000000260e-07
5.378368924521609188e+03 -4.370000000000000088e-07
5.383368924521609188e+03 -4.080000000000000006e-07
5.388368924521609188e+03 6.479999999999999791e-07
5.393368924521609188e+03 -9.410000000000000220e-08
5.398368924521609188e+03 -6.380000000000000749e-07
5.403368924521609188e+03 -1.502519999999999931e-06
5.408368924521609188e+03 -1.090000000000000099e-07
5.413368924521609188e+03 -7.430000000000000225e-07
5.418368924521609188e+03 2.349999999999999735e-07
5.423368924521609188e+03 5.209999999999999669e-07
5.428368924521609188e+03 3.330000000000000305e-07
5.433368924521609188e+03 9.860000000000000941e-08
5.438368924521609188e+03 -7.300000000000000020e-09
5.443368924521609188e+03 4.559999999999999540e-07
5.448368924521609188e+03 1.270590000000000103e-06
5.453368924521609188e+03 1.234089999999999902e-06
5.458368924521609188e+03 1.471990000000000199e-06
5.463368924521609188e+03 5.319999999999999463e-07
5.468368924521609188e+03 6.899999999999999582e-07
5.473368924521609188e+03 2.870000000000000156e-07
5.478368924521609188e+03 5.700000000000000483e-07
5.483368924521609188e+03 7.939999999999999630e-08
5.488368924521609188e+03 1.200000000000000157e-07
5.493368924521609188e+03 1.501659999999999909e-06
5.498368924521609188e+03 4.080000000000000006e-07
5.503368924521609188e+03 -2.750000000000000140e-07
5.508368924521609188e+03 -6.129999999999999966e-08
5.513368924521609188e+03 -3.339999999999999997e-07
5.518368924521609188e+03 -4.309999999999999816e-07
5.523368924521609188e+03 1.410000000000000053e-07
5.528368924521609188e+03 -3.429999999999999877e-07
5.533368924521609188e+03 -2.470000000000000280e-07
5.538368924521609188e+03 -8.029999999999999774e-07
5.543368924521609188e+03 -9.809999999999999831e-08
5.548368924521609188e+03 -3.870000000000000111e-07
5.553368924521609188e+03 6.479999999999999791e-07
5.558368924521609188e+03 2.689999999999999868e-07
5.563368924521609188e+03 -4.470000000000000189e-07
5.568368924521609188e+03 1.155419999999999900e-06
5.573368924521609188e+03 1.610039999999999877e-06
5.578368924521609188e+03 1.889999999999999851e-07
5.583368924521609188e+03 2.069999999999999875e-07
5.588368924521609188e+03 7.260000000000000159e-08
5.593368924521609188e+03 4.370000000000000088e-07
5.598368924521609188e+03 1.117569999999999915e-06
5.603368924521609188e+03 1.098899999999999973e-06
5.608368924521609188e+03 3.979999999999999905e-07
5.613368924521609188e+03 1.333929999999999822e-06
5.618368924521609188e+03 2.180000000000000198e-07
5.623368924521609188e+03 1.311260000000000004e-06
5.628368924521609188e+03 5.729999999999999561e-07
5.633368924521609188e+03 9.859999999999999617e-07
5.638368924521609188e+03 -4.259999999999999765e-07
5.643368924521609188e+03 6.649999999999999858e-07
5.648368924521609188e+03 -1.180000000000000111e-07
5.653368924521609188e+03 -6.050000000000000309e-07
5.658368924521609188e+03 -1.959999999999999816e-07
5.663368924521609188e+03 -1.709070000000000096e-06
5.668368924521609188e+03 -9.139999999999999523e-07
5.673368924521609188e+03 -1.195149999999999899e-06
5.678368924521609188e+03 4.089999999999999698e-07
5.683368924521609188e+03 -8.530000000000000281e-07
5.688368924521609188e+03 4.459999999999999968e-07
5.693368924521609188e+03 6.570000000000000200e-07
5.698368924521609188e+03 -1.350000000000000045e-07
5.703368924521609188e+03 5.220000000000000420e-07
5.708368924521609188e+03 1.529629999999999914e-06
5.713368924521609188e+03 1.270829999999999952e-06
5.718368924521609188e+03 3.440000000000000098e-07
5.723368924521609188e+03 6.270000000000000955e-07
5.728368924521609188e+03 5.680000000000000039e-07
5.733368924521609188e+03 -9.100000000000000753e-07
5.738368924521609188e+03 2.690000000000000017e-09
5.743368924521609188e+03 1.752179999999999799e-06
5.748368924521609188e+03 1.149999999999999974e-07
5.753368924521609188e+03 -4.490000000000000104e-07
5.758368924521609188e+03 2.809999999999999883e-07
5.763368924521609188e+03 2.669999999999999953e-07
5.768368924521609188e+03 1.368950000000000039e-06
5.773368924521609188e+03 6.210000000000000682e-07
5.778368924521609188e+03 1.149999999999999974e-07
5.783368924521609188e+03 -7.219999999999999800e-08
5.788368924521609188e+03 1.429999999999999967e-07
5.793368924521609188e+03 9.770000000000001326e-07
5.798368924521609188e+03 8.670000000000000211e-07
5.803368924521609188e+03 1.480059999999999980e-06
5.808368924521609188e+03 8.679999999999999639e-08
5.813368924521609188e+03 1.206889999999999976e-06
5.818368924521609188e+03 1.572180000000000040e-06
5.823368924521609188e+03 1.677039999999999829e-06
5.828368924521609188e+03 5.479999999999999837e-07
5.833368924521609188e+03 3.739999999999999873e-07
5.838368924521609188e+03 1.073110000000000005e-06
5.843368924521609188e+03 2.619999999999999903e-07
5.848368924521609188e+03 5.099999999999999875e-07
5.853368924521609188e+03 -3.099999999999999966e-07
5.858368924521609188e+03 -3.119999999999999880e-07
5.863368924521609188e+03 5.899999999999999627e-07
5.868368924521609188e+03 -2.239999999999999941e-07
5.873368924521609188e+03 -5.589999999999999631e-07
5.878368924521609188e+03 -6.850000000000000061e-07
5.883368924521609188e+03 2.279999999999999770e-07
5.888368924521609188e+03 -4.210000000000000244e-07
5.893368924521609188e+03 -2.404780000000000123e-06
5.898368924521609188e+03 1.699999999999999870e-07
5.903368924521609188e+03 4.010000000000000041e-07
5.908368924521609188e+03 4.920000000000000116e-07
5.913368924521609188e+03 -1.103030000000000051e-06
5.918368924521609188e+03 5.859999999999999798e-07
5.923368924521609188e+03 -1.485849999999999928e-06
5.928368924521609188e+03 6.940000000000000469e-07
5.933368924521609188e+03 3.389999999999999518e-07
5.938368924521609188e+03 9.250000000000000111e-10
5.943368924521609188e+03 1.385980000000000027e-06
5.948368924521609188e+03 3.940000000000000076e-07
5.953368924521609188e+03 6.050000000000000309e-07
5.958368924521609188e+03 7.459999999999999302e-07
5.963368924521609188e+03 -3.959999999999999990e-07
5.968368924521609188e+03 -1.369999999999999959e-07
5.973368924521609188e+03 6.579999999999999893e-07
5.978368924521609188e+03 -1.253799999999999964e-06
5.983368924521609188e+03 -6.090000000000000137e-07
5.988368924521609188e+03 -1.181319999999999940e-06
5.993368924521609188e+03 -1.152399999999999969e-06
5.998368924521609188e+03 -5.430000000000000315e-07
6.003368924521609188e+03 -1.690569999999999977e-06
6.008368924521609188e+03 -1.546650000000000049e-06
6.013368924521609188e+03 -8.880000000000000106e-07
6.018368924521609188e+03 3.520000000000000285e-07
6.023368924521609188e+03 -1.652919999999999795e-06
6.028368924521609188e+03 -1.093190000000000116e-06
6.033368924521609188e+03 -9.990000000000000914e-07
6.038368924521609188e+03 -5.600000000000000382e-07
6.043368924521609188e+03 1.249999999999999943e-07
6.048368924521609188e+03 -5.649999999999999903e-07
6.053368924521609188e+03 -8.789999999999999698e-07
6.058368924521609188e+03 6.579999999999999893e-07
6.063368924521609188e+03 9.430000000000000134e-07
6.068368924521609188e+03 2.970000000000000257e-07
6.073368924521609188e+03 5.999999999999999728e-07
6.078368924521609188e+03 -3.249999999999999588e-07
6.083368924521609188e+03 1.202170000000000130e-06
6.088368924521609188e+03 9.139999999999999523e-07
6.093368924521609188e+03 3.059999999999999607e-07
6.098368924521609188e+03 1.436499999999999926e-06
6.103368924521609188e+03 6.540000000000000064e-07
6.108368924521609188e+03 -6.129999999999999966e-07
6.113368924521609188e+03 3.010000000000000086e-07
6.118368924521609188e+03 8.710000000000000040e-07
6.123368924521609188e+03 -4.709999999999999824e-08
6.128368924521609188e+03 7.579999999999999848e-07
6.133368924521609188e+03 2.059999999999999917e-07
6.138368924521609188e+03 -6.380000000000000749e-07
6.143368924521609188e+03 -1.177529999999999930e-06
6.148368924521609188e+03 -1.830000000000000108e-07
6.153368924521609188e+03 -5.959999999999999900e-07
6.158368924521609188e+03 -9.909999999999999139e-07
6.163368924521609188e+03 -1.076169999999999981e-06
6.168368924521609188e+03 -1.281090000000000045e-06
6.173368924521609188e+03 -1.369999999999999959e-07
6.178368924521609188e+03 3.030000000000000001e-07
6.183368924521609188e+03 1.040000000000000048e-07
6.188368924521609188e+03 2.289999999999999992e-07
6.193368924521609188e+03 3.040000000000000222e-07
6.198368924521609188e+03 -4.899999999999999672e-07
6.203368924521609188e+03 1.380099999999999924e-06
6.208368924521609188e+03 1.197850000000000102e-06
6.213368924521609188e+03 -1.099999999999999924e-07
6.218368924521609188e+03 -2.429999999999999922e-07
6.223368924521609188e+03 1.291809999999999919e-06
6.228368924521609188e+03 -1.185230000000000085e-06
6.233368924521609188e+03 -2.949999999999999814e-07
6.238368924521609188e+03 4.040000000000000177e-07
6.243368924521609188e+03 1.532229999999999897e-06
6.248368924521609188e+03 9.479999999999999656e-07
6.253368924521609188e+03 -1.222320000000000056e-06
6.258368924521609188e+03 -4.779999999999999789e-08
6.263368924521609188e+03 -4.910000000000000424e-07
6.268368924521609188e+03 -6.329999999999999110e-07
6.273368924521609188e+03 -2.190000000000000155e-07
6.278368924521609188e+03 1.989999999999999952e-07
6.283368924521609188e+03 -1.520000000000000111e-07
6.288368924521609188e+03 -5.940000000000000515e-07
6.293368924521609188e+03 -1.188360000000000088e-06
6.298368924521609188e+03 -4.259999999999999765e-07
6.303368924521609188e+03 -6.649999999999999858e-07
6.308368924521609188e+03 -2.059999999999999917e-07
6.313368924521609188e+03 -1.266820000000000011e-06
6.318368924521609188e+03 -7.090000000000000092e-07
6.323368924521609188e+03 -1.361629999999999997e-06
6.328368924521609188e+03 4.009999999999999511e-08
6.333368924521609188e+03 1.760000000000000143e-07
6.338368924521609188e+03 7.090000000000000092e-07
6.343368924521609188e+03 3.770000000000000009e-07
6.348368924521609188e+03 8.229999999999999977e-07
6.353368924521609188e+03 8.409999999999999736e-07
6.358368924521609188e+03 -4.309999999999999816e-07
6.363368924521609188e+03 9.990000000000000914e-07
6.368368924521609188e+03 8.519999999999999530e-07
6.373368924521609188e+03 1.244880000000000014e-06
6.378368924521609188e+03 -1.669999999999999999e-07
6.383368924521609188e+03 -6.889999999999999889e-07
6.388368924521609188e+03 6.230000000000000067e-07
6.393368924521609188e+03 -2.859999999999999934e-07
6.398368924521609188e+03 8.670000000000000211e-08
6.403368924521609188e+03 -1.428910000000000055e-06
6.408368924521609188e+03 -3.330000000000000305e-07
6.413368924521609188e+03 -1.456920000000000105e-06
6.418368924521609188e+03 -8.309999999999999635e-07
6.423368924521609188e+03 -1.097349999999999963e-06
6.428368924521609188e+03 -1.271090000000000141e-06
6.433368924521609188e+03 -1.873769999999999976e-06
6.438368924521609188e+03 -6.400000000000000134e-07
6.443368924521609188e+03 -2.075950000000000004e-06
6.448368924521609188e+03 -3.580000000000000029e-07
6.453368924521609188e+03 -5.080000000000000490e-07
6.458368924521609188e+03 -2.650000000000000039e-07
6.463368924521609188e+03 4.229999999999999629e-07
6.468368924521609188e+03 4.339999999999999952e-07
6.473368924521609188e+03 -6.850000000000000061e-07
6.478368924521609188e+03 1.012430000000000020e-06
6.483368924521609188e+03 8.849999999999999970e-07
6.488368924521609188e+03 4.640000000000000256e-07
6.493368924521609188e+03 8.339999999999999771e-07
6.498368924521609188e+03 -3.860000000000000418e-07
6.503368924521609188e+03 -3.359999999999999911e-07
6.508368924521609188e+03 -7.270000000000000910e-07
6.513368924521609188e+03 -1.416060000000000042e-06
6.518368924521609188e+03 4.490000000000000104e-07
6.523368924521609188e+03 3.499999999999999842e-07
6.528368924521609188e+03 -8.040000000000000526e-07
6.533368924521609188e+03 1.331920000000000031e-06
6.538368924521609188e+03 2.440000000000000144e-07
6.543368924521609188e+03 -1.600000000000000033e-07
6.548368924521609188e+03 -1.080000000000000009e-07
6.553368924521609188e+03 -5.179999999999999533e-07
6.558368924521609188e+03 1.106580000000000000e-06
6.563368924521609188e+03 -1.949999999999999859e-07
6.568368924521609188e+03 5.199999999999999976e-07
6.573368924521609188e+03 -1.050829999999999941e-06
6.578368924521609188e+03 6.320000000000000476e-07
6.583368924521609188e+03 -3.989999999999999994e-08
6.588368924521609188e+03 -2.800000000000000191e-07
6.593368924521609188e+03 1.028599999999999986e-06
6.598368924521609188e+03 1.449999999999999881e-07
6.603368924521609188e+03 1.473999999999999990e-06
6.608368924521609188e+03 -6.880000000000000726e-08
6.613368924521609188e+03 1.537479999999999974e-06
6.618368924521609188e+03 2.490610000000000198e-06
6.623368924521609188e+03 2.731359999999999968e-06
6.628368924521609188e+03 3.242890000000000049e-06
6.633368924521609188e+03 4.659320000000000140e-06
6.638368924521609188e+03 4.272799999999999985e-06
6.643368924521609188e+03 5.509739999999999361e-06
6.648368924521609188e+03 6.345079999999999904e-06
6.653368924521609188e+03 8.039560000000000662e-06
6.658368924521609188e+03 8.231350000000000396e-06
6.663368924521609188e+03 1.054669000000000117e-05
6.668368924521609188e+03 1.270831999999999965e-05
6.673368924521609188e+03 1.614285000000000080e-05
6.678368924521609188e+03 1.842258999999999805e-05
6.683368924521609188e+03 2.232960000000000047e-05
6.688368924521609188e+03 2.775023000000000282e-05
6.693368924521609188e+03 3.331731000000000102e-05
6.698368924521609188e+03 4.190330000000000248e-05
6.703368924521609188e+03 4.987532999999999534e-05
6.708368924521609188e+03 6.257072000000000187e-05
6.713368924521609188e+03 7.626869000000000313e-05
6.718368924521609188e+03 9.313902000000000530e-05
6.723368924521609188e+03 1.148979500000000067e-04
6.728368924521609188e+03 1.403024299999999888e-04
6.733368924521609188e+03 1.705759600000000256e-04
6.738368924521609188e+03 2.091487899999999983e-04
6.743368924521609188e+03 2.545039699999999722e-04
6.748368924521609188e+03 3.081419900000000045e-04
6.753368924521609188e+03 3.759446400000000083e-04
6.758368924521609188e+03 4.567938700000000359e-04
6.763368924521609188e+03 5.542300599999999342e-04
6.768368924521609188e+03 6.705164900000000093e-04
6.773368924521609188e+03 8.092460000000000105e-04
6.778368924521609188e+03 9.743692700000001084e-04
6.783368924521609188e+03 1.172572970000000008e-03
6.788368924521609188e+03 1.414535049999999985e-03
6.793368924521609188e+03 1.695896689999999967e-03
6.798368924521609188e+03 2.029596569999999722e-03
6.803368924521609188e+03 2.423147259999999890e-03
6.808368924521609188e+03 2.884069679999999841e-03
6.813368924521609188e+03 3.425020869999999967e-03
6.818368924521609188e+03 4.060435000000000259e-03
6.823368924521609188e+03 4.809393589999999725e-03
6.828368924521609188e+03 5.675972700000000287e-03
6.833368924521609188e+03 6.662920709999999892e-03
6.838368924521609188e+03 7.815802690000000011e-03
6.843368924521609188e+03 9.126613740000000946e-03
6.848368924521609188e+03 1.063508867999999989e-02
6.853368924521609188e+03 1.239607214999999957e-02
6.858368924521609188e+03 1.435404778000000034e-02
6.863368924521609188e+03 1.655546188000000044e-02
6.868368924521609188e+03 1.908637523999999822e-02
6.873368924521609188e+03 2.189360857000000049e-02
6.878368924521609188e+03 2.505952120000000047e-02
6.883368924521609188e+03 2.857134103999999994e-02
6.888368924521609188e+03 3.246952294999999600e-02
6.893368924521609188e+03 3.680830478999999600e-02
6.898368924521609188e+03 4.152322291999999831e-02
6.903368924521609188e+03 4.680032729999999974e-02
6.908368924521609188e+03 5.245814323000000390e-02
6.913368924521609188e+03 5.864480494999999710e-02
6.918368924521609188e+03 6.551951407999999366e-02
6.923368924521609188e+03 7.274021148999999797e-02
6.928368924521609188e+03 8.053006172000000407e-02
6.933368924521609188e+03 8.900649070999999690e-02
6.938368924521609188e+03 9.795964241000000572e-02
6.943368924521609188e+03 1.074966908000000027e-01
6.948368924521609188e+03 1.176467133000000109e-01
6.953368924521609188e+03 1.283270454000000060e-01
6.958368924521609188e+03 1.396610546000000008e-01
6.963368924521609188e+03 1.512258244000000140e-01
6.968368924521609188e+03 1.636045837000000003e-01
6.973368924521609188e+03 1.762846375000000076e-01
6.978368924521609188e+03 1.895039368000000224e-01
6.983368924521609188e+03 2.034575462000000057e-01
6.988368924521609188e+03 2.175343704000000100e-01
6.993368924521609188e+03 2.319613265999999896e-01
6.998368924521609188e+03 2.469092751000000197e-01
7.003368924521609188e+03 2.619380950999999902e-01
7.008368924521609188e+03 2.774262999999999590e-01
7.013368924521609188e+03 2.931821632000000122e-01
7.018368924521609188e+03 3.092462730000000160e-01
7.023368924521609188e+03 3.253402710000000142e-01
7.028368924521609188e+03 3.413569260000000050e-01
7.033368924521609188e+03 3.576753235000000308e-01
7.038368924521609188e+03 3.739220428000000207e-01
7.043368924521609188e+03 3.901930236999999746e-01
7.048368924521609188e+03 4.068353652999999737e-01
7.053368924521609188e+03 4.229327011000000303e-01
7.058368924521609188e+03 4.388724135999999554e-01
7.063368924521609188e+03 4.550142670000000278e-01
7.068368924521609188e+03 4.707539367999999946e-01
7.073368924521609188e+03 4.864264296999999959e-01
7.078368924521609188e+03 5.019232558999999760e-01
7.083368924521609188e+03 5.170906066999999551e-01
7.088368924521609188e+03 5.320942306999999483e-01
7.093368924521609188e+03 5.465995788999999938e-01
7.098368924521609188e+03 5.611713408999999819e-01
7.103368924521609188e+03 5.750203704999999887e-01
7.108368924521609188e+03 5.886765670999999367e-01
7.113368924521609188e+03 6.024291610999999991e-01
7.118368924521609188e+03 6.154706572999999459e-01
7.123368924521609188e+03 6.280056380999999854e-01
7.128368924521609188e+03 6.406305695000000799e-01
7.133368924521609188e+03 6.526397704999999938e-01
7.138368924521609188e+03 6.643490601000000551e-01
7.143368924521609188e+03 6.757834624999999873e-01
7.148368924521609188e+03 6.868218231000000618e-01
7.153368924521609188e+03 6.974987029999999422e-01
7.158368924521609188e+03 7.076417541999999727e-01
7.163368924521609188e+03 7.177055359000000800e-01
7.168368924521609188e+03 7.272476958999999352e-01
7.173368924521609188e+03 7.365144348000000063e-01
7.178368924521609188e+03 7.456256104000000828e-01
7.183368924521609188e+03 7.542375945999999498e-01
7.188368924521609188e+03 7.624835204999999005e-01
7.193368924521609188e+03 7.704754638999999905e-01
7.198368924521609188e+03 7.782180022999999336e-01
7.203368924521609188e+03 7.856765746999999633e-01
7.208368924521609188e+03 7.928314972000000127e-01
7.213368924521609188e+03 7.996944427000000077e-01
7.218368924521609188e+03 8.063667297000001177e-01
7.223368924521609188e+03 8.127156829999999665e-01
7.228368924521609188e+03 8.188139343000000459e-01
7.233368924521609188e+03 8.246426391999999161e-01
7.238368924521609188e+03 8.302851105000000898e-01
7.243368924521609188e+03 8.357255553999999309e-01
7.248368924521609188e+03 8.408781432999999916e-01
7.253368924521609188e+03 8.458030700999999985e-01
7.258368924521609188e+03 8.506065368999999876e-01
7.263368924521609188e+03 8.551157378999999503e-01
7.268368924521609188e+03 8.594703674000000460e-01
7.273368924521609188e+03 8.636637115000000975e-01
7.278368924521609188e+03 8.677475739000000132e-01
7.283368924521609188e+03 8.715000915999999709e-01
7.288368924521609188e+03 8.752558136000000433e-01
7.293368924521609188e+03 8.787948608000000217e-01
7.298368924521609188e+03 8.821624755999999401e-01
7.303368924521609188e+03 8.853919220000000534e-01
7.308368924521609188e+03 8.884879302999999506e-01
7.313368924521609188e+03 8.914442443999999188e-01
7.318368924521609188e+03 8.942745209000000361e-01
7.323368924521609188e+03 8.970109558000000094e-01
7.328368924521609188e+03 8.996956634999999647e-01
7.333368924521609188e+03 9.022235107000000642e-01
7.338368924521609188e+03 9.045269012000000108e-01
7.343368924521609188e+03 9.068357086000000677e-01
7.348368924521609188e+03 9.090170288000000154e-01
7.353368924521609188e+03 9.111239623999999315e-01
7.358368924521609188e+03 9.131860351999999681e-01
7.363368924521609188e+03 9.151007842999999697e-01
7.368368924521609188e+03 9.170329284999999553e-01
7.373368924521609188e+03 9.188263702000000199e-01
7.378368924521609188e+03 9.205387115000001064e-01
7.383368924521609188e+03 9.220912932999999478e-01
7.388368924521609188e+03 9.236072540000000997e-01
7.393368924521609188e+03 9.250801848999999910e-01
7.398368924521609188e+03 9.266023253999999820e-01
7.403368924521609188e+03 9.280313873000000102e-01
7.408368924521609188e+03 9.292666626000000152e-01
7.413368924521609188e+03 9.305537415000000312e-01
7.418368924521609188e+03 9.317568206999999880e-01
7.423368924521609188e+03 9.329570006999999832e-01
7.428368924521609188e+03 9.341081237999999676e-01
7.433368924521609188e+03 9.351587677000000598e-01
7.438368924521609188e+03 9.361460875999999542e-01
7.443368924521609188e+03 9.371009827000000847e-01
7.448368924521609188e+03 9.380919647000000028e-01
7.453368924521609188e+03 9.389741515999999733e-01
7.458368924521609188e+03 9.398320006999999476e-01
7.463368924521609188e+03 9.408154296999999833e-01
7.468368924521609188e+03 9.414821625000000527e-01
7.473368924521609188e+03 9.423067473999999777e-01
7.478368924521609188e+03 9.431417846999999854e-01
7.483368924521609188e+03 9.438651276000000756e-01
7.488368924521609188e+03 9.444979094999998992e-01
7.493368924521609188e+03 9.451052094000000903e-01
7.498368924521609188e+03 9.458248138000000527e-01
7.503368924521609188e+03 9.463835143999999033e-01
7.508368924521609188e+03 9.470229340000000384e-01
7.513368924521609188e+03 9.475392150999999430e-01
7.518368924521609188e+03 9.481848907000000048e-01
7.523368924521609188e+03 9.486946106000000434e-01
7.528368924521609188e+03 9.491334534000001044e-01
7.533368924521609188e+03 9.496891785000000086e-01
7.538368924521609188e+03 9.502671813999999939e-01
7.543368924521609188e+03 9.507501983999999684e-01
7.548368924521609188e+03 9.511338806000000368e-01
7.553368924521609188e+03 9.514984130999999401e-01
7.558368924521609188e+03 9.518978881999999864e-01
7.563368924521609188e+03 9.523001098999999137e-01
7.568368924521609188e+03 9.526898955999999474e-01
7.573368924521609188e+03 9.530557251000000285e-01
7.578368924521609188e+03 9.533454131999999914e-01
7.583368924521609188e+03 9.538326263000000971e-01
7.588368924521609188e+03 9.539943694999999391e-01
7.593368924521609188e+03 9.544226836999999408e-01
7.598368924521609188e+03 9.546881865999999883e-01
7.603368924521609188e+03 9.550468444999999917e-01
7.608368924521609188e+03 9.552579498000000058e-01
7.613368924521609188e+03 9.555879211000000151e-01
7.618368924521609188e+03 9.559226990000000423e-01
7.623368924521609188e+03 9.562200164999999918e-01
7.628368924521609188e+03 9.563600159000000822e-01
7.633368924521609188e+03 9.566128539999999569e-01
7.638368924521609188e+03 9.569808960000000253e-01
7.643368924521609188e+03 9.570489501999999149e-01
7.648368924521609188e+03 9.573887634000000091e-01
7.653368924521609188e+03 9.575874329000000351e-01
7.658368924521609188e+03 9.578013611000000260e-01
7.663368924521609188e+03 9.579922484999999766e-01
7.668368924521609188e+03 9.582425689999999330e-01
7.673368924521609188e+03 9.583567047000000061e-01
7.678368924521609188e+03 9.585493468999999322e-01
7.683368924521609188e+03 9.588321686000000899e-01
7.688368924521609188e+03 9.590052794999999186e-01
7.693368924521609188e+03 9.590882874000000724e-01
7.698368924521609188e+03 9.592237853999999730e-01
7.703368924521609188e+03 9.593566894999999706e-01
7.708368924521609188e+03 9.595429993000000879e-01
7.713368924521609188e+03 9.598149872000000249e-01
7.718368924521609188e+03 9.598989867999999648e-01
7.723368924521609188e+03 9.600082397000000434e-01
7.728368924521609188e+03 9.602522277999999689e-01
7.733368924521609188e+03 9.602859497000000299e-01
7.738368924521609188e+03 9.605036926000000141e-01
7.743368924521609188e+03 9.606159210000000392e-01
7.748368924521609188e+03 9.606998444000000026e-01
7.753368924521609188e+03 9.609256743999999850e-01
7.758368924521609188e+03 9.608499907999999978e-01
7.763368924521609188e+03 9.610760498000000540e-01
7.768368924521609188e+03 9.611483764999999568e-01
7.773368924521609188e+03 9.614228821000000424e-01
7.778368924521609188e+03 9.614109802000000427e-01
7.783368924521609188e+03 9.615667724999999999e-01
7.788368924521609188e+03 9.616006470000000306e-01
7.793368924521609188e+03 9.616957855000000110e-01
7.798368924521609188e+03 9.618313599000000158e-01
7.803368924521609188e+03 9.618941497999999868e-01
7.808368924521609188e+03 9.621714783000000493e-01
7.813368924521609188e+03 9.622047423999999793e-01
7.818368924521609188e+03 9.621997833000000000e-01
7.823368924521609188e+03 9.622081756999999458e-01
7.828368924521609188e+03 9.624139404000000564e-01
7.833368924521609188e+03 9.624458312999999432e-01
7.838368924521609188e+03 9.626323700000000150e-01
7.843368924521609188e+03 9.626895905000000253e-01
7.848368924521609188e+03 9.627573394999999756e-01
7.853368924521609188e+03 9.628884125000000127e-01
7.858368924521609188e+03 9.629240417000000107e-01
7.863368924521609188e+03 9.629321289000000172e-01
7.868368924521609188e+03 9.629552459999999314e-01
7.873368924521609188e+03 9.629853058000000798e-01
7.878368924521609188e+03 9.631186675999999780e-01
7.883368924521609188e+03 9.632080841000000282e-01
7.888368924521609188e+03 9.633242035000000314e-01
7.893368924521609188e+03 9.633525847999999669e-01
7.898368924521609188e+03 9.633747863999999606e-01
7.903368924521609188e+03 9.634632874000000902e-01
7.908368924521609188e+03 9.634566497999998980e-01
7.913368924521609188e+03 9.635950469999999823e-01
7.918368924521609188e+03 9.636093902999999239e-01
7.923368924521609188e+03 9.636267090000000257e-01
7.928368924521609188e+03 9.638233185000000258e-01
7.933368924521609188e+03 9.638337707999999893e-01
7.938368924521609188e+03 9.638661193999999988e-01
7.943368924521609188e+03 9.640224456999999525e-01
7.948368924521609188e+03 9.639952849999999795e-01
7.953368924521609188e+03 9.639591979999999616e-01
7.958368924521609188e+03 9.641767119999999913e-01
7.963368924521609188e+03 9.640126800999999634e-01
7.968368924521609188e+03 9.641471862999999587e-01
7.973368924521609188e+03 9.640904998999999531e-01
7.978368924521609188e+03 9.642507172000001070e-01
7.983368924521609188e+03 9.643469237999999777e-01
7.988368924521609188e+03 9.643137360000000324e-01
7.993368924521609188e+03 9.643606567000000407e-01
7.998368924521609188e+03 9.643711853000001000e-01
8.003368924521609188e+03 9.645057678000000800e-01
8.008368924521609188e+03 9.645063018999999738e-01
8.013368924521609188e+03 9.647152709999999853e-01
8.018368924521609188e+03 9.645978546000000264e-01
8.023368924521609188e+03 9.645922088999999700e-01
8.028368924521609188e+03 9.648422240999999788e-01
8.033368924521609188e+03 9.646820830999999208e-01
8.038368924521609188e+03 9.646514892999999979e-01
8.043368924521609188e+03 9.647523499000000280e-01
8.048368924521609188e+03 9.647190856999999786e-01
8.053368924521609188e+03 9.647902679000001092e-01
8.058368924521609188e+03 9.648822783999999597e-01
8.063368924521609188e+03 9.648580932999999416e-01
8.068368924521609188e+03 9.649478148999999227e-01
8.073368924521609188e+03 9.650186157000000264e-01
8.078368924521609188e+03 9.650279998999999886e-01
8.083368924521609188e+03 9.650019073000000169e-01
8.088368924521609188e+03 9.651255798000000219e-01
8.093368924521609188e+03 9.649651337000000328e-01
8.098368924521609188e+03 9.651617432000000329e-01
8.103368924521609188e+03 9.649959563999999101e-01
8.108368924521609188e+03 9.651185608000000249e-01
8.113368924521609188e+03 9.649807739000000328e-01
8.118368924521609188e+03 9.651815795999999503e-01
8.123368924521609188e+03 9.651397704999999938e-01
8.128368924521609188e+03 9.651923369999999558e-01
8.133368924521609188e+03 9.651795959000000202e-01
8.138368924521609188e+03 9.654438019000000093e-01
8.143368924521609188e+03 9.653651428000000756e-01
8.148368924521609188e+03 9.653588104000000447e-01
8.153368924521609188e+03 9.655197144000000620e-01
8.158368924521609188e+03 9.655708312999999876e-01
8.163368924521609188e+03 9.653851317999999626e-01
8.168368924521609188e+03 9.653883362000000856e-01
8.173368924521609188e+03 9.655180359000000712e-01
8.178368924521609188e+03 9.654438781999999941e-01
8.183368924521609188e+03 9.656515503000000500e-01
8.188368924521609188e+03 9.654653931000000133e-01
8.193368924521608278e+03 9.656481933999999656e-01
8.198368924521608278e+03 9.656824493000000231e-01
8.203368924521608278e+03 9.656522369000000161e-01
8.208368924521608278e+03 9.655635071000000513e-01
8.213368924521608278e+03 9.655525207999999804e-01
8.218368924521608278e+03 9.656475066999999912e-01
8.223368924521608278e+03 9.655511475000000399e-01
8.228368924521608278e+03 9.656642913999999855e-01
8.233368924521608278e+03 9.657011413999999627e-01
8.238368924521608278e+03 9.655934143000000081e-01
8.243368924521608278e+03 9.656836699999999940e-01
8.248368924521608278e+03 9.657938385000000014e-01
8.253368924521608278e+03 9.657888794000000221e-01
8.258368924521608278e+03 9.659084319999999835e-01
8.263368924521608278e+03 9.658194733000000642e-01
8.268368924521608278e+03 9.657850646999999178e-01
8.273368924521608278e+03 9.657427979000000606e-01
8.278368924521608278e+03 9.658925628999999180e-01
8.283368924521608278e+03 9.658245087000000284e-01
8.288368924521608278e+03 9.661068726000000551e-01
8.293368924521608278e+03 9.660283660999999800e-01
8.298368924521608278e+03 9.660749053999999614e-01
8.303368924521608278e+03 9.660160827999999533e-01
8.308368924521608278e+03 9.658760070999999892e-01
8.313368924521608278e+03 9.660153197999999941e-01
8.318368924521608278e+03 9.659364318999998922e-01
8.323368924521608278e+03 9.659719848999999137e-01
8.328368924521608278e+03 9.659529114000000583e-01
8.333368924521608278e+03 9.660063171000000670e-01
8.338368924521608278e+03 9.661844634999999792e-01
8.343368924521608278e+03 9.660417175000000078e-01
8.348368924521608278e+03 9.659468078999999818e-01
8.353368924521608278e+03 9.660736846999999905e-01
8.358368924521608278e+03 9.659395599000000221e-01
8.363368924521608278e+03 9.661948395000000689e-01
8.368368924521608278e+03 9.660781097000000761e-01
8.373368924521608278e+03 9.660563659999999997e-01
8.378368924521608278e+03 9.663017272999999685e-01
8.383368924521608278e+03 9.662038422000001070e-01
8.388368924521608278e+03 9.663613128999999358e-01
8.393368924521608278e+03 9.661948395000000689e-01
8.398368924521608278e+03 9.661169433999999834e-01
8.403368924521608278e+03 9.663039397999999558e-01
8.408368924521608278e+03 9.664541626000000551e-01
8.413368924521608278e+03 9.662865447999999802e-01
8.418368924521608278e+03 9.665335846000000508e-01
8.423368924521608278e+03 9.666918945000000374e-01
8.428368924521608278e+03 9.664232635000000737e-01
8.433368924521608278e+03 9.663563537999999564e-01
8.438368924521608278e+03 9.663648987000000856e-01
8.443368924521608278e+03 9.663722229000000219e-01
8.448368924521608278e+03 9.665667725000000043e-01
8.453368924521608278e+03 9.665230560000001026e-01
8.458368924521608278e+03 9.663170624000000375e-01
8.463368924521608278e+03 9.667258452999999419e-01
8.468368924521608278e+03 9.667121124000001009e-01
8.473368924521608278e+03 9.666959380999999851e-01
8.478368924521608278e+03 9.667163849000001141e-01
8.483368924521608278e+03 9.667237090999999394e-01
8.488368924521608278e+03 9.664356994999999673e-01
8.493368924521608278e+03 9.666597747999999823e-01
8.498368924521608278e+03 9.665841674999999800e-01
8.503368924521608278e+03 9.667624664000000756e-01
8.508368924521608278e+03 9.665145873999999582e-01
8.513368924521608278e+03 9.668152618000001031e-01
8.518368924521608278e+03 9.669281768999999915e-01
8.523368924521608278e+03 9.666590881000000079e-01
8.528368924521608278e+03 9.666876220999999214e-01
8.533368924521608278e+03 9.666179657000000258e-01
8.538368924521608278e+03 9.670986938000000199e-01
8.543368924521608278e+03 9.668691253999999180e-01
8.548368924521608278e+03 9.668430327999999463e-01
8.553368924521608278e+03 9.669059752999999979e-01
8.558368924521608278e+03 9.669885254000000208e-01
8.563368924521608278e+03 9.669021606000000046e-01
8.568368924521608278e+03 9.670786284999999260e-01
8.573368924521608278e+03 9.670207976999999344e-01
8.578368924521608278e+03 9.669625854000000187e-01
8.583368924521608278e+03 9.672964478000000144e-01
8.588368924521608278e+03 9.684090424000000308e-01
8.593368924521608278e+03 9.684555817000000122e-01
8.598368924521608278e+03 9.683929443000000026e-01
8.603368924521608278e+03 9.684232329999999944e-01
8.608368924521608278e+03 9.684169006000000746e-01
8.613368924521608278e+03 9.683496857000000180e-01
8.618368924521608278e+03 9.683721160999999578e-01
8.623368924521608278e+03 9.683869171000000220e-01
8.628368924521608278e+03 9.684064484000000084e-01
8.633368924521608278e+03 9.683907318000000153e-01
8.638368924521608278e+03 9.684024048000000606e-01
8.643368924521608278e+03 9.683673095999999481e-01
8.648368924521608278e+03 9.683940886999999886e-01
8.653368924521608278e+03 9.683887481999999824e-01
8.658368924521608278e+03 9.683183289000000249e-01
8.663368924521608278e+03 9.683319092000001183e-01
8.668368924521608278e+03 9.683155823000000328e-01
8.673368924521608278e+03 9.683875275000000116e-01
8.678368924521608278e+03 9.684011077999999939e-01
8.683368924521608278e+03 9.683439635999999684e-01
8.688368924521608278e+03 9.683872223000000723e-01
8.693368924521608278e+03 9.683372498000000217e-01
8.698368924521608278e+03 9.683501434000000296e-01
8.703368924521608278e+03 9.683418274000000769e-01
8.708368924521608278e+03 9.683598327999999311e-01
8.713368924521608278e+03 9.683491515999999022e-01
8.718368924521608278e+03 9.683224486999999492e-01
8.723368924521608278e+03 9.683181763000000553e-01
8.728368924521608278e+03 9.683154297000000632e-01
8.733368924521608278e+03 9.683911895999999242e-01
8.738368924521608278e+03 9.683879089000000384e-01
8.743368924521608278e+03 9.683596038999999767e-01
8.748368924521608278e+03 9.683539580999999119e-01
8.753368924521608278e+03 9.683562468999999950e-01
8.758368924521608278e+03 9.683498382999999876e-01
8.763368924521608278e+03 9.683130645999998842e-01
8.768368924521608278e+03 9.683292389000000000e-01
8.773368924521608278e+03 9.683433532999999871e-01
8.778368924521608278e+03 9.683310699000000632e-01
8.783368924521608278e+03 9.683580779999999555e-01
8.788368924521608278e+03 9.683795928999999747e-01
8.793368924521608278e+03 9.683561707000000185e-01
8.798368924521608278e+03 9.684082030999999757e-01
8.803368924521608278e+03 9.683406829999999799e-01
8.808368924521608278e+03 9.683455657999999744e-01
8.813368924521608278e+03 9.683592224000000526e-01
8.818368924521608278e+03 9.682893371999999887e-01
8.823368924521608278e+03 9.683621216000000143e-01
8.828368924521608278e+03 9.682633972000000977e-01
8.833368924521608278e+03 9.682830047999999579e-01
8.838368924521608278e+03 9.682501220999999436e-01
8.843368924521608278e+03 9.682727051000000751e-01
8.848368924521608278e+03 9.682958220999999810e-01
8.853368924521608278e+03 9.682563781999999897e-01
8.858368924521608278e+03 9.682524872000000116e-01
8.863368924521608278e+03 9.682348632999999705e-01
8.868368924521608278e+03 9.682163239000000088e-01
8.873368924521608278e+03 9.681653595000000445e-01
8.878368924521608278e+03 9.683233642999999891e-01
8.883368924521608278e+03 9.681875610000000298e-01
8.888368924521608278e+03 9.682028960999999878e-01
8.893368924521608278e+03 9.681990051000000097e-01
8.898368924521608278e+03 9.681690978999999420e-01
8.903368924521608278e+03 9.682025145999999527e-01
8.908368924521608278e+03 9.681895446999999599e-01
8.913368924521608278e+03 9.681844330000000109e-01
8.918368924521608278e+03 9.681155395999999635e-01
8.923368924521608278e+03 9.681355285999999616e-01
8.928368924521608278e+03 9.681404876999999409e-01
8.933368924521608278e+03 9.681147002999999085e-01
8.938368924521608278e+03 9.681772614000000443e-01
8.943368924521608278e+03 9.681096648999999443e-01
8.948368924521608278e+03 9.681594085999999377e-01
8.953368924521608278e+03 9.681381989000000798e-01
8.958368924521608278e+03 9.680787659000000822e-01
8.963368924521608278e+03 9.681285857999999411e-01
8.968368924521608278e+03 9.681331634999998936e-01
8.973368924521608278e+03 9.681027222000000432e-01
8.978368924521608278e+03 9.680422973999999181e-01
8.983368924521608278e+03 9.680330657999999255e-01
8.988368924521608278e+03 9.680899048000000118e-01
8.993368924521608278e+03 9.680604553000000667e-01
8.998368924521608278e+03 9.681097411999999292e-01
9.003368924521608278e+03 9.680736541999999112e-01
9.008368924521608278e+03 9.680433655000000304e-01
9.013368924521608278e+03 9.680812073000000240e-01
9.018368924521608278e+03 9.681318665000000490e-01
9.023368924521608278e+03 9.679718780999999606e-01
9.028368924521608278e+03 9.681117249000000813e-01
9.033368924521608278e+03 9.680356598000000590e-01
9.038368924521608278e+03 9.680591583000000000e-01
9.043368924521608278e+03 9.680477141999999091e-01
9.048368924521608278e+03 9.680574799000000175e-01
9.053368924521608278e+03 9.680677795000000030e-01
9.058368924521608278e+03 9.680394744999999412e-01
9.063368924521608278e+03 9.680193328999999736e-01
9.068368924521608278e+03 9.680293274000000281e-01
9.073368924521608278e+03 9.679796600000000195e-01
9.078368924521608278e+03 9.680171203999999863e-01
9.083368924521608278e+03 9.680354309000001045e-01
9.088368924521608278e+03 9.680037688999999501e-01
9.093368924521608278e+03 9.679640198000000195e-01
9.098368924521608278e+03 9.679689026000000140e-01
9.103368924521608278e+03 9.679052733999999880e-01
9.108368924521608278e+03 9.679364777000000197e-01
9.113368924521608278e+03 9.679419707999999956e-01
9.118368924521608278e+03 9.679248046999999744e-01
9.123368924521608278e+03 9.679172515999999726e-01
9.128368924521608278e+03 9.678970337000000201e-01
9.133368924521608278e+03 9.679370880000000010e-01
9.138368924521608278e+03 9.678732300000000288e-01
9.143368924521608278e+03 9.679032134999999704e-01
9.148368924521608278e+03 9.678829956000000179e-01
9.153368924521608278e+03 9.678664397999999780e-01
9.158368924521608278e+03 9.678102875000000882e-01
9.163368924521608278e+03 9.679370880000000010e-01
9.168368924521608278e+03 9.677819060999999223e-01
9.173368924521608278e+03 9.679055022999999425e-01
9.178368924521608278e+03 9.678216552999999722e-01
9.183368924521608278e+03 9.678033446999999567e-01
9.188368924521608278e+03 9.676972960999999929e-01
9.193368924521608278e+03 9.677545166000000032e-01
9.198368924521608278e+03 9.677188872999999969e-01
9.203368924521608278e+03 9.677027129999999921e-01
9.208368924521608278e+03 9.676734161000000167e-01
9.213368924521608278e+03 9.676444243999999806e-01
9.218368924521608278e+03 9.676915741000000626e-01
9.223368924521608278e+03 9.675564574999999667e-01
9.228368924521608278e+03 9.675974273999998765e-01
9.233368924521608278e+03 9.675607299999999800e-01
9.238368924521608278e+03 9.676174163999999855e-01
9.243368924521608278e+03 9.676670836999999858e-01
9.248368924521608278e+03 9.676865386999999874e-01
9.253368924521608278e+03 9.676467132999999610e-01
9.258368924521608278e+03 9.675991820999999549e-01
9.263368924521608278e+03 9.675929259999999088e-01
9.268368924521608278e+03 9.676532745000000491e-01
9.273368924521608278e+03 9.675411224000000088e-01
9.278368924521608278e+03 9.675152587999999998e-01
9.283368924521608278e+03 9.676155853000000251e-01
9.288368924521608278e+03 9.675607299999999800e-01
9.293368924521608278e+03 9.675823974999999688e-01
9.298368924521608278e+03 9.675685120000000472e-01
9.303368924521608278e+03 9.674754332999999651e-01
9.308368924521608278e+03 9.675756072999999180e-01
9.313368924521608278e+03 9.675070952999998974e-01
9.318368924521608278e+03 9.675215149000000459e-01
9.323368924521608278e+03 9.674206543000000158e-01
9.328368924521608278e+03 9.676786803999999353e-01
9.333368924521608278e+03 9.674748992999999686e-01
9.338368924521608278e+03 9.675348662999999627e-01
9.343368924521608278e+03 9.674518585000000392e-01
9.348368924521608278e+03 9.674192809999999643e-01
9.353368924521608278e+03 9.674619293000000786e-01
9.358368924521608278e+03 9.674918365000000353e-01
9.363368924521608278e+03 9.674879455999999545e-01
9.368368924521608278e+03 9.673994446000000469e-01
9.373368924521608278e+03 9.674046325999999807e-01
9.378368924521608278e+03 9.674178313999999279e-01
9.383368924521608278e+03 9.673876190000000319e-01
9.388368924521608278e+03 9.673779297000000277e-01
9.393368924521608278e+03 9.673487090999999261e-01
9.398368924521608278e+03 9.672903442000000407e-01
9.403368924521608278e+03 9.673151398000000567e-01
9.408368924521608278e+03 9.675006104000000162e-01
9.413368924521608278e+03 9.672802734000000013e-01
9.418368924521608278e+03 9.673149109000001022e-01
9.423368924521608278e+03 9.673596953999999970e-01
9.428368924521608278e+03 9.672979736000000273e-01
9.433368924521608278e+03 9.672370148000000167e-01
9.438368924521608278e+03 9.671490479000000029e-01
9.443368924521608278e+03 9.672251892000000018e-01
9.448368924521608278e+03 9.671422576999999521e-01
9.453368924521608278e+03 9.671430968999998878e-01
9.458368924521608278e+03 9.670829009999999393e-01
9.463368924521608278e+03 9.670710753999999243e-01
9.468368924521608278e+03 9.670918273999999926e-01
9.473368924521608278e+03 9.669667053000000623e-01
9.478368924521608278e+03 9.669295502000000431e-01
9.483368924521608278e+03 9.668792725000000532e-01
9.488368924521608278e+03 9.668588257000000352e-01
9.493368924521608278e+03 9.669538115999999350e-01
9.498368924521608278e+03 9.668609619000000377e-01
9.503368924521608278e+03 9.668675995000000079e-01
9.508368924521608278e+03 9.667700958000000622e-01
9.513368924521608278e+03 9.667710875999999676e-01
9.518368924521608278e+03 9.667846679999999582e-01
9.523368924521608278e+03 9.667433167000000216e-01
9.528368924521608278e+03 9.666957855000000155e-01
9.533368924521608278e+03 9.666658782999999477e-01
9.538368924521608278e+03 9.667024994000000815e-01
9.543368924521608278e+03 9.667328643999999471e-01
9.548368924521608278e+03 9.667085265999999510e-01
9.553368924521608278e+03 9.666749572999999707e-01
9.558368924521608278e+03 9.666466522000000117e-01
9.563368924521608278e+03 9.666404724000000614e-01
9.568368924521608278e+03 9.666261292000000171e-01
9.573368924521608278e+03 9.666288757000000009e-01
9.578368924521608278e+03 9.666007996000000047e-01
9.583368924521608278e+03 9.666761780000000526e-01
9.588368924521608278e+03 9.666872405999999973e-01
9.593368924521608278e+03 9.666754149999999823e-01
9.598368924521608278e+03 9.666061401000000108e-01
9.603368924521608278e+03 9.666534423999999515e-01
9.608368924521608278e+03 9.666425322999999681e-01
9.613368924521608278e+03 9.666387939000000706e-01
9.618368924521608278e+03 9.666512298999999642e-01
9.623368924521608278e+03 9.666444396999999134e-01
9.628368924521608278e+03 9.665626525999999608e-01
9.633368924521608278e+03 9.666194916000000470e-01
9.638368924521608278e+03 9.665236663999999811e-01
9.643368924521608278e+03 9.665796661000000123e-01
9.648368924521608278e+03 9.666485595999999569e-01
9.653368924521608278e+03 9.666382599000000742e-01
9.658368924521608278e+03 9.664769744999999190e-01
9.663368924521608278e+03 9.665238189999999507e-01
9.668368924521608278e+03 9.664768218999999494e-01
9.673368924521608278e+03 9.665592194000000026e-01
9.678368924521608278e+03 9.665946198000000544e-01
9.683368924521608278e+03 9.665566253999999802e-01
9.688368924521608278e+03 9.665784454000000414e-01
9.693368924521608278e+03 9.664047241000000010e-01
9.698368924521608278e+03 9.664665985000000514e-01
9.703368924521608278e+03 9.665174865999999199e-01
9.708368924521608278e+03 9.664720153999999397e-01
9.713368924521608278e+03 9.664926147000000300e-01
9.718368924521608278e+03 9.664179993000000524e-01
9.723368924521608278e+03 9.664366913000000947e-01
9.728368924521608278e+03 9.663947296000000575e-01
9.733368924521608278e+03 9.664910888999999061e-01
9.738368924521608278e+03 9.664214325000000105e-01
9.743368924521608278e+03 9.664552306999999454e-01
9.748368924521608278e+03 9.662783050999999013e-01
9.753368924521608278e+03 9.663095855999999095e-01
9.758368924521608278e+03 9.663446045000000373e-01
9.763368924521608278e+03 9.663645171999999395e-01
9.768368924521608278e+03 9.663941955999999500e-01
9.773368924521608278e+03 9.663387299000000263e-01
9.778368924521608278e+03 9.663074493000000098e-01
9.783368924521608278e+03 9.662246704000000408e-01
9.788368924521608278e+03 9.662460326999999793e-01
9.793368924521608278e+03 9.663008881000000327e-01
9.798368924521608278e+03 9.662473296999999350e-01
9.803368924521608278e+03 9.662620544000000145e-01
9.808368924521608278e+03 9.661780547999999635e-01
9.813368924521608278e+03 9.661395263999998928e-01
9.818368924521608278e+03 9.662376403999999308e-01
9.823368924521608278e+03 9.662689208999999391e-01
9.828368924521608278e+03 9.661732483000000649e-01
9.833368924521608278e+03 9.661218261999999779e-01
9.838368924521608278e+03 9.660779572000000037e-01
9.843368924521608278e+03 9.660824585000000742e-01
9.848368924521608278e+03 9.661133574999999363e-01
9.853368924521608278e+03 9.660651397999999723e-01
9.858368924521608278e+03 9.661048889000000139e-01
9.863368924521608278e+03 9.660667419000000811e-01
9.868368924521608278e+03 9.661652374000000432e-01
9.873368924521608278e+03 9.663125610000000698e-01
9.878368924521608278e+03 9.659690856999999520e-01
9.883368924521608278e+03 9.660622406000000106e-01
9.888368924521608278e+03 9.659016418000000437e-01
9.893368924521608278e+03 9.660720824999999845e-01
9.898368924521608278e+03 9.660996246000000953e-01
9.903368924521608278e+03 9.659474181999999631e-01
9.908368924521608278e+03 9.659215545999999541e-01
9.913368924521608278e+03 9.659036254999999738e-01
9.918368924521608278e+03 9.659188079999999621e-01
9.923368924521608278e+03 9.660051726999999699e-01
9.928368924521608278e+03 9.659098815999999088e-01
9.933368924521608278e+03 9.658419799999999888e-01
9.938368924521608278e+03 9.658619690000000979e-01
9.943368924521608278e+03 9.658684539999999874e-01
9.948368924521608278e+03 9.659252929999999626e-01
9.953368924521608278e+03 9.657899475000000233e-01
9.958368924521608278e+03 9.659307097999999536e-01
9.963368924521608278e+03 9.658152771000000358e-01
9.968368924521608278e+03 9.659924316000000344e-01
9.973368924521608278e+03 9.658236693999999734e-01
9.978368924521608278e+03 9.658528900000000750e-01
9.983368924521608278e+03 9.656951141000000849e-01
9.988368924521608278e+03 9.658776855000000827e-01
9.993368924521608278e+03 9.658264160000000764e-01
9.998368924521608278e+03 9.657634735000000248e-01
1.000336892452160828e+04 9.657492827999999419e-01
1.000836892452160828e+04 9.656732178000000388e-01
1.001336892452160828e+04 9.657312774999999849e-01
1.001836892452160828e+04 9.656977080999999963e-01
1.002336892452160828e+04 9.656575775000000306e-01
1.002836892452160828e+04 9.656750487999999910e-01
1.003336892452160828e+04 9.656570435000000341e-01
1.003836892452160828e+04 9.654558563000000815e-01
1.004336892452160828e+04 9.656730652000000692e-01
1.004836892452160828e+04 9.654762268000000036e-01
1.005336892452160828e+04 9.657230377000000088e-01
1.005836892452160828e+04 9.654557800000000967e-01
1.006336892452160828e+04 9.655320740000000734e-01
1.006836892452160828e+04 9.655269622999999024e-01
1.007336892452160828e+04 9.654438781999999941e-01
1.007836892452160828e+04 9.655284118999999388e-01
1.008336892452160828e+04 9.653183746000000287e-01
1.008836892452160828e+04 9.654944611000000343e-01
1.009336892452160828e+04 9.653118134000000516e-01
1.009836892452160828e+04 9.653422546000000048e-01
1.010336892452160828e+04 9.654071808000000976e-01
1.010836892452160828e+04 9.653456878999999713e-01
1.011336892452160828e+04 9.653639220999999937e-01
1.011836892452160828e+04 9.653623199000000987e-01
1.012336892452160828e+04 9.652704619999999958e-01
1.012836892452160828e+04 9.652453613000000487e-01
1.013336892452160828e+04 9.652545929000000413e-01
1.013836892452160828e+04 9.653054047000000359e-01
1.014336892452160828e+04 9.650968933000000360e-01
1.014836892452160828e+04 9.651659392999999421e-01
1.015336892452160828e+04 9.652388763000000482e-01
1.015836892452160828e+04 9.651389312999999470e-01
1.016336892452160828e+04 9.650332641999999073e-01
1.016836892452160828e+04 9.650929259999999621e-01
1.017336892452160828e+04 9.650812530999999250e-01
1.017836892452160828e+04 9.651033782999999255e-01
1.018336892452160828e+04 9.649081420999999770e-01
1.018836892452160828e+04 9.649942780000000386e-01
1.019336892452160828e+04 9.649253081999999981e-01
1.019836892452160828e+04 9.650831603999999730e-01
1.020336892452160828e+04 9.648247528000000184e-01
1.020836892452160828e+04 9.648843383999999856e-01
1.021336892452160828e+04 9.648435211000000455e-01
1.021836892452160828e+04 9.649224854000000295e-01
1.022336892452160828e+04 9.648067473999999422e-01
1.022836892452160828e+04 9.648068236999999270e-01
1.023336892452160828e+04 9.648624420000000423e-01
1.023836892452160828e+04 9.647088623000000807e-01
1.024336892452160828e+04 9.648182678000000179e-01
1.024836892452160828e+04 9.647058868000000231e-01
1.025336892452160828e+04 9.648122406000000373e-01
1.025836892452160828e+04 9.646655272999999919e-01
1.026336892452160828e+04 9.646567535000000193e-01
1.026836892452160828e+04 9.646315764999999764e-01
1.027336892452160828e+04 9.648239898999999564e-01
1.027836892452160828e+04 9.644578552000000471e-01
1.028336892452160828e+04 9.646926879999999649e-01
1.028836892452160828e+04 9.645024872000000915e-01
1.029336892452160828e+04 9.645738219999999696e-01
1.029836892452160828e+04 9.645728302000000642e-01
1.030336892452160828e+04 9.644492339999999331e-01
1.030836892452160828e+04 9.645504760999998872e-01
1.031336892452160828e+04 9.645677185000000042e-01
1.031836892452160828e+04 9.642587279999998984e-01
1.032336892452160828e+04 9.644216156000000595e-01
1.032836892452160828e+04 9.645192719000000858e-01
1.033336892452160828e+04 9.643370056000000190e-01
1.033836892452160828e+04 9.643558502000000310e-01
1.034336892452160828e+04 9.643180847000000222e-01
1.034836892452160828e+04 9.643978119000000682e-01
1.035336892452160828e+04 9.643125915999999354e-01
1.035836892452160828e+04 9.642376709000000101e-01
1.036336892452160828e+04 9.642913054999999733e-01
1.036836892452160828e+04 9.642100524999999145e-01
1.037336892452160828e+04 9.642325592000000611e-01
1.037836892452160828e+04 9.641877746999999443e-01
1.038336892452160828e+04 9.641783904999999821e-01
1.038836892452160828e+04 9.640220642000000284e-01
1.039336892452160828e+04 9.641909789999999481e-01
1.039836892452160828e+04 9.641172028000000171e-01
1.040336892452160828e+04 9.640618134000000783e-01
1.040836892452160828e+04 9.640671538999999735e-01
1.041336892452160828e+04 9.640930939000000865e-01
1.041836892452160828e+04 9.639606475999999979e-01
1.042336892452160828e+04 9.640237426999999082e-01
1.042836892452160828e+04 9.639370727999999611e-01
1.043336892452160828e+04 9.639242554000000407e-01
1.043836892452160828e+04 9.639227295000000195e-01
1.044336892452160828e+04 9.638446808000000754e-01
1.044836892452160828e+04 9.638841247999999640e-01
1.045336892452160828e+04 9.637998199000000765e-01
1.045836892452160828e+04 9.638098144999999173e-01
1.046336892452160828e+04 9.637683105000001138e-01
1.046836892452160828e+04 9.637671661000000167e-01
1.047336892452160828e+04 9.636635590000000029e-01
1.047836892452160828e+04 9.636806488000000392e-01
1.048336892452160828e+04 9.635316467000000218e-01
1.048836892452160828e+04 9.637543487999999936e-01
1.049336892452160828e+04 9.634449768000000747e-01
1.049836892452160828e+04 9.635493468999999367e-01
1.050336892452160828e+04 9.634635925000000212e-01
1.050836892452160828e+04 9.634952545000000645e-01
1.051336892452160828e+04 9.634671783000000600e-01
1.051836892452160828e+04 9.633740234000000013e-01
1.052336892452160828e+04 9.633299254999999617e-01
1.052836892452160828e+04 9.632847595000000318e-01
1.053336892452160828e+04 9.633775330000000636e-01
1.053836892452160828e+04 9.632217406999999953e-01
1.054336892452160828e+04 9.630743407999999839e-01
1.054836892452160828e+04 9.631654358000000249e-01
1.055336892452160828e+04 9.630784606999999165e-01
1.055836892452160828e+04 9.628814696999999923e-01
1.056336892452160828e+04 9.631921386999999779e-01
1.056836892452160828e+04 9.631124878000000278e-01
1.057336892452160828e+04 9.628847503999999891e-01
1.057836892452160828e+04 9.629991913000001125e-01
1.058336892452160828e+04 9.629270171999999572e-01
1.058836892452160828e+04 9.628609466999999977e-01
1.059336892452160828e+04 9.628533935999999960e-01
1.059836892452160828e+04 9.628365325999999058e-01
1.060336892452160828e+04 9.628242493000001012e-01
1.060836892452160828e+04 9.626785277999999613e-01
1.061336892452160828e+04 9.629276276000000578e-01
1.061836892452160828e+04 9.627456664999999303e-01
1.062336892452160828e+04 9.628981018000000169e-01
1.062836892452160828e+04 9.624247742000000549e-01
1.063336892452160828e+04 9.625557708999999962e-01
1.063836892452160828e+04 9.625276946999999916e-01
1.064336892452160828e+04 9.625643158000000144e-01
1.064836892452160828e+04 9.625878905999999402e-01
1.065336892452160828e+04 9.624604797000000378e-01
1.065836892452160828e+04 9.624851990000000690e-01
1.066336892452160828e+04 9.624755858999999303e-01
1.066836892452160828e+04 9.623317719000000769e-01
1.067336892452160828e+04 9.624293517999999992e-01
1.067836892452160828e+04 9.623786162999999894e-01
1.068336892452160828e+04 9.623345947000000455e-01
1.068836892452160828e+04 9.623019408999999857e-01
1.069336892452160828e+04 9.622788239000000798e-01
1.069836892452160828e+04 9.622525786999999164e-01
1.070336892452160828e+04 9.622466278000000317e-01
1.070836892452160828e+04 9.621913146999999666e-01
1.071336892452160828e+04 9.622029114000000272e-01
1.071836892452160828e+04 9.620309448000000652e-01
1.072336892452160828e+04 9.620594787999999786e-01
1.072836892452160828e+04 9.619629668999999383e-01
1.073336892452160828e+04 9.619989013999998839e-01
1.073836892452160828e+04 9.620561217999999970e-01
1.074336892452160828e+04 9.619105530000000570e-01
1.074836892452160828e+04 9.619198608000000261e-01
1.075336892452160828e+04 9.620874023000000053e-01
1.075836892452160828e+04 9.617902374000000254e-01
1.076336892452160828e+04 9.617443848000000184e-01
1.076836892452160828e+04 9.620693206999999525e-01
1.077336892452160828e+04 9.617661284999999838e-01
1.077836892452160828e+04 9.617896270999999331e-01
1.078336892452160828e+04 9.616011810000000271e-01
1.078836892452160828e+04 9.615852356000000878e-01
1.079336892452160828e+04 9.615789032000000569e-01
1.079836892452160828e+04 9.615458678999999620e-01
1.080336892452160828e+04 9.615333556999999809e-01
1.080836892452160828e+04 9.614931488000000304e-01
1.081336892452160828e+04 9.613658142000000018e-01
1.081836892452160828e+04 9.613993073000000056e-01
1.082336892452160828e+04 9.613273621000000269e-01
1.082836892452160828e+04 9.614122771999999983e-01
1.083336892452160828e+04 9.613220977999999972e-01
1.083836892452160828e+04 9.611278534000000651e-01
1.084336892452160828e+04 9.612269592000000085e-01
1.084836892452160828e+04 9.611575317000000673e-01
1.085336892452160828e+04 9.610561371000000408e-01
1.085836892452160828e+04 9.610616302000000166e-01
1.086336892452160828e+04 9.609710692999999804e-01
1.086836892452160828e+04 9.608083344000000192e-01
1.087336892452160828e+04 9.610269927999999240e-01
1.087836892452160828e+04 9.608322143999999954e-01
1.088336892452160828e+04 9.607597351000000119e-01
1.088836892452160828e+04 9.608504486000000178e-01
1.089336892452160828e+04 9.606832122999999779e-01
1.089836892452160828e+04 9.606651306000000279e-01
1.090336892452160828e+04 9.606906128000000100e-01
1.090836892452160828e+04 9.606272887999999233e-01
1.091336892452160828e+04 9.605974578999999514e-01
1.091836892452160828e+04 9.605194092000001183e-01
1.092336892452160828e+04 9.604291533999999020e-01
1.092836892452160828e+04 9.604827880999999845e-01
1.093336892452160828e+04 9.603310394000000860e-01
1.093836892452160828e+04 9.602889251999999765e-01
1.094336892452160828e+04 9.602693176000000053e-01
1.094836892452160828e+04 9.602227019999999280e-01
1.095336892452160828e+04 9.601195525999999258e-01
1.095836892452160828e+04 9.601395415999999239e-01
1.096336892452160828e+04 9.600962830000000503e-01
1.096836892452160828e+04 9.600712584999999688e-01
1.097336892452160828e+04 9.600811767999999358e-01
1.097836892452160828e+04 9.600164032000000347e-01
1.098336892452160828e+04 9.598978424000000897e-01
1.098836892452160828e+04 9.597614287999999272e-01
1.099336892452160828e+04 9.597766113000000265e-01
1.099836892452160828e+04 9.597373961999999814e-01
1.100336892452160828e+04 9.595398711999999497e-01
1.100836892452160828e+04 9.597130584999998826e-01
1.101336892452160828e+04 9.595330047999999223e-01
1.101836892452160828e+04 9.594982147000000738e-01
1.102336892452160828e+04 9.595934296000000474e-01
1.102836892452160828e+04 9.593752288999999323e-01
1.103336892452160828e+04 9.593852997000000826e-01
1.103836892452160828e+04 9.594875335999999422e-01
1.104336892452160828e+04 9.593955230999999806e-01
1.104836892452160828e+04 9.591957091999999685e-01
1.105336892452160828e+04 9.593219756999999959e-01
1.105836892452160828e+04 9.592649077999999552e-01
1.106336892452160828e+04 9.590518188000000110e-01
1.106836892452160828e+04 9.590967559999999947e-01
1.107336892452160828e+04 9.589603424000000542e-01
1.107836892452160828e+04 9.590938568000000330e-01
1.108336892452160828e+04 9.589012908999999807e-01
1.108836892452160828e+04 9.588363646999999990e-01
