3.000000000000000000e+03 1.686740000000000049e-05
3.005000000000000000e+03 1.494820999999999931e-05
3.010000000000000000e+03 1.512915000000000066e-05
3.015000000000000000e+03 1.637542000000000050e-05
3.020000000000000000e+03 1.532859000000000023e-05
3.025000000000000000e+03 1.556316999999999824e-05
3.030000000000000000e+03 1.577152000000000108e-05
3.035000000000000000e+03 1.531930000000000086e-05
3.040000000000000000e+03 1.707615999999999813e-05
3.045000000000000000e+03 1.652401000000000038e-05
3.050000000000000000e+03 1.541027999999999910e-05
3.055000000000000000e+03 1.544145999999999835e-05
3.060000000000000000e+03 1.561377000000000077e-05
3.065000000000000000e+03 1.643927000000000159e-05
3.070000000000000000e+03 1.426043000000000028e-05
3.075000000000000000e+03 1.615303999999999875e-05
3.080000000000000000e+03 1.556448999999999910e-05
3.085000000000000000e+03 1.515784000000000021e-05
3.090000000000000000e+03 1.544847000000000085e-05
3.095000000000000000e+03 1.579249000000000099e-05
3.100000000000000000e+03 1.557976000000000006e-05
3.105000000000000000e+03 1.554478999999999995e-05
3.110000000000000000e+03 1.580408999999999932e-05
3.115000000000000000e+03 1.452729999999999896e-05
3.120000000000000000e+03 1.512728000000000029e-05
3.125000000000000000e+03 1.506430999999999977e-05
3.130000000000000000e+03 1.599774000000000042e-05
3.135000000000000000e+03 1.532828999999999957e-05
3.140000000000000000e+03 1.547027999999999853e-05
3.145000000000000000e+03 1.632481000000000066e-05
3.150000000000000000e+03 1.444923000000000091e-05
3.155000000000000000e+03 1.498940999999999986e-05
3.160000000000000000e+03 1.568783999999999852e-05
3.165000000000000000e+03 1.591294999999999814e-05
3.170000000000000000e+03 1.546374000000000180e-05
3.175000000000000000e+03 1.652567000000000131e-05
3.180000000000000000e+03 1.566071000000000138e-05
3.185000000000000000e+03 1.517111000000000017e-05
3.190000000000000000e+03 1.687067999999999955e-05
3.195000000000000000e+03 1.598220999999999821e-05
3.200000000000000000e+03 1.531660000000000172e-05
3.205000000000000000e+03 1.655886000000000226e-05
3.210000000000000000e+03 1.608317000000000004e-05
3.215000000000000000e+03 1.578890000000000057e-05
3.220000000000000000e+03 1.774006000000000037e-05
3.225000000000000000e+03 1.616246000000000043e-05
3.230000000000000000e+03 1.542095000000000014e-05
3.235000000000000000e+03 1.580050999999999960e-05
3.240000000000000000e+03 1.646130000000000111e-05
3.245000000000000000e+03 1.591110000000000086e-05
3.250000000000000000e+03 1.554636000000000136e-05
3.255000000000000000e+03 1.454066000000000013e-05
3.260000000000000000e+03 1.503284999999999957e-05
3.265000000000000000e+03 1.510854000000000053e-05
3.270000000000000000e+03 1.638966000000000056e-05
3.275000000000000000e+03 1.556785000000000037e-05
3.280000000000000000e+03 1.556618999999999944e-05
3.285000000000000000e+03 1.445877999999999983e-05
3.290000000000000000e+03 1.757361000000000131e-05
3.295000000000000000e+03 1.702466000000000041e-05
3.300000000000000000e+03 1.569244000000000183e-05
3.305000000000000000e+03 1.647355000000000087e-05
3.310000000000000000e+03 1.595614000000000068e-05
3.315000000000000000e+03 1.617389000000000042e-05
3.320000000000000000e+03 1.473396999999999947e-05
3.325000000000000000e+03 1.656145000000000048e-05
3.330000000000000000e+03 1.601583999999999945e-05
3.335000000000000000e+03 1.619947000000000094e-05
3.340000000000000000e+03 1.626783999999999975e-05
3.345000000000000000e+03 1.529804000000000100e-05
3.350000000000000000e+03 1.600986000000000124e-05
3.355000000000000000e+03 1.626859000000000139e-05
3.360000000000000000e+03 1.525890999999999787e-05
3.365000000000000000e+03 1.571230000000000201e-05
3.370000000000000000e+03 1.566227999999999940e-05
3.375000000000000000e+03 1.715481000000000118e-05
3.380000000000000000e+03 1.672562999999999998e-05
3.385000000000000000e+03 1.740084999999999790e-05
3.390000000000000000e+03 1.633040000000000208e-05
3.395000000000000000e+03 1.692131000000000079e-05
3.400000000000000000e+03 1.778842999999999936e-05
3.405000000000000000e+03 1.619002999999999786e-05
3.410000000000000000e+03 1.695852999999999906e-05
3.415000000000000000e+03 1.701151999999999938e-05
3.420000000000000000e+03 1.663495999999999972e-05
3.425000000000000000e+03 1.672336000000000043e-05
3.430000000000000000e+03 1.832494999999999808e-05
3.435000000000000000e+03 1.666858000000000025e-05
3.440000000000000000e+03 1.739622999999999997e-05
3.445000000000000000e+03 1.586268999999999906e-05
3.450000000000000000e+03 1.797670000000000019e-05
3.455000000000000000e+03 1.533806999999999933e-05
3.460000000000000000e+03 1.804419000000000181e-05
3.465000000000000000e+03 1.588780000000000059e-05
3.470000000000000000e+03 1.804020000000000051e-05
3.475000000000000000e+03 1.587773999999999818e-05
3.480000000000000000e+03 1.679468999999999962e-05
3.485000000000000000e+03 1.826132999999999953e-05
3.490000000000000000e+03 1.623235999999999784e-05
3.495000000000000000e+03 1.566566999999999938e-05
3.500000000000000000e+03 1.835473000000000104e-05
3.505000000000000000e+03 1.651415999999999911e-05
3.510000000000000000e+03 1.791205000000000073e-05
3.515000000000000000e+03 1.644241999999999834e-05
3.520000000000000000e+03 1.740070999999999827e-05
3.525000000000000000e+03 1.734017000000000173e-05
3.530000000000000000e+03 1.528709999999999802e-05
3.535000000000000000e+03 1.754251999999999819e-05
3.540000000000000000e+03 1.619652999999999856e-05
3.545000000000000000e+03 1.681133000000000155e-05
3.550000000000000000e+03 1.547050000000000036e-05
3.555000000000000000e+03 1.629184000000000155e-05
3.560000000000000000e+03 1.654901000000000099e-05
3.565000000000000000e+03 1.636847000000000220e-05
3.570000000000000000e+03 1.760108999999999922e-05
3.575000000000000000e+03 1.781150000000000048e-05
3.580000000000000000e+03 1.640526000000000088e-05
3.585000000000000000e+03 1.780733000000000015e-05
3.590000000000000000e+03 1.653879999999999825e-05
3.595000000000000000e+03 1.646202000000000066e-05
3.600000000000000000e+03 1.762784000000000028e-05
3.605000000000000000e+03 1.732497999999999959e-05
3.610000000000000000e+03 1.750300999999999897e-05
3.615000000000000000e+03 1.612696000000000051e-05
3.620000000000000000e+03 1.693953000000000144e-05
3.625000000000000000e+03 1.603925000000000064e-05
3.630000000000000000e+03 1.654728999999999925e-05
3.635000000000000000e+03 1.493607000000000047e-05
3.640000000000000000e+03 1.605034000000000056e-05
3.645000000000000000e+03 1.695847999999999895e-05
3.650000000000000000e+03 1.745913999999999967e-05
3.655000000000000000e+03 1.559156999999999953e-05
3.660000000000000000e+03 1.708840000000000058e-05
3.665000000000000000e+03 1.595604000000000046e-05
3.670000000000000000e+03 1.614340999999999931e-05
3.675000000000000000e+03 1.553581999999999926e-05
3.680000000000000000e+03 1.673082000000000052e-05
3.685000000000000000e+03 1.683343999999999989e-05
3.690000000000000000e+03 1.674722999999999991e-05
3.695000000000000000e+03 1.588961000000000185e-05
3.700000000000000000e+03 1.705198000000000068e-05
3.705000000000000000e+03 1.711060999999999913e-05
3.710000000000000000e+03 1.766180999999999819e-05
3.715000000000000000e+03 1.694282000000000120e-05
3.720000000000000000e+03 1.679897999999999819e-05
3.725000000000000000e+03 1.581798999999999930e-05
3.730000000000000000e+03 1.697354000000000216e-05
3.735000000000000000e+03 1.638976000000000078e-05
3.740000000000000000e+03 1.699484000000000143e-05
3.745000000000000000e+03 1.632685999999999838e-05
3.750000000000000000e+03 1.709529999999999877e-05
3.755000000000000000e+03 1.700147000000000106e-05
3.760000000000000000e+03 1.651590999999999956e-05
3.765000000000000000e+03 1.583706999999999913e-05
3.770000000000000000e+03 1.870331999999999900e-05
3.775000000000000000e+03 1.776013999999999900e-05
3.780000000000000000e+03 1.675442000000000145e-05
3.785000000000000000e+03 1.690935000000000100e-05
3.790000000000000000e+03 1.588419999999999947e-05
3.795000000000000000e+03 1.755850999999999869e-05
3.800000000000000000e+03 1.685728999999999797e-05
3.805000000000000000e+03 1.481310000000000053e-05
3.810000000000000000e+03 1.662070999999999896e-05
3.815000000000000000e+03 1.617246999999999934e-05
3.820000000000000000e+03 1.701338000000000074e-05
3.825000000000000000e+03 1.625561000000000139e-05
3.830000000000000000e+03 1.662288000000000169e-05
3.835000000000000000e+03 1.846278000000000079e-05
3.840000000000000000e+03 1.726835999999999944e-05
3.845000000000000000e+03 1.748435000000000142e-05
3.850000000000000000e+03 1.748947000000000045e-05
3.855000000000000000e+03 1.658054000000000101e-05
3.860000000000000000e+03 1.756222999999999804e-05
3.865000000000000000e+03 1.801100000000000086e-05
3.870000000000000000e+03 1.826871000000000080e-05
3.875000000000000000e+03 1.846835999999999812e-05
3.880000000000000000e+03 1.643160000000000036e-05
3.885000000000000000e+03 1.918352999999999893e-05
3.890000000000000000e+03 1.880642000000000145e-05
3.895000000000000000e+03 1.743631000000000179e-05
3.900000000000000000e+03 1.778530000000000063e-05
3.905000000000000000e+03 1.763225999999999777e-05
3.910000000000000000e+03 1.768221999999999958e-05
3.915000000000000000e+03 1.707844999999999909e-05
3.920000000000000000e+03 1.727608999999999810e-05
3.925000000000000000e+03 1.777777999999999973e-05
3.930000000000000000e+03 1.678312000000000000e-05
3.935000000000000000e+03 1.768627999999999899e-05
3.940000000000000000e+03 1.832815000000000171e-05
3.945000000000000000e+03 1.758359999999999882e-05
3.950000000000000000e+03 1.767174000000000167e-05
3.955000000000000000e+03 1.666292000000000071e-05
3.960000000000000000e+03 1.735402000000000160e-05
3.965000000000000000e+03 1.728673999999999773e-05
3.970000000000000000e+03 1.738801000000000092e-05
3.975000000000000000e+03 1.666880999999999940e-05
3.980000000000000000e+03 1.672643999999999905e-05
3.985000000000000000e+03 1.778773000000000122e-05
3.990000000000000000e+03 1.767643000000000111e-05
3.995000000000000000e+03 1.751771000000000071e-05
4.000000000000000000e+03 1.754199999999999908e-05
4.005000000000000000e+03 1.626988999999999747e-05
4.010000000000000000e+03 1.668711999999999957e-05
4.015000000000000000e+03 1.813687000000000038e-05
4.020000000000000000e+03 1.789109999999999884e-05
4.025000000000000000e+03 1.779533000000000094e-05
4.030000000000000000e+03 1.967434000000000178e-05
4.035000000000000000e+03 1.769354999999999935e-05
4.040000000000000000e+03 1.766318999999999986e-05
4.045000000000000000e+03 1.860727999999999915e-05
4.050000000000000000e+03 1.835790999999999988e-05
4.055000000000000000e+03 1.786647000000000040e-05
4.060000000000000000e+03 1.835302000000000000e-05
4.065000000000000000e+03 1.778029999999999983e-05
4.070000000000000000e+03 1.798315000000000078e-05
4.075000000000000000e+03 1.737954999999999863e-05
4.080000000000000000e+03 1.772472000000000129e-05
4.085000000000000000e+03 1.863222999999999965e-05
4.090000000000000000e+03 1.813331000000000206e-05
4.095000000000000000e+03 1.656801000000000199e-05
4.100000000000000000e+03 1.762219000000000144e-05
4.105000000000000000e+03 1.758241000000000027e-05
4.110000000000000000e+03 1.779334000000000064e-05
4.115000000000000000e+03 1.695749000000000084e-05
4.120000000000000000e+03 1.811207000000000021e-05
4.125000000000000000e+03 1.767027999999999779e-05
4.130000000000000000e+03 1.828112999999999890e-05
4.135000000000000000e+03 1.758811000000000261e-05
4.140000000000000000e+03 1.745571999999999760e-05
4.145000000000000000e+03 1.741310999999999836e-05
4.150000000000000000e+03 1.865568000000000025e-05
4.155000000000000000e+03 1.723551000000000195e-05
4.160000000000000000e+03 1.750730999999999823e-05
4.165000000000000000e+03 1.789146000000000031e-05
4.170000000000000000e+03 1.878325000000000011e-05
4.175000000000000000e+03 1.854367000000000130e-05
4.180000000000000000e+03 1.808500000000000049e-05
4.185000000000000000e+03 1.838559999999999893e-05
4.190000000000000000e+03 1.779169000000000041e-05
4.195000000000000000e+03 1.809436000000000136e-05
4.200000000000000000e+03 1.827209000000000008e-05
4.205000000000000000e+03 1.824248999999999955e-05
4.210000000000000000e+03 1.749770000000000020e-05
4.215000000000000000e+03 1.757456000000000000e-05
4.220000000000000000e+03 1.791834000000000029e-05
4.225000000000000000e+03 1.801814000000000228e-05
4.230000000000000000e+03 1.829928000000000143e-05
4.235000000000000000e+03 1.660709999999999894e-05
4.240000000000000000e+03 1.665568000000000246e-05
4.245000000000000000e+03 1.725076000000000151e-05
4.250000000000000000e+03 1.780683999999999975e-05
4.255000000000000000e+03 1.862258000000000221e-05
4.260000000000000000e+03 1.827539999999999785e-05
4.265000000000000000e+03 1.707228999999999846e-05
4.270000000000000000e+03 1.746986999999999813e-05
4.275000000000000000e+03 1.920549000000000033e-05
4.280000000000000000e+03 1.862362999999999774e-05
4.285000000000000000e+03 1.790595000000000091e-05
4.290000000000000000e+03 1.706350000000000019e-05
4.295000000000000000e+03 1.931316000000000060e-05
4.300000000000000000e+03 1.843999999999999963e-05
4.305000000000000000e+03 1.900049999999999875e-05
4.310000000000000000e+03 1.815792000000000249e-05
4.315000000000000000e+03 1.802229000000000122e-05
4.320000000000000000e+03 1.909798999999999839e-05
4.325000000000000000e+03 1.818750999999999894e-05
4.330000000000000000e+03 1.760882000000000126e-05
4.335000000000000000e+03 1.679773999999999954e-05
4.340000000000000000e+03 1.771783000000000041e-05
4.345000000000000000e+03 1.815893999999999931e-05
4.350000000000000000e+03 1.799478000000000121e-05
4.355000000000000000e+03 1.807189999999999887e-05
4.360000000000000000e+03 1.852783000000000113e-05
4.365000000000000000e+03 1.726534999999999894e-05
4.370000000000000000e+03 1.741659000000000124e-05
4.375000000000000000e+03 1.933327999999999864e-05
4.380000000000000000e+03 1.807309999999999811e-05
4.385000000000000000e+03 1.741740000000000031e-05
4.390000000000000000e+03 1.698263999999999839e-05
4.395000000000000000e+03 1.804341000000000145e-05
4.400000000000000000e+03 1.777233999999999864e-05
4.405000000000000000e+03 1.818130000000000158e-05
4.410000000000000000e+03 1.731972000000000093e-05
4.415000000000000000e+03 1.756222000000000073e-05
4.420000000000000000e+03 1.762944000000000040e-05
4.425000000000000000e+03 1.871000000000000213e-05
4.430000000000000000e+03 1.723648999999999936e-05
4.435000000000000000e+03 1.821129999999999960e-05
4.440000000000000000e+03 1.764006000000000132e-05
4.445000000000000000e+03 1.829314999999999950e-05
4.450000000000000000e+03 1.729293999999999778e-05
4.455000000000000000e+03 1.862037000000000007e-05
4.460000000000000000e+03 1.870395999999999973e-05
4.465000000000000000e+03 1.854905999999999889e-05
4.470000000000000000e+03 1.711258999999999873e-05
4.475000000000000000e+03 1.719086999999999962e-05
4.480000000000000000e+03 1.703950000000000177e-05
4.485000000000000000e+03 1.710141999999999999e-05
4.490000000000000000e+03 1.735095000000000029e-05
4.495000000000000000e+03 1.757757000000000050e-05
4.500000000000000000e+03 1.720810999999999947e-05
4.505000000000000000e+03 1.712028999999999868e-05
4.510000000000000000e+03 1.671404999999999966e-05
4.515000000000000000e+03 1.657497000000000099e-05
4.520000000000000000e+03 1.720566000000000088e-05
4.525000000000000000e+03 1.697832000000000112e-05
4.530000000000000000e+03 1.674431000000000232e-05
4.535000000000000000e+03 1.709767999999999924e-05
4.540000000000000000e+03 1.762476000000000166e-05
4.545000000000000000e+03 1.632052999999999941e-05
4.550000000000000000e+03 1.927533000000000032e-05
4.555000000000000000e+03 1.742187999999999861e-05
4.560000000000000000e+03 1.837402999999999931e-05
4.565000000000000000e+03 1.847474000000000059e-05
4.570000000000000000e+03 1.802302000000000147e-05
4.575000000000000000e+03 1.859258000000000080e-05
4.580000000000000000e+03 1.818530000000000019e-05
4.585000000000000000e+03 1.872729000000000209e-05
4.590000000000000000e+03 1.907283000000000014e-05
4.595000000000000000e+03 1.830664999999999861e-05
4.600000000000000000e+03 1.809885000000000037e-05
4.605000000000000000e+03 1.807110000000000050e-05
4.610000000000000000e+03 1.807657000000000030e-05
4.615000000000000000e+03 1.814792000000000090e-05
4.620000000000000000e+03 1.850086999999999893e-05
4.625000000000000000e+03 1.863835000000000087e-05
4.630000000000000000e+03 1.940872000000000075e-05
4.635000000000000000e+03 1.829491000000000065e-05
4.640000000000000000e+03 1.942283999999999919e-05
4.645000000000000000e+03 1.890023999999999846e-05
4.650000000000000000e+03 1.888740000000000148e-05
4.655000000000000000e+03 1.966021999999999995e-05
4.660000000000000000e+03 1.725632000000000083e-05
4.665000000000000000e+03 1.856973999999999883e-05
4.670000000000000000e+03 1.865534000000000018e-05
4.675000000000000000e+03 1.871392999999999923e-05
4.680000000000000000e+03 1.844003999999999904e-05
4.685000000000000000e+03 1.961025000000000084e-05
4.690000000000000000e+03 1.870036000000000200e-05
4.695000000000000000e+03 1.945056000000000034e-05
4.700000000000000000e+03 1.863457000000000072e-05
4.705000000000000000e+03 2.012340999999999848e-05
4.710000000000000000e+03 1.932365999999999991e-05
4.715000000000000000e+03 1.966699000000000260e-05
4.720000000000000000e+03 2.027828000000000060e-05
4.725000000000000000e+03 1.944267000000000065e-05
4.730000000000000000e+03 1.951033999999999793e-05
4.735000000000000000e+03 2.032082999999999904e-05
4.740000000000000000e+03 2.001546999999999625e-05
4.745000000000000000e+03 1.964037000000000047e-05
4.750000000000000000e+03 2.110811000000000279e-05
4.755000000000000000e+03 1.945085000000000030e-05
4.760000000000000000e+03 2.067446000000000060e-05
4.765000000000000000e+03 2.051523999999999909e-05
4.770000000000000000e+03 2.065223000000000064e-05
4.775000000000000000e+03 1.986318999999999913e-05
4.780000000000000000e+03 2.053964000000000178e-05
4.785000000000000000e+03 2.031741000000000035e-05
4.790000000000000000e+03 1.973498999999999924e-05
4.795000000000000000e+03 2.175959000000000015e-05
4.800000000000000000e+03 2.121998999999999942e-05
4.805000000000000000e+03 2.010081999999999706e-05
4.810000000000000000e+03 2.073250999999999913e-05
4.815000000000000000e+03 2.184270000000000010e-05
4.820000000000000000e+03 2.311578999999999912e-05
4.825000000000000000e+03 2.139638999999999997e-05
4.830000000000000000e+03 2.086918000000000201e-05
4.835000000000000000e+03 2.182152000000000245e-05
4.840000000000000000e+03 2.197760000000000113e-05
4.845000000000000000e+03 2.058323999999999912e-05
4.850000000000000000e+03 2.176693999999999932e-05
4.855000000000000000e+03 2.096928000000000127e-05
4.860000000000000000e+03 2.154659000000000066e-05
4.865000000000000000e+03 2.141567000000000023e-05
4.870000000000000000e+03 2.289294999999999907e-05
4.875000000000000000e+03 2.161887999999999926e-05
4.880000000000000000e+03 2.072001999999999953e-05
4.885000000000000000e+03 2.169383999999999828e-05
4.890000000000000000e+03 2.205804000000000065e-05
4.895000000000000000e+03 2.117168999999999854e-05
4.900000000000000000e+03 2.128081999999999931e-05
4.905000000000000000e+03 2.157071999999999801e-05
4.910000000000000000e+03 2.100015000000000255e-05
4.915000000000000000e+03 2.130882000000000311e-05
4.920000000000000000e+03 2.008319000000000041e-05
4.925000000000000000e+03 2.074647000000000332e-05
4.930000000000000000e+03 2.046548000000000112e-05
4.935000000000000000e+03 1.954087000000000253e-05
4.940000000000000000e+03 2.125291999999999912e-05
4.945000000000000000e+03 2.151202000000000143e-05
4.950000000000000000e+03 2.058196999999999837e-05
4.955000000000000000e+03 2.051549000000000303e-05
4.960000000000000000e+03 2.031499000000000046e-05
4.965000000000000000e+03 2.064027999999999816e-05
4.970000000000000000e+03 2.149045000000000022e-05
4.975000000000000000e+03 2.064828999999999946e-05
4.980000000000000000e+03 2.073869999999999848e-05
4.985000000000000000e+03 1.951720000000000009e-05
4.990000000000000000e+03 2.100074999999999709e-05
4.995000000000000000e+03 1.947209000000000215e-05
5.000000000000000000e+03 1.906269999999999962e-05
5.005000000000000000e+03 2.029050000000000165e-05
5.010000000000000000e+03 2.013402999999999940e-05
5.015000000000000000e+03 1.970557000000000114e-05
5.020000000000000000e+03 2.083155999999999948e-05
5.025000000000000000e+03 2.015943000000000089e-05
5.030000000000000000e+03 1.958792000000000066e-05
5.035000000000000000e+03 1.909969000000000212e-05
5.040000000000000000e+03 2.014716000000000312e-05
5.045000000000000000e+03 2.000847000000000123e-05
5.050000000000000000e+03 1.857743000000000146e-05
5.055000000000000000e+03 1.877592999999999965e-05
5.060000000000000000e+03 1.850319999999999930e-05
5.065000000000000000e+03 1.778096000000000196e-05
5.070000000000000000e+03 1.777040999999999915e-05
5.075000000000000000e+03 1.799826999999999802e-05
5.080000000000000000e+03 1.956071000000000131e-05
5.085000000000000000e+03 1.823036999999999873e-05
5.090000000000000000e+03 1.826413999999999959e-05
5.095000000000000000e+03 1.755133000000000124e-05
5.100000000000000000e+03 1.756801999999999989e-05
5.105000000000000000e+03 1.791186000000000099e-05
5.110000000000000000e+03 1.757869000000000093e-05
5.115000000000000000e+03 1.777758999999999999e-05
5.120000000000000000e+03 1.733318000000000063e-05
5.125000000000000000e+03 1.799359999999999998e-05
5.130000000000000000e+03 1.706678000000000264e-05
5.135000000000000000e+03 1.623793999999999856e-05
5.140000000000000000e+03 1.688391000000000010e-05
5.145000000000000000e+03 1.650130000000000073e-05
5.150000000000000000e+03 1.706875000000000154e-05
5.155000000000000000e+03 1.742304999999999914e-05
5.160000000000000000e+03 1.681917000000000112e-05
5.165000000000000000e+03 1.644469000000000128e-05
5.170000000000000000e+03 1.572650999999999997e-05
5.175000000000000000e+03 1.546063000000000108e-05
5.180000000000000000e+03 1.665899000000000023e-05
5.185000000000000000e+03 1.554491999999999888e-05
5.190000000000000000e+03 1.637432000000000148e-05
5.195000000000000000e+03 1.556782999999999897e-05
5.200000000000000000e+03 1.683143000000000158e-05
5.205000000000000000e+03 1.690640000000000130e-05
5.210000000000000000e+03 1.808172000000000143e-05
5.215000000000000000e+03 1.840146000000000051e-05
5.220000000000000000e+03 2.067828000000000016e-05
5.225000000000000000e+03 2.378832999999999930e-05
5.230000000000000000e+03 2.762044999999999743e-05
5.235000000000000000e+03 3.393844999999999691e-05
5.240000000000000000e+03 4.110297000000000061e-05
5.245000000000000000e+03 5.323038000000000314e-05
5.250000000000000000e+03 6.913179000000000036e-05
5.255000000000000000e+03 9.258143000000000308e-05
5.260000000000000000e+03 1.233923199999999957e-04
5.265000000000000000e+03 1.641312100000000057e-04
5.270000000000000000e+03 2.186569800000000025e-04
5.275000000000000000e+03 2.931153800000000417e-04
5.280000000000000000e+03 3.888412200000000013e-04
5.285000000000000000e+03 5.141980899999999645e-04
5.290000000000000000e+03 6.818659599999999906e-04
5.295000000000000000e+03 8.907654099999999476e-04
5.300000000000000000e+03 1.160598620000000006e-03
5.305000000000000000e+03 1.508776099999999901e-03
5.310000000000000000e+03 1.940329520000000059e-03
5.315000000000000000e+03 2.469522359999999899e-03
5.320000000000000000e+03 3.128519949999999852e-03
5.325000000000000000e+03 3.942227359999999833e-03
5.330000000000000000e+03 4.931550029999999703e-03
5.335000000000000000e+03 6.135524510000000403e-03
5.340000000000000000e+03 7.591532469999999651e-03
5.345000000000000000e+03 9.315346480000000207e-03
5.350000000000000000e+03 1.134068369999999965e-02
5.355000000000000000e+03 1.377308965000000052e-02
5.360000000000000000e+03 1.657074332000000108e-02
5.365000000000000000e+03 1.983657122000000161e-02
5.370000000000000000e+03 2.367295980000000064e-02
5.375000000000000000e+03 2.802036047000000182e-02
5.380000000000000000e+03 3.295628071000000076e-02
5.385000000000000000e+03 3.855477333000000006e-02
5.390000000000000000e+03 4.485451698000000181e-02
5.395000000000000000e+03 5.185907364000000297e-02
5.400000000000000000e+03 5.971765041000000329e-02
5.405000000000000000e+03 6.844010829999999657e-02
5.410000000000000000e+03 7.788830280000000328e-02
5.415000000000000000e+03 8.814161301000000837e-02
5.420000000000000000e+03 9.944046020999999791e-02
5.425000000000000000e+03 1.113699149999999999e-01
5.430000000000000000e+03 1.241847991999999873e-01
5.435000000000000000e+03 1.380973434000000166e-01
5.440000000000000000e+03 1.525812625999999894e-01
5.445000000000000000e+03 1.678454208000000059e-01
5.450000000000000000e+03 1.839377974999999998e-01
5.455000000000000000e+03 2.006136702999999910e-01
5.460000000000000000e+03 2.179996109000000015e-01
5.465000000000000000e+03 2.360072136000000154e-01
5.470000000000000000e+03 2.545886421000000399e-01
5.475000000000000000e+03 2.736165618999999993e-01
5.480000000000000000e+03 2.925539017000000075e-01
5.485000000000000000e+03 3.120868300999999900e-01
5.490000000000000000e+03 3.318000412000000066e-01
5.495000000000000000e+03 3.516030121000000008e-01
5.500000000000000000e+03 3.720046996999999966e-01
5.505000000000000000e+03 3.918521500000000102e-01
5.510000000000000000e+03 4.116258621000000173e-01
5.515000000000000000e+03 4.316868590999999866e-01
5.520000000000000000e+03 4.514522170999999973e-01
5.525000000000000000e+03 4.710371017000000160e-01
5.530000000000000000e+03 4.903334427000000106e-01
5.535000000000000000e+03 5.094482803000000004e-01
5.540000000000000000e+03 5.281671142999999624e-01
5.545000000000000000e+03 5.462206649999999941e-01
5.550000000000000000e+03 5.642255019999999899e-01
5.555000000000000000e+03 5.815504073999999690e-01
5.560000000000000000e+03 5.985916138000000331e-01
5.565000000000000000e+03 6.153234862999999999e-01
5.570000000000000000e+03 6.312599182000000475e-01
5.575000000000000000e+03 6.467582702999998823e-01
5.580000000000000000e+03 6.617765808000000138e-01
5.585000000000000000e+03 6.761121368000000409e-01
5.590000000000000000e+03 6.898412322999999402e-01
5.595000000000000000e+03 7.032690429999999271e-01
5.600000000000000000e+03 7.160491179999999289e-01
5.605000000000000000e+03 7.282348632999999793e-01
5.610000000000000000e+03 7.398454285000000130e-01
5.615000000000000000e+03 7.510957336000000373e-01
5.620000000000000000e+03 7.615530395999999813e-01
5.625000000000000000e+03 7.716801452999999533e-01
5.630000000000000000e+03 7.814441680999999473e-01
5.635000000000000000e+03 7.905293274000000370e-01
5.640000000000000000e+03 7.991535949999999389e-01
5.645000000000000000e+03 8.074399567000000166e-01
5.650000000000000000e+03 8.151807403999999924e-01
5.655000000000000000e+03 8.224914551000001017e-01
5.660000000000000000e+03 8.296133423000000562e-01
5.665000000000000000e+03 8.363421630999999801e-01
5.670000000000000000e+03 8.426512909000000162e-01
5.675000000000000000e+03 8.487398528999999803e-01
5.680000000000000000e+03 8.544835663000001080e-01
5.685000000000000000e+03 8.600451660000000276e-01
5.690000000000000000e+03 8.652442931999999587e-01
5.695000000000000000e+03 8.702492522999999425e-01
5.700000000000000000e+03 8.749374389999999835e-01
5.705000000000000000e+03 8.794919586000000677e-01
5.710000000000000000e+03 8.838559723000000146e-01
5.715000000000000000e+03 8.879618073000000722e-01
5.720000000000000000e+03 8.919013976999999871e-01
5.725000000000000000e+03 8.958074188000000326e-01
5.730000000000000000e+03 8.993995666999999861e-01
5.735000000000000000e+03 9.029644011999999886e-01
5.740000000000000000e+03 9.061358642999999269e-01
5.745000000000000000e+03 9.093342589999999781e-01
5.750000000000000000e+03 9.122935486000000038e-01
5.755000000000000000e+03 9.151103209999998933e-01
5.760000000000000000e+03 9.177889251999999942e-01
5.765000000000000000e+03 9.203212738000000614e-01
5.770000000000000000e+03 9.226247405999999929e-01
5.775000000000000000e+03 9.248667145000000200e-01
5.780000000000000000e+03 9.269117737000001078e-01
5.785000000000000000e+03 9.288237762000000064e-01
5.790000000000000000e+03 9.305951690999999526e-01
5.795000000000000000e+03 9.322753905999999757e-01
5.800000000000000000e+03 9.337307739000000328e-01
5.805000000000000000e+03 9.351000213999999255e-01
5.810000000000000000e+03 9.363086699999999540e-01
5.815000000000000000e+03 9.374741364000001020e-01
5.820000000000000000e+03 9.384117888999999879e-01
5.825000000000000000e+03 9.393135834000000406e-01
5.830000000000000000e+03 9.401074982000000579e-01
5.835000000000000000e+03 9.408374023000000141e-01
5.840000000000000000e+03 9.415284728999999686e-01
5.845000000000000000e+03 9.420765685999999972e-01
5.850000000000000000e+03 9.425613402999999391e-01
5.855000000000000000e+03 9.430347442999998941e-01
5.860000000000000000e+03 9.434523009999999932e-01
5.865000000000000000e+03 9.438220214999999413e-01
5.870000000000000000e+03 9.443189239999999485e-01
5.875000000000000000e+03 9.445936584000000913e-01
5.880000000000000000e+03 9.449851989999999979e-01
5.885000000000000000e+03 9.452557373000000096e-01
5.890000000000000000e+03 9.457154845999999893e-01
5.895000000000000000e+03 9.460499572999999662e-01
5.900000000000000000e+03 9.463954925999999990e-01
5.905000000000000000e+03 9.467172241000000321e-01
5.910000000000000000e+03 9.472471618999999121e-01
5.915000000000000000e+03 9.476148224000000564e-01
5.920000000000000000e+03 9.480049133000000294e-01
5.925000000000000000e+03 9.484898375999999409e-01
5.930000000000000000e+03 9.489615630999999052e-01
5.935000000000000000e+03 9.494676208000000228e-01
5.940000000000000000e+03 9.499248504999999732e-01
5.945000000000000000e+03 9.504409790000000191e-01
5.950000000000000000e+03 9.509581756999999635e-01
5.955000000000000000e+03 9.515280151000000686e-01
5.960000000000000000e+03 9.520113372999999823e-01
5.965000000000000000e+03 9.525822448999999859e-01
5.970000000000000000e+03 9.530178832999999239e-01
5.975000000000000000e+03 9.535934448000000785e-01
5.980000000000000000e+03 9.540589141999999967e-01
5.985000000000000000e+03 9.544812775000000027e-01
5.990000000000000000e+03 9.548657989999999041e-01
5.995000000000000000e+03 9.553171539000000489e-01
6.000000000000000000e+03 9.556981659000000073e-01
6.005000000000000000e+03 9.560086060000000385e-01
6.010000000000000000e+03 9.562834166999999441e-01
6.015000000000000000e+03 9.565460967999999120e-01
6.020000000000000000e+03 9.567813109999999677e-01
6.025000000000000000e+03 9.570397185999999223e-01
6.030000000000000000e+03 9.571672058000000316e-01
6.035000000000000000e+03 9.572651672000001000e-01
6.040000000000000000e+03 9.573744965000000606e-01
6.045000000000000000e+03 9.574110412999999875e-01
6.050000000000000000e+03 9.575350188999999235e-01
6.055000000000000000e+03 9.574945067999999226e-01
6.060000000000000000e+03 9.575808716000000498e-01
6.065000000000000000e+03 9.574597167999999714e-01
6.070000000000000000e+03 9.574536132999998950e-01
6.075000000000000000e+03 9.573768615999999065e-01
6.080000000000000000e+03 9.574290465999999444e-01
6.085000000000000000e+03 9.573729706000000395e-01
6.090000000000000000e+03 9.572665404999999295e-01
6.095000000000000000e+03 9.571828460999999288e-01
6.100000000000000000e+03 9.571366881999999743e-01
6.105000000000000000e+03 9.570878601000000208e-01
6.110000000000000000e+03 9.570760344999998948e-01
6.115000000000000000e+03 9.569722747999999113e-01
6.120000000000000000e+03 9.569618988000000437e-01
6.125000000000000000e+03 9.569697570999999847e-01
6.130000000000000000e+03 9.569695282000000303e-01
6.135000000000000000e+03 9.569695282000000303e-01
6.140000000000000000e+03 9.570715332000000464e-01
6.145000000000000000e+03 9.570584868999999495e-01
6.150000000000000000e+03 9.570756531000000900e-01
6.155000000000000000e+03 9.572557831000000350e-01
6.160000000000000000e+03 9.572529602000000581e-01
6.165000000000000000e+03 9.574013519000000860e-01
6.170000000000000000e+03 9.575045013000000882e-01
6.175000000000000000e+03 9.576859282999999889e-01
6.180000000000000000e+03 9.577244568000000680e-01
6.185000000000000000e+03 9.578540039000000839e-01
6.190000000000000000e+03 9.580995941000000071e-01
6.195000000000000000e+03 9.581924438000000155e-01
6.200000000000000000e+03 9.584008789000000306e-01
6.205000000000000000e+03 9.585498810000000480e-01
6.210000000000000000e+03 9.587480163999999583e-01
6.215000000000000000e+03 9.589339447000000405e-01
6.220000000000000000e+03 9.591000365999999833e-01
6.225000000000000000e+03 9.593108367999999553e-01
6.230000000000000000e+03 9.594630431999999765e-01
6.235000000000000000e+03 9.595433807000000037e-01
6.240000000000000000e+03 9.597778319999999974e-01
6.245000000000000000e+03 9.599771880999999896e-01
6.250000000000000000e+03 9.599906158000000023e-01
6.255000000000000000e+03 9.601510619999999996e-01
6.260000000000000000e+03 9.602420043999999599e-01
6.265000000000000000e+03 9.603798675999999368e-01
6.270000000000000000e+03 9.604218291999999657e-01
6.275000000000000000e+03 9.604824066000000604e-01
6.280000000000000000e+03 9.605607605000000548e-01
6.285000000000000000e+03 9.605834197999999491e-01
6.290000000000000000e+03 9.606139374000000064e-01
6.295000000000000000e+03 9.605808258000000377e-01
6.300000000000000000e+03 9.605868529999999073e-01
6.305000000000000000e+03 9.604853058000000221e-01
6.310000000000000000e+03 9.603253936999999185e-01
6.315000000000000000e+03 9.602848815999999177e-01
6.320000000000000000e+03 9.600509644000000398e-01
6.325000000000000000e+03 9.598560333000000222e-01
6.330000000000000000e+03 9.597376251000000469e-01
6.335000000000000000e+03 9.594155883999999634e-01
6.340000000000000000e+03 9.591770934999999110e-01
6.345000000000000000e+03 9.588301848999999377e-01
6.350000000000000000e+03 9.584722137000000197e-01
6.355000000000000000e+03 9.581208800999999609e-01
6.360000000000000000e+03 9.577957152999999613e-01
6.365000000000000000e+03 9.573929596000000375e-01
6.370000000000000000e+03 9.568827057000000025e-01
6.375000000000000000e+03 9.564959717000001138e-01
6.380000000000000000e+03 9.559423065000000053e-01
6.385000000000000000e+03 9.554495239000000417e-01
6.390000000000000000e+03 9.549060058999999656e-01
6.395000000000000000e+03 9.543856049000000175e-01
6.400000000000000000e+03 9.537477874999999994e-01
6.405000000000000000e+03 9.532708739999999903e-01
6.410000000000000000e+03 9.526136780000000748e-01
6.415000000000000000e+03 9.520259093999999811e-01
6.420000000000000000e+03 9.514802551000000053e-01
6.425000000000000000e+03 9.509147643999998900e-01
6.430000000000000000e+03 9.504167175000000078e-01
6.435000000000000000e+03 9.498129271999999901e-01
6.440000000000000000e+03 9.493803406000000944e-01
6.445000000000000000e+03 9.488002776999999721e-01
6.450000000000000000e+03 9.483686065999999970e-01
6.455000000000000000e+03 9.480339813000000504e-01
6.460000000000000000e+03 9.476224517999999319e-01
6.465000000000000000e+03 9.472061157000000176e-01
6.470000000000000000e+03 9.469705963000000226e-01
6.475000000000000000e+03 9.466952515000000012e-01
6.480000000000000000e+03 9.465254211000000417e-01
6.485000000000000000e+03 9.465019225999999897e-01
6.490000000000000000e+03 9.463512420999999897e-01
6.495000000000000000e+03 9.463455963000000359e-01
6.500000000000000000e+03 9.464339447000000849e-01
6.505000000000000000e+03 9.465245056000000101e-01
6.510000000000000000e+03 9.467381287000000700e-01
6.515000000000000000e+03 9.468705749999999366e-01
6.520000000000000000e+03 9.472898865000000113e-01
6.525000000000000000e+03 9.476129912999999849e-01
6.530000000000000000e+03 9.479803467000000872e-01
6.535000000000000000e+03 9.484438323999999643e-01
6.540000000000000000e+03 9.489624023000000630e-01
6.545000000000000000e+03 9.494842529000000475e-01
6.550000000000000000e+03 9.500297546000000537e-01
6.555000000000000000e+03 9.506053162000001056e-01
6.560000000000000000e+03 9.512063599000000202e-01
6.565000000000000000e+03 9.519423675999999501e-01
6.570000000000000000e+03 9.524275969999999036e-01
6.575000000000000000e+03 9.530985260000000014e-01
6.580000000000000000e+03 9.536798095999999836e-01
6.585000000000000000e+03 9.541773224000000830e-01
6.590000000000000000e+03 9.547420502000000253e-01
6.595000000000000000e+03 9.552173614999999174e-01
6.600000000000000000e+03 9.558139800999999602e-01
6.605000000000000000e+03 9.561553191999999646e-01
6.610000000000000000e+03 9.564370728000000099e-01
6.615000000000000000e+03 9.567915343999999767e-01
6.620000000000000000e+03 9.570299529999999333e-01
6.625000000000000000e+03 9.572774506000000239e-01
6.630000000000000000e+03 9.573892975000000138e-01
6.635000000000000000e+03 9.574687195000000095e-01
6.640000000000000000e+03 9.574729155999999186e-01
6.645000000000000000e+03 9.575543213000000664e-01
6.650000000000000000e+03 9.574825287000000573e-01
6.655000000000000000e+03 9.573999786000000345e-01
6.660000000000000000e+03 9.572700500000000945e-01
6.665000000000000000e+03 9.571959686000000023e-01
6.670000000000000000e+03 9.570994568000000813e-01
6.675000000000000000e+03 9.570010375999999930e-01
6.680000000000000000e+03 9.569293976000000645e-01
6.685000000000000000e+03 9.568893432999999726e-01
6.690000000000000000e+03 9.568332671999999484e-01
6.695000000000000000e+03 9.568453216999999178e-01
6.700000000000000000e+03 9.569381713999999262e-01
6.705000000000000000e+03 9.570188141000000037e-01
6.710000000000000000e+03 9.570938110000000165e-01
6.715000000000000000e+03 9.571613311999999096e-01
6.720000000000000000e+03 9.573793030000000703e-01
6.725000000000000000e+03 9.575282287999999919e-01
6.730000000000000000e+03 9.577674865999999954e-01
6.735000000000000000e+03 9.573431395999999483e-01
6.740000000000000000e+03 9.570819092000000250e-01
6.745000000000000000e+03 9.564292145000000689e-01
6.750000000000000000e+03 9.553925322999999858e-01
6.755000000000000000e+03 9.539015961000000265e-01
6.760000000000000000e+03 9.517056273999999760e-01
6.765000000000000000e+03 9.486010742000000606e-01
6.770000000000000000e+03 9.446475220000000173e-01
6.775000000000000000e+03 9.394701385000000515e-01
6.780000000000000000e+03 9.327124786000000611e-01
6.785000000000000000e+03 9.244927216000000669e-01
6.790000000000000000e+03 9.142600249999999207e-01
6.795000000000000000e+03 9.018136597000000476e-01
6.800000000000000000e+03 8.871169280999999796e-01
6.805000000000000000e+03 8.698749542000000501e-01
6.810000000000000000e+03 8.501585387999999188e-01
6.815000000000000000e+03 8.275807190000000757e-01
6.820000000000000000e+03 8.022124481000000307e-01
6.825000000000000000e+03 7.743914032000001058e-01
6.830000000000000000e+03 7.437686157000000797e-01
6.835000000000000000e+03 7.112586975000000367e-01
6.840000000000000000e+03 6.772277069000000038e-01
6.845000000000000000e+03 6.408470153999999974e-01
6.850000000000000000e+03 6.041901778999999584e-01
6.855000000000000000e+03 5.667894363000000046e-01
6.860000000000000000e+03 5.287479781999999684e-01
6.865000000000000000e+03 4.915563582999999959e-01
6.870000000000000000e+03 4.551038360999999921e-01
6.875000000000000000e+03 4.200975418000000294e-01
6.880000000000000000e+03 3.861968994000000155e-01
6.885000000000000000e+03 3.539914322000000113e-01
6.890000000000000000e+03 3.238620376999999939e-01
6.895000000000000000e+03 2.951813316000000409e-01
6.900000000000000000e+03 2.687658310000000106e-01
6.905000000000000000e+03 2.445566558999999751e-01
6.910000000000000000e+03 2.218077660000000173e-01
6.915000000000000000e+03 2.013806533999999981e-01
6.920000000000000000e+03 1.826639556999999914e-01
6.925000000000000000e+03 1.653916168000000020e-01
6.930000000000000000e+03 1.497112083000000093e-01
6.935000000000000000e+03 1.357077694000000112e-01
6.940000000000000000e+03 1.230277442999999915e-01
6.945000000000000000e+03 1.115320969000000023e-01
6.950000000000000000e+03 1.011471272000000060e-01
6.955000000000000000e+03 9.180088042999999531e-02
6.960000000000000000e+03 8.326402664000000231e-02
6.965000000000000000e+03 7.567819118000000678e-02
6.970000000000000000e+03 6.891090393000000314e-02
6.975000000000000000e+03 6.265916823999999330e-02
6.980000000000000000e+03 5.712232589999999971e-02
6.985000000000000000e+03 5.212148666000000069e-02
6.990000000000000000e+03 4.749287127999999442e-02
6.995000000000000000e+03 4.340034485000000136e-02
7.000000000000000000e+03 3.968817471999999680e-02
7.005000000000000000e+03 3.635605811999999964e-02
7.010000000000000000e+03 3.332753897000000076e-02
7.015000000000000000e+03 3.056061028999999818e-02
7.020000000000000000e+03 2.805244683999999836e-02
7.025000000000000000e+03 2.575772524000000119e-02
7.030000000000000000e+03 2.369594096999999913e-02
7.035000000000000000e+03 2.184702395999999977e-02
7.040000000000000000e+03 2.011172770999999915e-02
7.045000000000000000e+03 1.857579708000000121e-02
7.050000000000000000e+03 1.715203762000000118e-02
7.055000000000000000e+03 1.583850621999999958e-02
7.060000000000000000e+03 1.466190933999999939e-02
7.065000000000000000e+03 1.357968687999999875e-02
7.070000000000000000e+03 1.259381770999999997e-02
7.075000000000000000e+03 1.169022322000000044e-02
7.080000000000000000e+03 1.085261105999999962e-02
7.085000000000000000e+03 1.008849740000000023e-02
7.090000000000000000e+03 9.377474190000000334e-03
7.095000000000000000e+03 8.731951119999999469e-03
7.100000000000000000e+03 8.145288829999999813e-03
7.105000000000000000e+03 7.589677569999999859e-03
7.110000000000000000e+03 7.091967460000000133e-03
7.115000000000000000e+03 6.624580030000000452e-03
7.120000000000000000e+03 6.185611490000000358e-03
7.125000000000000000e+03 5.786309240000000673e-03
7.130000000000000000e+03 5.419955849999999811e-03
7.135000000000000000e+03 5.083045359999999874e-03
7.140000000000000000e+03 4.759329259999999472e-03
7.145000000000000000e+03 4.469764529999999819e-03
7.150000000000000000e+03 4.190990629999999557e-03
7.155000000000000000e+03 3.938055929999999955e-03
7.160000000000000000e+03 3.704570830000000065e-03
7.165000000000000000e+03 3.487018350000000051e-03
7.170000000000000000e+03 3.280320760000000196e-03
7.175000000000000000e+03 3.092381659999999914e-03
7.180000000000000000e+03 2.916784590000000201e-03
7.185000000000000000e+03 2.750936449999999769e-03
7.190000000000000000e+03 2.597040239999999587e-03
7.195000000000000000e+03 2.452823820000000002e-03
7.200000000000000000e+03 2.318756130000000290e-03
7.205000000000000000e+03 2.194706050000000061e-03
7.210000000000000000e+03 2.073838120000000111e-03
7.215000000000000000e+03 1.965896190000000071e-03
7.220000000000000000e+03 1.860796359999999927e-03
7.225000000000000000e+03 1.763346199999999905e-03
7.230000000000000000e+03 1.675194650000000080e-03
7.235000000000000000e+03 1.587145329999999858e-03
7.240000000000000000e+03 1.507917350000000014e-03
7.245000000000000000e+03 1.432959589999999953e-03
7.250000000000000000e+03 1.361695380000000006e-03
7.255000000000000000e+03 1.294822099999999761e-03
7.260000000000000000e+03 1.230560240000000026e-03
7.265000000000000000e+03 1.172337679999999960e-03
7.270000000000000000e+03 1.118088960000000005e-03
7.275000000000000000e+03 1.064506100000000037e-03
7.280000000000000000e+03 1.016611609999999895e-03
7.285000000000000000e+03 9.707206500000000078e-04
7.290000000000000000e+03 9.270688899999999892e-04
7.295000000000000000e+03 8.833342000000000103e-04
7.300000000000000000e+03 8.456432799999999460e-04
7.305000000000000000e+03 8.051192000000000418e-04
7.310000000000000000e+03 7.721570899999999522e-04
7.315000000000000000e+03 7.401737600000000018e-04
7.320000000000000000e+03 7.064809700000000258e-04
7.325000000000000000e+03 6.775545299999999674e-04
7.330000000000000000e+03 6.489230699999999716e-04
7.335000000000000000e+03 6.208141100000000171e-04
7.340000000000000000e+03 5.984174799999999930e-04
7.345000000000000000e+03 5.725841600000000165e-04
7.350000000000000000e+03 5.497228699999999859e-04
7.355000000000000000e+03 5.274554000000000525e-04
7.360000000000000000e+03 5.070318999999999998e-04
7.365000000000000000e+03 4.887533599999999449e-04
7.370000000000000000e+03 4.690081300000000018e-04
7.375000000000000000e+03 4.512628500000000361e-04
7.380000000000000000e+03 4.336495299999999775e-04
7.385000000000000000e+03 4.177923100000000087e-04
7.390000000000000000e+03 4.025426099999999843e-04
7.395000000000000000e+03 3.868845900000000186e-04
7.400000000000000000e+03 3.729907799999999918e-04
7.405000000000000000e+03 3.597497599999999727e-04
7.410000000000000000e+03 3.474950799999999710e-04
7.415000000000000000e+03 3.347510499999999567e-04
7.420000000000000000e+03 3.244949099999999828e-04
7.425000000000000000e+03 3.127615200000000324e-04
7.430000000000000000e+03 3.015568099999999863e-04
7.435000000000000000e+03 2.918950300000000119e-04
7.440000000000000000e+03 2.816297699999999963e-04
7.445000000000000000e+03 2.716005800000000016e-04
7.450000000000000000e+03 2.627660900000000177e-04
7.455000000000000000e+03 2.561352199999999881e-04
7.460000000000000000e+03 2.478057299999999867e-04
7.465000000000000000e+03 2.389898899999999928e-04
7.470000000000000000e+03 2.320662899999999902e-04
7.475000000000000000e+03 2.230896400000000090e-04
7.480000000000000000e+03 2.189645000000000209e-04
7.485000000000000000e+03 2.101882200000000026e-04
7.490000000000000000e+03 2.053702400000000105e-04
7.495000000000000000e+03 1.982735500000000017e-04
7.500000000000000000e+03 1.930700999999999999e-04
7.505000000000000000e+03 1.876606000000000172e-04
7.510000000000000000e+03 1.815789199999999850e-04
7.515000000000000000e+03 1.764405000000000194e-04
7.520000000000000000e+03 1.697963699999999838e-04
7.525000000000000000e+03 1.676427000000000136e-04
7.530000000000000000e+03 1.638184100000000245e-04
7.535000000000000000e+03 1.581206499999999885e-04
7.540000000000000000e+03 1.532881100000000078e-04
7.545000000000000000e+03 1.489424100000000131e-04
7.550000000000000000e+03 1.458042999999999958e-04
7.555000000000000000e+03 1.419373599999999912e-04
7.560000000000000000e+03 1.366121900000000125e-04
7.565000000000000000e+03 1.341868900000000003e-04
7.570000000000000000e+03 1.309749999999999988e-04
7.575000000000000000e+03 1.273540400000000171e-04
7.580000000000000000e+03 1.239541899999999856e-04
7.585000000000000000e+03 1.214766100000000024e-04
7.590000000000000000e+03 1.178474400000000021e-04
7.595000000000000000e+03 1.159258799999999927e-04
7.600000000000000000e+03 1.124443399999999928e-04
7.605000000000000000e+03 1.095067500000000032e-04
7.610000000000000000e+03 1.071810800000000082e-04
7.615000000000000000e+03 1.057782999999999965e-04
7.620000000000000000e+03 1.031582000000000045e-04
7.625000000000000000e+03 1.004658100000000104e-04
7.630000000000000000e+03 9.906738999999999205e-05
7.635000000000000000e+03 9.514382999999999738e-05
7.640000000000000000e+03 9.419961999999999986e-05
7.645000000000000000e+03 9.224671999999999354e-05
7.650000000000000000e+03 8.987215999999999369e-05
7.655000000000000000e+03 8.823850999999999960e-05
7.660000000000000000e+03 8.668995000000000845e-05
7.665000000000000000e+03 8.456931000000000431e-05
7.670000000000000000e+03 8.314128000000000165e-05
7.675000000000000000e+03 8.072304999999999617e-05
7.680000000000000000e+03 7.988545999999998985e-05
7.685000000000000000e+03 7.966690000000000121e-05
7.690000000000000000e+03 7.711231999999999830e-05
7.695000000000000000e+03 7.646786000000000414e-05
7.700000000000000000e+03 7.432697999999999356e-05
7.705000000000000000e+03 7.219509000000000202e-05
7.710000000000000000e+03 7.073688000000000230e-05
7.715000000000000000e+03 7.032161000000000856e-05
7.720000000000000000e+03 6.957564000000000120e-05
7.725000000000000000e+03 6.813724999999999209e-05
7.730000000000000000e+03 6.715084999999999761e-05
7.735000000000000000e+03 6.518861000000000197e-05
7.740000000000000000e+03 6.445493000000000056e-05
7.745000000000000000e+03 6.369848000000000545e-05
7.750000000000000000e+03 6.420049999999999629e-05
7.755000000000000000e+03 6.048337000000000228e-05
7.760000000000000000e+03 6.036495999999999946e-05
7.765000000000000000e+03 5.973210999999999755e-05
7.770000000000000000e+03 5.909865000000000040e-05
7.775000000000000000e+03 5.790133000000000286e-05
7.780000000000000000e+03 5.635903000000000240e-05
7.785000000000000000e+03 5.685451999999999721e-05
7.790000000000000000e+03 5.481408999999999343e-05
7.795000000000000000e+03 5.483751000000000548e-05
7.800000000000000000e+03 5.309176999999999668e-05
7.805000000000000000e+03 5.271260000000000079e-05
7.810000000000000000e+03 5.101144999999999421e-05
7.815000000000000000e+03 5.200925000000000014e-05
7.820000000000000000e+03 5.021641000000000326e-05
7.825000000000000000e+03 5.113820999999999840e-05
7.830000000000000000e+03 4.936909000000000067e-05
7.835000000000000000e+03 4.950942999999999940e-05
7.840000000000000000e+03 4.896326000000000324e-05
7.845000000000000000e+03 4.589815999999999764e-05
7.850000000000000000e+03 4.795963000000000282e-05
7.855000000000000000e+03 4.565579999999999747e-05
7.860000000000000000e+03 4.684469999999999552e-05
7.865000000000000000e+03 4.485764999999999902e-05
7.870000000000000000e+03 4.546281999999999580e-05
7.875000000000000000e+03 4.501441000000000123e-05
7.880000000000000000e+03 4.418276999999999779e-05
7.885000000000000000e+03 4.343009000000000214e-05
7.890000000000000000e+03 4.368954999999999914e-05
7.895000000000000000e+03 4.266383000000000518e-05
7.900000000000000000e+03 4.315382000000000148e-05
7.905000000000000000e+03 4.084591999999999601e-05
7.910000000000000000e+03 3.969758000000000287e-05
7.915000000000000000e+03 4.071045999999999985e-05
7.920000000000000000e+03 4.030443000000000198e-05
7.925000000000000000e+03 4.007980000000000207e-05
7.930000000000000000e+03 3.994718000000000129e-05
7.935000000000000000e+03 3.870789000000000185e-05
7.940000000000000000e+03 3.982076000000000056e-05
7.945000000000000000e+03 3.778926000000000485e-05
7.950000000000000000e+03 3.857264000000000005e-05
7.955000000000000000e+03 3.967054999999999578e-05
7.960000000000000000e+03 3.855186000000000328e-05
7.965000000000000000e+03 3.774717000000000133e-05
7.970000000000000000e+03 3.815806000000000037e-05
7.975000000000000000e+03 3.788572999999999751e-05
7.980000000000000000e+03 3.786220999999999879e-05
7.985000000000000000e+03 3.634373999999999840e-05
7.990000000000000000e+03 3.696760999999999553e-05
7.995000000000000000e+03 3.570864000000000172e-05
8.000000000000000000e+03 3.525138999999999860e-05
8.005000000000000000e+03 3.622174000000000194e-05
8.010000000000000000e+03 3.534746000000000394e-05
8.015000000000000000e+03 3.505459000000000076e-05
8.020000000000000000e+03 3.479877000000000090e-05
8.025000000000000000e+03 3.453608000000000155e-05
8.030000000000000000e+03 3.446814999999999965e-05
8.035000000000000000e+03 3.631420999999999938e-05
8.040000000000000000e+03 3.383280999999999973e-05
8.045000000000000000e+03 3.408295000000000205e-05
8.050000000000000000e+03 3.280898000000000245e-05
8.055000000000000000e+03 3.285578999999999735e-05
8.060000000000000000e+03 3.412076999999999824e-05
8.065000000000000000e+03 3.371824000000000126e-05
8.070000000000000000e+03 3.321503999999999565e-05
8.075000000000000000e+03 3.297021999999999957e-05
8.080000000000000000e+03 3.223052999999999785e-05
8.085000000000000000e+03 3.322980999999999889e-05
8.090000000000000000e+03 3.200356999999999757e-05
8.095000000000000000e+03 3.249073999999999989e-05
8.100000000000000000e+03 3.188265999999999605e-05
8.105000000000000000e+03 3.221615000000000156e-05
8.110000000000000000e+03 3.223074999999999969e-05
8.115000000000000000e+03 3.304058000000000206e-05
8.120000000000000000e+03 3.025223000000000021e-05
8.125000000000000000e+03 3.223858999999999926e-05
8.130000000000000000e+03 3.117115000000000055e-05
8.135000000000000000e+03 3.273240999999999922e-05
8.140000000000000000e+03 3.072444000000000292e-05
8.145000000000000000e+03 3.199483999999999672e-05
8.150000000000000000e+03 3.185669000000000212e-05
8.155000000000000000e+03 3.163563000000000123e-05
8.160000000000000000e+03 3.155904000000000337e-05
8.165000000000000000e+03 3.133944999999999689e-05
8.170000000000000000e+03 3.119862000000000454e-05
8.175000000000000000e+03 3.104391000000000344e-05
8.180000000000000000e+03 3.107032000000000104e-05
8.185000000000000000e+03 3.294992999999999642e-05
8.190000000000000000e+03 3.221522999999999818e-05
8.195000000000000000e+03 3.142179999999999789e-05
8.200000000000000000e+03 3.188421999999999676e-05
8.205000000000000000e+03 3.169735999999999631e-05
8.210000000000000000e+03 3.106521000000000271e-05
8.215000000000000000e+03 3.224552999999999686e-05
8.220000000000000000e+03 3.046528000000000319e-05
8.225000000000000000e+03 3.169318999999999598e-05
8.230000000000000000e+03 3.091496000000000191e-05
8.235000000000000000e+03 3.199454999999999677e-05
8.240000000000000000e+03 3.149214999999999968e-05
8.245000000000000000e+03 3.278039000000000143e-05
8.250000000000000000e+03 3.145742000000000281e-05
8.255000000000000000e+03 3.015987999999999761e-05
8.260000000000000000e+03 3.104270000000000011e-05
8.265000000000000000e+03 3.170701000000000053e-05
8.270000000000000000e+03 3.201285999999999693e-05
8.275000000000000000e+03 3.348208000000000114e-05
8.280000000000000000e+03 3.301250999999999676e-05
8.285000000000000000e+03 3.134894999999999739e-05
8.290000000000000000e+03 3.175849999999999756e-05
8.295000000000000000e+03 3.302606999999999667e-05
8.300000000000000000e+03 3.308717000000000190e-05
8.305000000000000000e+03 3.272749000000000063e-05
8.310000000000000000e+03 3.354590000000000013e-05
8.315000000000000000e+03 3.377171000000000128e-05
8.320000000000000000e+03 3.389136000000000275e-05
8.325000000000000000e+03 3.371074999999999907e-05
8.330000000000000000e+03 3.350264999999999678e-05
8.335000000000000000e+03 3.288499000000000039e-05
8.340000000000000000e+03 3.359274999999999783e-05
8.345000000000000000e+03 3.497199999999999652e-05
8.350000000000000000e+03 3.322869999999999578e-05
8.355000000000000000e+03 3.445473000000000275e-05
8.360000000000000000e+03 3.461098000000000316e-05
8.365000000000000000e+03 3.493787000000000097e-05
8.370000000000000000e+03 3.328938999999999943e-05
8.375000000000000000e+03 3.450042000000000061e-05
8.380000000000000000e+03 3.566290000000000036e-05
8.385000000000000000e+03 3.614310999999999690e-05
8.390000000000000000e+03 3.462465999999999792e-05
8.395000000000000000e+03 3.431950999999999627e-05
8.400000000000000000e+03 3.788918000000000169e-05
8.405000000000000000e+03 3.617127000000000173e-05
8.410000000000000000e+03 3.534983000000000033e-05
8.415000000000000000e+03 3.711596999999999965e-05
8.420000000000000000e+03 3.752054999999999773e-05
8.425000000000000000e+03 3.556866000000000107e-05
8.430000000000000000e+03 3.879709000000000093e-05
8.435000000000000000e+03 3.808915999999999837e-05
8.440000000000000000e+03 3.720361999999999872e-05
8.445000000000000000e+03 4.013770000000000028e-05
8.450000000000000000e+03 3.818306000000000098e-05
8.455000000000000000e+03 3.830375000000000067e-05
8.460000000000000000e+03 4.096416000000000049e-05
8.465000000000000000e+03 4.041437999999999574e-05
8.470000000000000000e+03 3.690487000000000433e-05
8.475000000000000000e+03 4.100439000000000265e-05
8.480000000000000000e+03 3.986970999999999609e-05
8.485000000000000000e+03 4.006710999999999525e-05
8.490000000000000000e+03 4.179498999999999470e-05
8.495000000000000000e+03 4.258332000000000415e-05
8.500000000000000000e+03 3.870608000000000398e-05
8.505000000000000000e+03 4.076594000000000495e-05
8.510000000000000000e+03 3.764074999999999702e-05
8.515000000000000000e+03 4.139758999999999746e-05
8.520000000000000000e+03 4.581581000000000341e-05
8.525000000000000000e+03 4.546233000000000218e-05
8.530000000000000000e+03 5.859114000000000498e-05
8.535000000000000000e+03 4.407008999999999601e-05
8.540000000000000000e+03 4.851126000000000147e-05
8.545000000000000000e+03 4.376968999999999462e-05
8.550000000000000000e+03 5.113974000000000379e-05
8.555000000000000000e+03 4.335231000000000235e-05
8.560000000000000000e+03 4.642073000000000304e-05
8.565000000000000000e+03 4.804962000000000295e-05
8.570000000000000000e+03 4.866546999999999469e-05
8.575000000000000000e+03 4.695050000000000390e-05
8.580000000000000000e+03 3.935496999999999634e-05
8.585000000000000000e+03 5.633782000000000264e-05
8.590000000000000000e+03 5.938429999999999994e-05
8.595000000000000000e+03 5.421600000000000404e-05
8.600000000000000000e+03 5.365898000000000103e-05
8.605000000000000000e+03 6.346411999999999572e-05
8.610000000000000000e+03 6.005344999999999336e-05
8.615000000000000000e+03 5.651365000000000397e-05
8.620000000000000000e+03 5.635874000000000244e-05
8.625000000000000000e+03 5.438529000000000188e-05
8.630000000000000000e+03 6.423307999999999861e-05
8.635000000000000000e+03 5.431817000000000242e-05
8.640000000000000000e+03 5.453786999999999627e-05
8.645000000000000000e+03 6.144158999999999732e-05
8.650000000000000000e+03 6.083303000000000056e-05
8.655000000000000000e+03 5.935941999999999418e-05
8.660000000000000000e+03 5.899043999999999962e-05
8.665000000000000000e+03 5.802391999999999993e-05
8.670000000000000000e+03 6.311181000000000180e-05
8.675000000000000000e+03 6.046669999999999487e-05
8.680000000000000000e+03 6.528429000000000035e-05
8.685000000000000000e+03 5.846358000000000582e-05
8.690000000000000000e+03 6.663734000000000259e-05
8.695000000000000000e+03 6.048546999999999333e-05
8.700000000000000000e+03 6.894072999999999749e-05
8.705000000000000000e+03 7.409948000000000294e-05
8.710000000000000000e+03 6.235060999999999967e-05
8.715000000000000000e+03 6.144398000000000188e-05
8.720000000000000000e+03 5.862640999999999897e-05
8.725000000000000000e+03 6.385657999999999298e-05
8.730000000000000000e+03 5.575540000000000492e-05
8.735000000000000000e+03 6.335834999999999623e-05
8.740000000000000000e+03 6.034789999999999865e-05
8.745000000000000000e+03 6.074839999999999591e-05
8.750000000000000000e+03 6.779959000000000658e-05
8.755000000000000000e+03 5.682636999999999986e-05
8.760000000000000000e+03 5.442897999999999535e-05
8.765000000000000000e+03 4.905570999999999928e-05
8.770000000000000000e+03 5.644332000000000358e-05
8.775000000000000000e+03 5.248996999999999848e-05
8.780000000000000000e+03 4.881525999999999720e-05
8.785000000000000000e+03 5.720833000000000119e-05
8.790000000000000000e+03 4.621341000000000110e-05
8.795000000000000000e+03 5.538463000000000712e-05
8.800000000000000000e+03 4.496257000000000004e-05
8.805000000000000000e+03 4.536613000000000131e-05
8.810000000000000000e+03 4.732906999999999848e-05
8.815000000000000000e+03 5.294491999999999656e-05
8.820000000000000000e+03 4.561285000000000155e-05
8.825000000000000000e+03 3.725824999999999856e-05
8.830000000000000000e+03 3.708390999999999982e-05
8.835000000000000000e+03 3.250935000000000071e-05
8.840000000000000000e+03 4.182616999999999395e-05
8.845000000000000000e+03 3.416530000000000305e-05
8.850000000000000000e+03 3.415701999999999980e-05
8.855000000000000000e+03 4.660370999999999633e-05
8.860000000000000000e+03 3.299584999999999682e-05
8.865000000000000000e+03 3.680082999999999711e-05
8.870000000000000000e+03 3.080267000000000031e-05
8.875000000000000000e+03 3.262413000000000032e-05
8.880000000000000000e+03 2.564115000000000098e-05
8.885000000000000000e+03 2.851010000000000339e-05
8.890000000000000000e+03 2.484028000000000199e-05
8.895000000000000000e+03 2.789189999999999972e-05
8.900000000000000000e+03 2.004277999999999922e-05
8.905000000000000000e+03 1.455343000000000069e-05
8.910000000000000000e+03 1.928783000000000063e-05
8.915000000000000000e+03 2.568300999999999858e-05
8.920000000000000000e+03 1.757634000000000255e-05
8.925000000000000000e+03 2.332483000000000280e-05
8.930000000000000000e+03 1.986093999999999758e-05
8.935000000000000000e+03 2.096452000000000032e-05
8.940000000000000000e+03 2.077405999999999876e-05
8.945000000000000000e+03 1.710041999999999780e-05
8.950000000000000000e+03 2.496580999999999806e-05
8.955000000000000000e+03 2.925320999999999702e-05
8.960000000000000000e+03 1.504495000000000069e-05
8.965000000000000000e+03 1.183908999999999916e-05
8.970000000000000000e+03 1.724297999999999936e-05
8.975000000000000000e+03 2.473927999999999737e-05
8.980000000000000000e+03 1.681066999999999943e-05
8.985000000000000000e+03 1.604090000000000087e-05
8.990000000000000000e+03 1.273819000000000043e-05
8.995000000000000000e+03 1.040047000000000107e-05
9.000000000000000000e+03 2.370423999999999855e-05
9.005000000000000000e+03 1.156876000000000069e-05
9.010000000000000000e+03 1.149344999999999920e-05
9.015000000000000000e+03 2.907920999999999835e-05
9.020000000000000000e+03 1.809578999999999975e-05
9.025000000000000000e+03 2.311805999999999868e-05
9.030000000000000000e+03 1.553290999999999898e-05
9.035000000000000000e+03 2.134590000000000174e-05
9.040000000000000000e+03 7.371879999999999120e-06
9.045000000000000000e+03 1.687639999999999990e-05
9.050000000000000000e+03 1.381616999999999955e-05
9.055000000000000000e+03 1.093947999999999949e-05
9.060000000000000000e+03 1.790300999999999853e-05
9.065000000000000000e+03 1.892343000000000120e-05
9.070000000000000000e+03 1.836544000000000148e-05
9.075000000000000000e+03 1.930735999999999805e-05
9.080000000000000000e+03 1.268107999999999989e-05
9.085000000000000000e+03 1.345403000000000068e-05
9.090000000000000000e+03 1.289495999999999995e-05
9.095000000000000000e+03 1.832499999999999819e-05
9.100000000000000000e+03 8.216770000000000275e-06
9.105000000000000000e+03 1.139847999999999967e-05
9.110000000000000000e+03 1.714727999999999958e-05
9.115000000000000000e+03 1.190012000000000119e-05
9.120000000000000000e+03 1.577264000000000151e-05
9.125000000000000000e+03 6.407879999999999540e-06
9.130000000000000000e+03 1.750386000000000083e-05
9.135000000000000000e+03 4.988250000000000903e-06
9.140000000000000000e+03 1.195155000000000079e-05
9.145000000000000000e+03 1.719357999999999946e-05
9.150000000000000000e+03 7.475940000000000119e-06
9.155000000000000000e+03 1.907540000000000036e-05
9.160000000000000000e+03 1.483890000000000119e-05
9.165000000000000000e+03 1.364400000000000015e-05
9.170000000000000000e+03 1.476547999999999979e-05
9.175000000000000000e+03 1.063771000000000051e-05
9.180000000000000000e+03 1.540397000000000153e-05
9.185000000000000000e+03 1.850235000000000082e-05
9.190000000000000000e+03 2.368360999999999871e-05
9.195000000000000000e+03 1.399154999999999990e-05
9.200000000000000000e+03 3.678849999999999938e-06
9.205000000000000000e+03 5.851479999999999243e-06
9.210000000000000000e+03 1.740308000000000143e-05
9.215000000000000000e+03 8.891089999999999605e-06
9.220000000000000000e+03 1.883275000000000023e-05
9.225000000000000000e+03 1.276894000000000009e-05
9.230000000000000000e+03 1.625280000000000133e-05
9.235000000000000000e+03 1.427370000000000024e-05
9.240000000000000000e+03 7.006280000000000452e-06
9.245000000000000000e+03 1.669484000000000091e-05
9.250000000000000000e+03 5.070159999999999920e-06
9.255000000000000000e+03 1.380046000000000000e-05
9.260000000000000000e+03 1.435836000000000020e-05
9.265000000000000000e+03 1.083055999999999986e-05
9.270000000000000000e+03 1.142772000000000042e-05
9.275000000000000000e+03 9.029420000000000024e-06
9.280000000000000000e+03 1.625879000000000023e-05
9.285000000000000000e+03 1.469931999999999973e-05
9.290000000000000000e+03 1.291115000000000089e-05
9.295000000000000000e+03 1.632277000000000025e-05
9.300000000000000000e+03 1.371288999999999976e-05
9.305000000000000000e+03 1.108871000000000009e-05
9.310000000000000000e+03 1.080405999999999935e-05
9.315000000000000000e+03 1.452974000000000024e-05
9.320000000000000000e+03 1.416752999999999986e-05
9.325000000000000000e+03 1.956289999999999950e-06
9.330000000000000000e+03 1.655378999999999995e-05
9.335000000000000000e+03 1.160390999999999983e-05
9.340000000000000000e+03 1.896798000000000063e-05
9.345000000000000000e+03 6.753269999999999803e-06
9.350000000000000000e+03 1.491619000000000058e-05
9.355000000000000000e+03 2.146357000000000362e-05
9.360000000000000000e+03 1.393167000000000040e-05
9.365000000000000000e+03 6.701889999999999458e-06
9.370000000000000000e+03 1.859283999999999866e-05
9.375000000000000000e+03 1.748944000000000174e-05
9.380000000000000000e+03 1.389431999999999981e-05
9.385000000000000000e+03 1.332555999999999884e-05
9.390000000000000000e+03 1.616659000000000135e-05
9.395000000000000000e+03 1.693257000000000244e-05
9.400000000000000000e+03 9.857559999999999180e-06
9.405000000000000000e+03 6.586670000000000415e-06
9.410000000000000000e+03 9.201109999999999731e-06
9.415000000000000000e+03 2.111352999999999909e-05
9.420000000000000000e+03 1.407578999999999928e-05
9.425000000000000000e+03 2.096040000000000010e-05
9.430000000000000000e+03 1.566694000000000013e-05
9.435000000000000000e+03 1.071934000000000027e-05
9.440000000000000000e+03 1.334799999999999993e-05
9.445000000000000000e+03 1.910893000000000137e-05
9.450000000000000000e+03 1.554631999999999856e-05
9.455000000000000000e+03 2.078241000000000352e-05
9.460000000000000000e+03 2.147299999999999922e-05
9.465000000000000000e+03 1.264273999999999951e-05
9.470000000000000000e+03 1.480647999999999990e-05
9.475000000000000000e+03 1.715727999999999779e-05
9.480000000000000000e+03 2.249346000000000131e-05
9.485000000000000000e+03 2.410928000000000170e-05
9.490000000000000000e+03 1.567779000000000020e-05
9.495000000000000000e+03 1.494784000000000053e-05
9.500000000000000000e+03 1.805726999999999864e-05
9.505000000000000000e+03 1.628458999999999921e-05
9.510000000000000000e+03 1.115890000000000085e-05
9.515000000000000000e+03 1.888303000000000071e-05
9.520000000000000000e+03 2.515552999999999867e-05
9.525000000000000000e+03 2.324839999999999920e-05
9.530000000000000000e+03 1.341153000000000066e-05
9.535000000000000000e+03 1.690852000000000053e-05
9.540000000000000000e+03 2.288086999999999765e-05
9.545000000000000000e+03 1.594173999999999960e-05
9.550000000000000000e+03 2.558267999999999678e-05
9.555000000000000000e+03 1.374669000000000102e-05
9.560000000000000000e+03 1.915112000000000173e-05
9.565000000000000000e+03 2.133143000000000254e-05
9.570000000000000000e+03 2.334311999999999818e-05
9.575000000000000000e+03 2.188394000000000176e-05
9.580000000000000000e+03 2.657936999999999960e-05
9.585000000000000000e+03 1.838076999999999986e-05
9.590000000000000000e+03 1.449264999999999922e-05
9.595000000000000000e+03 1.270988000000000036e-05
9.600000000000000000e+03 1.250199999999999990e-05
9.605000000000000000e+03 1.628536999999999956e-05
9.610000000000000000e+03 2.278615999999999937e-05
9.615000000000000000e+03 1.564353999999999964e-05
9.620000000000000000e+03 1.834315000000000072e-05
9.625000000000000000e+03 1.048943999999999930e-05
9.630000000000000000e+03 5.203989999999999789e-06
9.635000000000000000e+03 1.331359000000000004e-05
9.640000000000000000e+03 1.241899999999999917e-05
9.645000000000000000e+03 1.472474999999999992e-05
9.650000000000000000e+03 2.742842999999999855e-05
9.655000000000000000e+03 1.517960000000000117e-05
9.660000000000000000e+03 2.110568000000000220e-05
9.665000000000000000e+03 1.401221999999999914e-05
9.670000000000000000e+03 2.113896999999999998e-05
9.675000000000000000e+03 1.397437000000000085e-05
9.680000000000000000e+03 1.035324000000000051e-05
9.685000000000000000e+03 1.649235000000000143e-05
9.690000000000000000e+03 1.312770999999999869e-05
9.695000000000000000e+03 1.342128000000000002e-05
9.700000000000000000e+03 1.516680999999999921e-05
9.705000000000000000e+03 1.802002000000000166e-05
9.710000000000000000e+03 1.902887000000000133e-05
9.715000000000000000e+03 2.022858000000000344e-05
9.720000000000000000e+03 1.573200000000000116e-05
9.725000000000000000e+03 1.335989000000000161e-05
9.730000000000000000e+03 1.602770000000000242e-05
9.735000000000000000e+03 1.672012000000000078e-05
9.740000000000000000e+03 3.451430000000000089e-06
9.745000000000000000e+03 1.100885000000000048e-05
9.750000000000000000e+03 1.947654000000000174e-05
9.755000000000000000e+03 1.323579000000000055e-05
9.760000000000000000e+03 1.530087999999999978e-05
9.765000000000000000e+03 1.635908999999999993e-05
9.770000000000000000e+03 1.675098999999999867e-05
9.775000000000000000e+03 1.022381999999999997e-05
9.780000000000000000e+03 8.491899999999999113e-06
9.785000000000000000e+03 1.394173000000000111e-05
9.790000000000000000e+03 1.177901999999999992e-05
9.795000000000000000e+03 1.543918000000000148e-05
9.800000000000000000e+03 1.353445000000000049e-05
9.805000000000000000e+03 1.888060000000000012e-05
9.810000000000000000e+03 2.049497000000000073e-05
9.815000000000000000e+03 1.568682999999999902e-05
9.820000000000000000e+03 1.375612999999999902e-05
9.825000000000000000e+03 1.412426000000000019e-05
9.830000000000000000e+03 1.205630000000000009e-05
9.835000000000000000e+03 4.838670000000000380e-06
9.840000000000000000e+03 1.575825000000000112e-05
9.845000000000000000e+03 1.436367999999999967e-05
9.850000000000000000e+03 1.031517000000000038e-05
9.855000000000000000e+03 1.553333000000000125e-05
9.860000000000000000e+03 1.453008999999999932e-05
9.865000000000000000e+03 1.604607000000000001e-05
9.870000000000000000e+03 1.028396000000000072e-05
9.875000000000000000e+03 1.533518999999999776e-05
9.880000000000000000e+03 6.621279999999999902e-06
9.885000000000000000e+03 1.329943999999999950e-05
9.890000000000000000e+03 7.889999999999999844e-07
9.895000000000000000e+03 1.162182999999999982e-05
9.900000000000000000e+03 3.807479999999999839e-06
9.905000000000000000e+03 1.557706000000000092e-05
9.910000000000000000e+03 1.700073000000000011e-05
9.915000000000000000e+03 8.181159999999999442e-06
9.920000000000000000e+03 1.425681000000000115e-05
9.925000000000000000e+03 1.373486000000000016e-05
9.930000000000000000e+03 1.385144999999999932e-05
9.935000000000000000e+03 9.877639999999999503e-06
9.940000000000000000e+03 1.538468000000000057e-05
9.945000000000000000e+03 1.433968000000000125e-05
9.950000000000000000e+03 1.142755999999999939e-05
9.955000000000000000e+03 9.092970000000000458e-06
9.960000000000000000e+03 4.618789999999999869e-06
9.965000000000000000e+03 1.559794000000000130e-05
9.970000000000000000e+03 1.450633999999999976e-05
9.975000000000000000e+03 1.867638999999999890e-05
9.980000000000000000e+03 9.572040000000000260e-06
9.985000000000000000e+03 1.620283999999999952e-05
9.990000000000000000e+03 1.405522000000000025e-05
9.995000000000000000e+03 1.886901999999999980e-05
1.000000000000000000e+04 1.284564000000000056e-05
1.000500000000000000e+04 1.543574000000000140e-05
1.001000000000000000e+04 1.587008999999999835e-05
1.001500000000000000e+04 1.847493000000000033e-05
1.002000000000000000e+04 7.037449999999999850e-06
1.002500000000000000e+04 8.370380000000000656e-06
1.003000000000000000e+04 1.197572000000000094e-05
1.003500000000000000e+04 6.245950000000000736e-06
1.004000000000000000e+04 7.994739999999999285e-06
1.004500000000000000e+04 -2.701520000000000013e-06
1.005000000000000000e+04 8.503030000000000139e-06
1.005500000000000000e+04 2.251550000000000068e-06
1.006000000000000000e+04 7.244530000000000246e-06
1.006500000000000000e+04 1.138543000000000154e-05
1.007000000000000000e+04 1.519958000000000127e-05
1.007500000000000000e+04 6.226149999999999672e-06
1.008000000000000000e+04 1.298024000000000093e-05
1.008500000000000000e+04 1.427834999999999857e-05
1.009000000000000000e+04 6.083180000000000768e-06
1.009500000000000000e+04 1.025885000000000089e-05
1.010000000000000000e+04 6.997029999999999651e-06
1.010500000000000000e+04 1.265861000000000009e-05
1.011000000000000000e+04 1.296611000000000011e-05
1.011500000000000000e+04 1.300539999999999918e-05
1.012000000000000000e+04 2.076726000000000079e-05
1.012500000000000000e+04 1.229207000000000003e-05
1.013000000000000000e+04 8.471149999999999354e-06
1.013500000000000000e+04 9.825760000000000602e-06
1.014000000000000000e+04 1.048658999999999983e-05
1.014500000000000000e+04 1.354546000000000160e-05
1.015000000000000000e+04 7.173779999999999271e-06
1.015500000000000000e+04 1.513187000000000120e-05
1.016000000000000000e+04 1.510859000000000064e-05
1.016500000000000000e+04 1.662815000000000105e-05
1.017000000000000000e+04 1.253972999999999996e-05
1.017500000000000000e+04 9.305119999999999773e-06
1.018000000000000000e+04 1.636143000000000100e-05
1.018500000000000000e+04 1.641487000000000230e-05
1.019000000000000000e+04 1.185897000000000074e-05
1.019500000000000000e+04 6.300649999999999552e-06
1.020000000000000000e+04 1.233003000000000094e-05
1.020500000000000000e+04 8.841499999999999967e-06
1.021000000000000000e+04 1.623869999999999752e-05
1.021500000000000000e+04 1.637007999999999964e-05
1.022000000000000000e+04 1.355573000000000175e-05
1.022500000000000000e+04 1.132086999999999991e-05
1.023000000000000000e+04 3.466960000000000176e-06
1.023500000000000000e+04 1.813326000000000196e-05
1.024000000000000000e+04 1.346608999999999900e-05
1.024500000000000000e+04 7.177070000000000726e-06
1.025000000000000000e+04 8.995869999999999304e-06
1.025500000000000000e+04 1.194659000000000110e-05
1.026000000000000000e+04 6.103160000000000025e-06
1.026500000000000000e+04 1.275569999999999885e-05
1.027000000000000000e+04 1.305806999999999914e-05
1.027500000000000000e+04 1.302034999999999978e-05
1.028000000000000000e+04 1.010492000000000015e-05
1.028500000000000000e+04 1.086450999999999976e-05
1.029000000000000000e+04 1.846231999999999911e-05
1.029500000000000000e+04 1.478114999999999823e-05
1.030000000000000000e+04 1.508121000000000125e-05
1.030500000000000000e+04 1.688385999999999999e-05
1.031000000000000000e+04 1.132486000000000121e-05
1.031500000000000000e+04 8.759229999999999482e-06
1.032000000000000000e+04 2.036584000000000015e-05
1.032500000000000000e+04 1.039006000000000128e-05
1.033000000000000000e+04 4.705250000000000394e-06
1.033500000000000000e+04 1.117205999999999989e-05
1.034000000000000000e+04 1.632603999999999861e-05
1.034500000000000000e+04 1.082248999999999944e-05
1.035000000000000000e+04 1.630658000000000270e-05
1.035500000000000000e+04 1.106617999999999948e-05
1.036000000000000000e+04 1.449020000000000062e-05
1.036500000000000000e+04 1.163841999999999995e-05
1.037000000000000000e+04 2.674786000000000245e-05
1.037500000000000000e+04 8.655840000000000460e-06
1.038000000000000000e+04 1.462647000000000093e-05
1.038500000000000000e+04 1.419948999999999947e-05
1.039000000000000000e+04 1.164150999999999927e-05
1.039500000000000000e+04 1.484511999999999925e-05
1.040000000000000000e+04 8.661449999999999886e-06
1.040500000000000000e+04 1.723555999999999867e-05
1.041000000000000000e+04 1.062558999999999969e-05
1.041500000000000000e+04 1.629150000000000148e-05
1.042000000000000000e+04 2.042406000000000042e-05
1.042500000000000000e+04 1.060865000000000049e-05
1.043000000000000000e+04 1.038239000000000005e-05
1.043500000000000000e+04 1.163642999999999965e-05
1.044000000000000000e+04 2.011007000000000040e-05
1.044500000000000000e+04 1.535882000000000078e-05
1.045000000000000000e+04 1.251970999999999876e-05
1.045500000000000000e+04 2.088500000000000079e-05
1.046000000000000000e+04 1.768460000000000005e-05
1.046500000000000000e+04 1.239473999999999951e-05
1.047000000000000000e+04 1.775011999999999939e-05
1.047500000000000000e+04 7.984340000000000198e-06
1.048000000000000000e+04 1.026681999999999939e-05
1.048500000000000000e+04 1.419986999999999895e-05
1.049000000000000000e+04 2.217573999999999785e-05
1.049500000000000000e+04 1.427382999999999917e-05
1.050000000000000000e+04 2.302165000000000006e-05
1.050500000000000000e+04 1.528185000000000006e-05
1.051000000000000000e+04 2.114513000000000061e-05
1.051500000000000000e+04 1.890862000000000193e-05
1.052000000000000000e+04 2.343791999999999938e-05
1.052500000000000000e+04 1.787036999999999879e-05
1.053000000000000000e+04 8.568459999999999952e-06
1.053500000000000000e+04 1.713134999999999989e-05
1.054000000000000000e+04 1.465926999999999831e-05
1.054500000000000000e+04 1.277650000000000041e-05
1.055000000000000000e+04 2.284464000000000088e-05
1.055500000000000000e+04 1.820023999999999839e-05
1.056000000000000000e+04 1.294877999999999904e-05
1.056500000000000000e+04 1.540063999999999897e-05
1.057000000000000000e+04 1.575379999999999814e-05
1.057500000000000000e+04 1.946302000000000123e-05
1.058000000000000000e+04 2.166304999999999921e-05
1.058500000000000000e+04 2.242787000000000047e-05
1.059000000000000000e+04 1.522053999999999878e-05
1.059500000000000000e+04 2.264197999999999967e-05
1.060000000000000000e+04 1.679512999999999991e-05
1.060500000000000000e+04 2.291796999999999769e-05
1.061000000000000000e+04 2.182254999999999997e-05
1.061500000000000000e+04 1.967472999999999857e-05
1.062000000000000000e+04 1.740851999999999913e-05
1.062500000000000000e+04 1.842296000000000021e-05
1.063000000000000000e+04 3.323349999999999953e-05
1.063500000000000000e+04 2.197618000000000005e-05
1.064000000000000000e+04 1.602074999999999734e-05
1.064500000000000000e+04 2.205837999999999733e-05
1.065000000000000000e+04 2.058210000000000069e-05
1.065500000000000000e+04 2.663974999999999850e-05
1.066000000000000000e+04 2.471159999999999901e-05
1.066500000000000000e+04 2.353215000000000135e-05
1.067000000000000000e+04 1.974614999999999728e-05
1.067500000000000000e+04 2.215265999999999942e-05
1.068000000000000000e+04 1.864662000000000004e-05
1.068500000000000000e+04 2.130541000000000173e-05
1.069000000000000000e+04 2.181059000000000017e-05
1.069500000000000000e+04 2.562761999999999977e-05
1.070000000000000000e+04 1.683086000000000236e-05
1.070500000000000000e+04 2.182635000000000152e-05
1.071000000000000000e+04 3.397996000000000051e-05
1.071500000000000000e+04 3.129675000000000490e-05
1.072000000000000000e+04 2.501677999999999937e-05
1.072500000000000000e+04 2.363259999999999799e-05
1.073000000000000000e+04 2.708442000000000249e-05
1.073500000000000000e+04 2.657552000000000132e-05
1.074000000000000000e+04 3.256747000000000076e-05
1.074500000000000000e+04 2.993874000000000128e-05
1.075000000000000000e+04 2.992626999999999969e-05
1.075500000000000000e+04 3.505800000000000214e-05
1.076000000000000000e+04 3.029023999999999953e-05
1.076500000000000000e+04 3.077072000000000140e-05
1.077000000000000000e+04 3.482519999999999989e-05
1.077500000000000000e+04 3.310279000000000362e-05
1.078000000000000000e+04 2.643075000000000101e-05
1.078500000000000000e+04 3.235024999999999744e-05
1.079000000000000000e+04 2.868159999999999658e-05
1.079500000000000000e+04 3.733813999999999688e-05
1.080000000000000000e+04 3.499765000000000195e-05
1.080500000000000000e+04 3.432446999999999766e-05
1.081000000000000000e+04 2.866867000000000007e-05
1.081500000000000000e+04 3.518717999999999943e-05
1.082000000000000000e+04 3.273982000000000259e-05
1.082500000000000000e+04 3.693023000000000302e-05
1.083000000000000000e+04 3.409882000000000093e-05
1.083500000000000000e+04 3.056106999999999910e-05
1.084000000000000000e+04 3.625853000000000062e-05
1.084500000000000000e+04 3.572621999999999826e-05
1.085000000000000000e+04 3.961424000000000038e-05
1.085500000000000000e+04 3.034534000000000176e-05
1.086000000000000000e+04 3.990495999999999545e-05
1.086500000000000000e+04 4.051329999999999715e-05
1.087000000000000000e+04 4.201140000000000234e-05
1.087500000000000000e+04 3.915891000000000283e-05
1.088000000000000000e+04 4.950806999999999913e-05
1.088500000000000000e+04 4.323859999999999629e-05
1.089000000000000000e+04 3.670998999999999850e-05
1.089500000000000000e+04 3.415234999999999837e-05
1.090000000000000000e+04 4.290160000000000273e-05
1.090500000000000000e+04 4.290811999999999805e-05
1.091000000000000000e+04 4.690467999999999694e-05
1.091500000000000000e+04 4.297600000000000324e-05
1.092000000000000000e+04 4.589424000000000124e-05
1.092500000000000000e+04 4.880998999999999446e-05
1.093000000000000000e+04 5.136442000000000042e-05
1.093500000000000000e+04 4.500869999999999481e-05
1.094000000000000000e+04 5.271615999999999910e-05
1.094500000000000000e+04 5.932246000000000394e-05
1.095000000000000000e+04 5.199897999999999998e-05
1.095500000000000000e+04 5.346703999999999758e-05
1.096000000000000000e+04 5.592777999999999530e-05
1.096500000000000000e+04 5.398670000000000270e-05
1.097000000000000000e+04 5.872402999999999754e-05
1.097500000000000000e+04 5.591662000000000065e-05
1.098000000000000000e+04 5.000779000000000525e-05
1.098500000000000000e+04 6.569143000000000811e-05
1.099000000000000000e+04 6.186566999999999750e-05
1.099500000000000000e+04 6.224060000000000172e-05
1.100000000000000000e+04 6.138008000000000407e-05
