3.260000000000000000e+03 2.969200000000000172e-01
3.265000000000000000e+03 2.974300000000000277e-01
3.270000000000000000e+03 2.979399999999999826e-01
3.275000000000000000e+03 2.984499999999999931e-01
3.280000000000000000e+03 2.989600000000000035e-01
3.285000000000000000e+03 2.994700000000000140e-01
3.290000000000000000e+03 2.999800000000000244e-01
3.295000000000000000e+03 3.004899999999999793e-01
3.300000000000000000e+03 3.009999999999999898e-01
3.305000000000000000e+03 3.016099999999999892e-01
3.310000000000000000e+03 3.022199999999999886e-01
3.315000000000000000e+03 3.028299999999999881e-01
3.320000000000000000e+03 3.034399999999999875e-01
3.325000000000000000e+03 3.040499999999999869e-01
3.330000000000000000e+03 3.046599999999999864e-01
3.335000000000000000e+03 3.052699999999999858e-01
3.340000000000000000e+03 3.058799999999999852e-01
3.345000000000000000e+03 3.064899999999999847e-01
3.350000000000000000e+03 3.070999999999999841e-01
3.355000000000000000e+03 3.077099999999999835e-01
3.360000000000000000e+03 3.083199999999999830e-01
3.365000000000000000e+03 3.089299999999999824e-01
3.370000000000000000e+03 3.095399999999999818e-01
3.375000000000000000e+03 3.101499999999999813e-01
3.380000000000000000e+03 3.107599999999999807e-01
3.385000000000000000e+03 3.113699999999999801e-01
3.390000000000000000e+03 3.119799999999999796e-01
3.395000000000000000e+03 3.125899999999999790e-01
3.400000000000000000e+03 3.131999999999999784e-01
3.405000000000000000e+03 3.137499999999999734e-01
3.410000000000000000e+03 3.143000000000000238e-01
3.415000000000000000e+03 3.148500000000000187e-01
3.420000000000000000e+03 3.154000000000000137e-01
3.425000000000000000e+03 3.159500000000000086e-01
3.430000000000000000e+03 3.165000000000000036e-01
3.435000000000000000e+03 3.170499999999999985e-01
3.440000000000000000e+03 3.175999999999999934e-01
3.445000000000000000e+03 3.181499999999999884e-01
3.450000000000000000e+03 3.186999999999999833e-01
3.455000000000000000e+03 3.192499999999999782e-01
3.460000000000000000e+03 3.197999999999999732e-01
3.465000000000000000e+03 3.203500000000000236e-01
3.470000000000000000e+03 3.209000000000000186e-01
3.475000000000000000e+03 3.214500000000000135e-01
3.480000000000000000e+03 3.220000000000000084e-01
3.485000000000000000e+03 3.225500000000000034e-01
3.490000000000000000e+03 3.230999999999999983e-01
3.495000000000000000e+03 3.236499999999999932e-01
3.500000000000000000e+03 3.241999999999999882e-01
3.505000000000000000e+03 3.253099999999999881e-01
3.510000000000000000e+03 3.264199999999999879e-01
3.515000000000000000e+03 3.275299999999999878e-01
3.520000000000000000e+03 3.286399999999999877e-01
3.525000000000000000e+03 3.297499999999999876e-01
3.530000000000000000e+03 3.308599999999999874e-01
3.535000000000000000e+03 3.319699999999999873e-01
3.540000000000000000e+03 3.330799999999999872e-01
3.545000000000000000e+03 3.341899999999999871e-01
3.550000000000000000e+03 3.352999999999999869e-01
3.555000000000000000e+03 3.364099999999999868e-01
3.560000000000000000e+03 3.375199999999999867e-01
3.565000000000000000e+03 3.386299999999999866e-01
3.570000000000000000e+03 3.397399999999999864e-01
3.575000000000000000e+03 3.408499999999999863e-01
3.580000000000000000e+03 3.419599999999999862e-01
3.585000000000000000e+03 3.430699999999999861e-01
3.590000000000000000e+03 3.441799999999999859e-01
3.595000000000000000e+03 3.452899999999999858e-01
3.600000000000000000e+03 3.463999999999999857e-01
3.605000000000000000e+03 3.485300000000000065e-01
3.610000000000000000e+03 3.506600000000000272e-01
3.615000000000000000e+03 3.527899999999999925e-01
3.620000000000000000e+03 3.549200000000000133e-01
3.625000000000000000e+03 3.570499999999999785e-01
3.630000000000000000e+03 3.591799999999999993e-01
3.635000000000000000e+03 3.613100000000000200e-01
3.640000000000000000e+03 3.634399999999999853e-01
3.645000000000000000e+03 3.655700000000000061e-01
3.650000000000000000e+03 3.677000000000000268e-01
3.655000000000000000e+03 3.698299999999999921e-01
3.660000000000000000e+03 3.719600000000000128e-01
3.665000000000000000e+03 3.740899999999999781e-01
3.670000000000000000e+03 3.762199999999999989e-01
3.675000000000000000e+03 3.783500000000000196e-01
3.680000000000000000e+03 3.804799999999999849e-01
3.685000000000000000e+03 3.826100000000000056e-01
3.690000000000000000e+03 3.847400000000000264e-01
3.695000000000000000e+03 3.868699999999999917e-01
3.700000000000000000e+03 3.890000000000000124e-01
3.705000000000000000e+03 3.928349999999999898e-01
3.710000000000000000e+03 3.966700000000000226e-01
3.715000000000000000e+03 4.005049999999999999e-01
3.720000000000000000e+03 4.043399999999999772e-01
3.725000000000000000e+03 4.081750000000000100e-01
3.730000000000000000e+03 4.120099999999999874e-01
3.735000000000000000e+03 4.158450000000000202e-01
3.740000000000000000e+03 4.196799999999999975e-01
3.745000000000000000e+03 4.235149999999999748e-01
3.750000000000000000e+03 4.273500000000000076e-01
3.755000000000000000e+03 4.311849999999999850e-01
3.760000000000000000e+03 4.350200000000000178e-01
3.765000000000000000e+03 4.388549999999999951e-01
3.770000000000000000e+03 4.426899999999999724e-01
3.775000000000000000e+03 4.465250000000000052e-01
3.780000000000000000e+03 4.503599999999999826e-01
3.785000000000000000e+03 4.541950000000000154e-01
3.790000000000000000e+03 4.580299999999999927e-01
3.795000000000000000e+03 4.618650000000000255e-01
3.800000000000000000e+03 4.657000000000000028e-01
3.805000000000000000e+03 4.689999999999999725e-01
3.810000000000000000e+03 4.722999999999999976e-01
3.815000000000000000e+03 4.756000000000000227e-01
3.820000000000000000e+03 4.788999999999999924e-01
3.825000000000000000e+03 4.822000000000000175e-01
3.830000000000000000e+03 4.854999999999999871e-01
3.835000000000000000e+03 4.888000000000000123e-01
3.840000000000000000e+03 4.920999999999999819e-01
3.845000000000000000e+03 4.954000000000000070e-01
3.850000000000000000e+03 4.986999999999999766e-01
3.855000000000000000e+03 5.020000000000000018e-01
3.860000000000000000e+03 5.052999999999999714e-01
3.865000000000000000e+03 5.086000000000000520e-01
3.870000000000000000e+03 5.119000000000000217e-01
3.875000000000000000e+03 5.151999999999999913e-01
3.880000000000000000e+03 5.184999999999999609e-01
3.885000000000000000e+03 5.218000000000000416e-01
3.890000000000000000e+03 5.251000000000000112e-01
3.895000000000000000e+03 5.283999999999999808e-01
3.900000000000000000e+03 5.316999999999999504e-01
3.905000000000000000e+03 5.344999999999999751e-01
3.910000000000000000e+03 5.372999999999999998e-01
3.915000000000000000e+03 5.401000000000000245e-01
3.920000000000000000e+03 5.429000000000000492e-01
3.925000000000000000e+03 5.456999999999999629e-01
3.930000000000000000e+03 5.484999999999999876e-01
3.935000000000000000e+03 5.513000000000000123e-01
3.940000000000000000e+03 5.541000000000000369e-01
3.945000000000000000e+03 5.568999999999999506e-01
3.950000000000000000e+03 5.596999999999999753e-01
3.955000000000000000e+03 5.625000000000000000e-01
3.960000000000000000e+03 5.653000000000000247e-01
3.965000000000000000e+03 5.681000000000000494e-01
3.970000000000000000e+03 5.708999999999999631e-01
3.975000000000000000e+03 5.736999999999999877e-01
3.980000000000000000e+03 5.765000000000000124e-01
3.985000000000000000e+03 5.793000000000000371e-01
3.990000000000000000e+03 5.820999999999999508e-01
3.995000000000000000e+03 5.848999999999999755e-01
4.000000000000000000e+03 5.877000000000000002e-01
4.005000000000000000e+03 5.906649999999999956e-01
4.010000000000000000e+03 5.936299999999999910e-01
4.015000000000000000e+03 5.965949999999999864e-01
4.020000000000000000e+03 5.995599999999999818e-01
4.025000000000000000e+03 6.025249999999999773e-01
4.030000000000000000e+03 6.054899999999999727e-01
4.035000000000000000e+03 6.084549999999999681e-01
4.040000000000000000e+03 6.114199999999999635e-01
4.045000000000000000e+03 6.143849999999999589e-01
4.050000000000000000e+03 6.173499999999999543e-01
4.055000000000000000e+03 6.203149999999999498e-01
4.060000000000000000e+03 6.232799999999999452e-01
4.065000000000000000e+03 6.262450000000000516e-01
4.070000000000000000e+03 6.292100000000000470e-01
4.075000000000000000e+03 6.321750000000000425e-01
4.080000000000000000e+03 6.351400000000000379e-01
4.085000000000000000e+03 6.381050000000000333e-01
4.090000000000000000e+03 6.410700000000000287e-01
4.095000000000000000e+03 6.440350000000000241e-01
4.100000000000000000e+03 6.470000000000000195e-01
4.105000000000000000e+03 6.488699999999999468e-01
4.110000000000000000e+03 6.507399999999999851e-01
4.115000000000000000e+03 6.526100000000000234e-01
4.120000000000000000e+03 6.544799999999999507e-01
4.125000000000000000e+03 6.563499999999999890e-01
4.130000000000000000e+03 6.582200000000000273e-01
4.135000000000000000e+03 6.600899999999999546e-01
4.140000000000000000e+03 6.619599999999999929e-01
4.145000000000000000e+03 6.638300000000000312e-01
4.150000000000000000e+03 6.656999999999999584e-01
4.155000000000000000e+03 6.675699999999999967e-01
4.160000000000000000e+03 6.694400000000000350e-01
4.165000000000000000e+03 6.713099999999999623e-01
4.170000000000000000e+03 6.731800000000000006e-01
4.175000000000000000e+03 6.750500000000000389e-01
4.180000000000000000e+03 6.769199999999999662e-01
4.185000000000000000e+03 6.787900000000000045e-01
4.190000000000000000e+03 6.806600000000000428e-01
4.195000000000000000e+03 6.825299999999999701e-01
4.200000000000000000e+03 6.844000000000000083e-01
4.205000000000000000e+03 6.863350000000000284e-01
4.210000000000000000e+03 6.882700000000000484e-01
4.215000000000000000e+03 6.902049999999999574e-01
4.220000000000000000e+03 6.921399999999999775e-01
4.225000000000000000e+03 6.940749999999999975e-01
4.230000000000000000e+03 6.960100000000000176e-01
4.235000000000000000e+03 6.979450000000000376e-01
4.240000000000000000e+03 6.998799999999999466e-01
4.245000000000000000e+03 7.018149999999999666e-01
4.250000000000000000e+03 7.037499999999999867e-01
4.255000000000000000e+03 7.056850000000000067e-01
4.260000000000000000e+03 7.076200000000000268e-01
4.265000000000000000e+03 7.095550000000000468e-01
4.270000000000000000e+03 7.114899999999999558e-01
4.275000000000000000e+03 7.134249999999999758e-01
4.280000000000000000e+03 7.153599999999999959e-01
4.285000000000000000e+03 7.172950000000000159e-01
4.290000000000000000e+03 7.192300000000000360e-01
4.295000000000000000e+03 7.211649999999999450e-01
4.300000000000000000e+03 7.230999999999999650e-01
4.305000000000000000e+03 7.247050000000000436e-01
4.310000000000000000e+03 7.263100000000000112e-01
4.315000000000000000e+03 7.279149999999999787e-01
4.320000000000000000e+03 7.295199999999999463e-01
4.325000000000000000e+03 7.311250000000000249e-01
4.330000000000000000e+03 7.327299999999999924e-01
4.335000000000000000e+03 7.343349999999999600e-01
4.340000000000000000e+03 7.359400000000000386e-01
4.345000000000000000e+03 7.375450000000000061e-01
4.350000000000000000e+03 7.391499999999999737e-01
4.355000000000000000e+03 7.407550000000000523e-01
4.360000000000000000e+03 7.423600000000000199e-01
4.365000000000000000e+03 7.439649999999999874e-01
4.370000000000000000e+03 7.455699999999999550e-01
4.375000000000000000e+03 7.471750000000000336e-01
4.380000000000000000e+03 7.487800000000000011e-01
4.385000000000000000e+03 7.503849999999999687e-01
4.390000000000000000e+03 7.519900000000000473e-01
4.395000000000000000e+03 7.535950000000000149e-01
4.400000000000000000e+03 7.551999999999999824e-01
4.405000000000000000e+03 7.566950000000000065e-01
4.410000000000000000e+03 7.581900000000000306e-01
4.415000000000000000e+03 7.596850000000000547e-01
4.420000000000000000e+03 7.611799999999999677e-01
4.425000000000000000e+03 7.626749999999999918e-01
4.430000000000000000e+03 7.641700000000000159e-01
4.435000000000000000e+03 7.656650000000000400e-01
4.440000000000000000e+03 7.671599999999999531e-01
4.445000000000000000e+03 7.686549999999999772e-01
4.450000000000000000e+03 7.701500000000000012e-01
4.455000000000000000e+03 7.716450000000000253e-01
4.460000000000000000e+03 7.731400000000000494e-01
4.465000000000000000e+03 7.746349999999999625e-01
4.470000000000000000e+03 7.761299999999999866e-01
4.475000000000000000e+03 7.776250000000000107e-01
4.480000000000000000e+03 7.791200000000000347e-01
4.485000000000000000e+03 7.806149999999999478e-01
4.490000000000000000e+03 7.821099999999999719e-01
4.495000000000000000e+03 7.836049999999999960e-01
4.500000000000000000e+03 7.851000000000000201e-01
4.505000000000000000e+03 7.863449999999999607e-01
4.510000000000000000e+03 7.875900000000000123e-01
4.515000000000000000e+03 7.888349999999999529e-01
4.520000000000000000e+03 7.900800000000000045e-01
4.525000000000000000e+03 7.913249999999999451e-01
4.530000000000000000e+03 7.925699999999999967e-01
4.535000000000000000e+03 7.938150000000000484e-01
4.540000000000000000e+03 7.950599999999999890e-01
4.545000000000000000e+03 7.963050000000000406e-01
4.550000000000000000e+03 7.975499999999999812e-01
4.555000000000000000e+03 7.987950000000000328e-01
4.560000000000000000e+03 8.000399999999999734e-01
4.565000000000000000e+03 8.012850000000000250e-01
4.570000000000000000e+03 8.025299999999999656e-01
4.575000000000000000e+03 8.037750000000000172e-01
4.580000000000000000e+03 8.050199999999999578e-01
4.585000000000000000e+03 8.062650000000000095e-01
4.590000000000000000e+03 8.075099999999999500e-01
4.595000000000000000e+03 8.087550000000000017e-01
4.600000000000000000e+03 8.100000000000000533e-01
4.605000000000000000e+03 8.111150000000000304e-01
4.610000000000000000e+03 8.122300000000000075e-01
4.615000000000000000e+03 8.133449999999999847e-01
4.620000000000000000e+03 8.144599999999999618e-01
4.625000000000000000e+03 8.155750000000000499e-01
4.630000000000000000e+03 8.166900000000000270e-01
4.635000000000000000e+03 8.178050000000000042e-01
4.640000000000000000e+03 8.189199999999999813e-01
4.645000000000000000e+03 8.200349999999999584e-01
4.650000000000000000e+03 8.211500000000000465e-01
4.655000000000000000e+03 8.222650000000000237e-01
4.660000000000000000e+03 8.233800000000000008e-01
4.665000000000000000e+03 8.244949999999999779e-01
4.670000000000000000e+03 8.256099999999999550e-01
4.675000000000000000e+03 8.267250000000000432e-01
4.680000000000000000e+03 8.278400000000000203e-01
4.685000000000000000e+03 8.289549999999999974e-01
4.690000000000000000e+03 8.300699999999999745e-01
4.695000000000000000e+03 8.311849999999999516e-01
4.700000000000000000e+03 8.323000000000000398e-01
4.705000000000000000e+03 8.333000000000000407e-01
4.710000000000000000e+03 8.343000000000000416e-01
4.715000000000000000e+03 8.353000000000000425e-01
4.720000000000000000e+03 8.363000000000000433e-01
4.725000000000000000e+03 8.373000000000000442e-01
4.730000000000000000e+03 8.383000000000000451e-01
4.735000000000000000e+03 8.393000000000000460e-01
4.740000000000000000e+03 8.403000000000000469e-01
4.745000000000000000e+03 8.413000000000000478e-01
4.750000000000000000e+03 8.423000000000000487e-01
4.755000000000000000e+03 8.433000000000000496e-01
4.760000000000000000e+03 8.443000000000000504e-01
4.765000000000000000e+03 8.453000000000000513e-01
4.770000000000000000e+03 8.463000000000000522e-01
4.775000000000000000e+03 8.473000000000000531e-01
4.780000000000000000e+03 8.483000000000000540e-01
4.785000000000000000e+03 8.493000000000000549e-01
4.790000000000000000e+03 8.502999999999999448e-01
4.795000000000000000e+03 8.512999999999999456e-01
4.800000000000000000e+03 8.522999999999999465e-01
4.805000000000000000e+03 8.531549999999999967e-01
4.810000000000000000e+03 8.540100000000000469e-01
4.815000000000000000e+03 8.548649999999999860e-01
4.820000000000000000e+03 8.557200000000000362e-01
4.825000000000000000e+03 8.565749999999999753e-01
4.830000000000000000e+03 8.574300000000000255e-01
4.835000000000000000e+03 8.582849999999999646e-01
4.840000000000000000e+03 8.591400000000000148e-01
4.845000000000000000e+03 8.599949999999999539e-01
4.850000000000000000e+03 8.608500000000000041e-01
4.855000000000000000e+03 8.617050000000000542e-01
4.860000000000000000e+03 8.625599999999999934e-01
4.865000000000000000e+03 8.634150000000000436e-01
4.870000000000000000e+03 8.642699999999999827e-01
4.875000000000000000e+03 8.651250000000000329e-01
4.880000000000000000e+03 8.659799999999999720e-01
4.885000000000000000e+03 8.668350000000000222e-01
4.890000000000000000e+03 8.676899999999999613e-01
4.895000000000000000e+03 8.685450000000000115e-01
4.900000000000000000e+03 8.693999999999999506e-01
4.905000000000000000e+03 8.700700000000000101e-01
4.910000000000000000e+03 8.707399999999999585e-01
4.915000000000000000e+03 8.714100000000000179e-01
4.920000000000000000e+03 8.720799999999999663e-01
4.925000000000000000e+03 8.727500000000000258e-01
4.930000000000000000e+03 8.734199999999999742e-01
4.935000000000000000e+03 8.740900000000000336e-01
4.940000000000000000e+03 8.747599999999999820e-01
4.945000000000000000e+03 8.754300000000000415e-01
4.950000000000000000e+03 8.760999999999999899e-01
4.955000000000000000e+03 8.767700000000000493e-01
4.960000000000000000e+03 8.774399999999999977e-01
4.965000000000000000e+03 8.781099999999999461e-01
4.970000000000000000e+03 8.787800000000000056e-01
4.975000000000000000e+03 8.794499999999999540e-01
4.980000000000000000e+03 8.801200000000000134e-01
4.985000000000000000e+03 8.807899999999999618e-01
4.990000000000000000e+03 8.814600000000000213e-01
4.995000000000000000e+03 8.821299999999999697e-01
5.000000000000000000e+03 8.828000000000000291e-01
5.005000000000000000e+03 8.833250000000000268e-01
5.010000000000000000e+03 8.838500000000000245e-01
5.015000000000000000e+03 8.843750000000000222e-01
5.020000000000000000e+03 8.849000000000000199e-01
5.025000000000000000e+03 8.854250000000000176e-01
5.030000000000000000e+03 8.859500000000000153e-01
5.035000000000000000e+03 8.864750000000000130e-01
5.040000000000000000e+03 8.870000000000000107e-01
5.045000000000000000e+03 8.875250000000000083e-01
5.050000000000000000e+03 8.880500000000000060e-01
5.055000000000000000e+03 8.885750000000000037e-01
5.060000000000000000e+03 8.891000000000000014e-01
5.065000000000000000e+03 8.896249999999999991e-01
5.070000000000000000e+03 8.901499999999999968e-01
5.075000000000000000e+03 8.906749999999999945e-01
5.080000000000000000e+03 8.911999999999999922e-01
5.085000000000000000e+03 8.917249999999999899e-01
5.090000000000000000e+03 8.922499999999999876e-01
5.095000000000000000e+03 8.927749999999999853e-01
5.100000000000000000e+03 8.932999999999999829e-01
5.105000000000000000e+03 8.937699999999999534e-01
5.110000000000000000e+03 8.942400000000000349e-01
5.115000000000000000e+03 8.947100000000000053e-01
5.120000000000000000e+03 8.951799999999999757e-01
5.125000000000000000e+03 8.956499999999999462e-01
5.130000000000000000e+03 8.961200000000000276e-01
5.135000000000000000e+03 8.965899999999999981e-01
5.140000000000000000e+03 8.970599999999999685e-01
5.145000000000000000e+03 8.975300000000000500e-01
5.150000000000000000e+03 8.980000000000000204e-01
5.155000000000000000e+03 8.984699999999999909e-01
5.160000000000000000e+03 8.989399999999999613e-01
5.165000000000000000e+03 8.994100000000000428e-01
5.170000000000000000e+03 8.998800000000000132e-01
5.175000000000000000e+03 9.003499999999999837e-01
5.180000000000000000e+03 9.008199999999999541e-01
5.185000000000000000e+03 9.012900000000000356e-01
5.190000000000000000e+03 9.017600000000000060e-01
5.195000000000000000e+03 9.022299999999999764e-01
5.200000000000000000e+03 9.026999999999999469e-01
5.205000000000000000e+03 9.030399999999999539e-01
5.210000000000000000e+03 9.033799999999999608e-01
5.215000000000000000e+03 9.037199999999999678e-01
5.220000000000000000e+03 9.040599999999999747e-01
5.225000000000000000e+03 9.043999999999999817e-01
5.230000000000000000e+03 9.047399999999999887e-01
5.235000000000000000e+03 9.050799999999999956e-01
5.240000000000000000e+03 9.054200000000000026e-01
5.245000000000000000e+03 9.057600000000000096e-01
5.250000000000000000e+03 9.061000000000000165e-01
5.255000000000000000e+03 9.064400000000000235e-01
5.260000000000000000e+03 9.067800000000000304e-01
5.265000000000000000e+03 9.071200000000000374e-01
5.270000000000000000e+03 9.074600000000000444e-01
5.275000000000000000e+03 9.078000000000000513e-01
5.280000000000000000e+03 9.081399999999999473e-01
5.285000000000000000e+03 9.084799999999999542e-01
5.290000000000000000e+03 9.088199999999999612e-01
5.295000000000000000e+03 9.091599999999999682e-01
5.300000000000000000e+03 9.094999999999999751e-01
5.305000000000000000e+03 9.098100000000000076e-01
5.310000000000000000e+03 9.101200000000000401e-01
5.315000000000000000e+03 9.104299999999999615e-01
5.320000000000000000e+03 9.107399999999999940e-01
5.325000000000000000e+03 9.110500000000000265e-01
5.330000000000000000e+03 9.113599999999999479e-01
5.335000000000000000e+03 9.116699999999999804e-01
5.340000000000000000e+03 9.119800000000000129e-01
5.345000000000000000e+03 9.122900000000000453e-01
5.350000000000000000e+03 9.125999999999999668e-01
5.355000000000000000e+03 9.129099999999999993e-01
5.360000000000000000e+03 9.132200000000000317e-01
5.365000000000000000e+03 9.135299999999999532e-01
5.370000000000000000e+03 9.138399999999999856e-01
5.375000000000000000e+03 9.141500000000000181e-01
5.380000000000000000e+03 9.144600000000000506e-01
5.385000000000000000e+03 9.147699999999999720e-01
5.390000000000000000e+03 9.150800000000000045e-01
5.395000000000000000e+03 9.153900000000000370e-01
5.400000000000000000e+03 9.156999999999999584e-01
5.405000000000000000e+03 9.158800000000000274e-01
5.410000000000000000e+03 9.160599999999999854e-01
5.415000000000000000e+03 9.162400000000000544e-01
5.420000000000000000e+03 9.164200000000000124e-01
5.425000000000000000e+03 9.165999999999999703e-01
5.430000000000000000e+03 9.167800000000000393e-01
5.435000000000000000e+03 9.169599999999999973e-01
5.440000000000000000e+03 9.171399999999999553e-01
5.445000000000000000e+03 9.173200000000000243e-01
5.450000000000000000e+03 9.174999999999999822e-01
5.455000000000000000e+03 9.176800000000000512e-01
5.460000000000000000e+03 9.178600000000000092e-01
5.465000000000000000e+03 9.180399999999999672e-01
5.470000000000000000e+03 9.182200000000000362e-01
5.475000000000000000e+03 9.183999999999999941e-01
5.480000000000000000e+03 9.185799999999999521e-01
5.485000000000000000e+03 9.187600000000000211e-01
5.490000000000000000e+03 9.189399999999999791e-01
5.495000000000000000e+03 9.191200000000000481e-01
5.500000000000000000e+03 9.193000000000000060e-01
5.505000000000000000e+03 9.194350000000000023e-01
5.510000000000000000e+03 9.195699999999999985e-01
5.515000000000000000e+03 9.197049999999999947e-01
5.520000000000000000e+03 9.198399999999999910e-01
5.525000000000000000e+03 9.199749999999999872e-01
5.530000000000000000e+03 9.201099999999999834e-01
5.535000000000000000e+03 9.202449999999999797e-01
5.540000000000000000e+03 9.203799999999999759e-01
5.545000000000000000e+03 9.205149999999999721e-01
5.550000000000000000e+03 9.206499999999999684e-01
5.555000000000000000e+03 9.207849999999999646e-01
5.560000000000000000e+03 9.209199999999999608e-01
5.565000000000000000e+03 9.210549999999999571e-01
5.570000000000000000e+03 9.211899999999999533e-01
5.575000000000000000e+03 9.213249999999999496e-01
5.580000000000000000e+03 9.214599999999999458e-01
5.585000000000000000e+03 9.215950000000000530e-01
5.590000000000000000e+03 9.217300000000000493e-01
5.595000000000000000e+03 9.218650000000000455e-01
5.600000000000000000e+03 9.220000000000000417e-01
5.605000000000000000e+03 9.220450000000000035e-01
5.610000000000000000e+03 9.220899999999999652e-01
5.615000000000000000e+03 9.221350000000000380e-01
5.620000000000000000e+03 9.221799999999999997e-01
5.625000000000000000e+03 9.222249999999999615e-01
5.630000000000000000e+03 9.222700000000000342e-01
5.635000000000000000e+03 9.223149999999999959e-01
5.640000000000000000e+03 9.223599999999999577e-01
5.645000000000000000e+03 9.224050000000000304e-01
5.650000000000000000e+03 9.224499999999999922e-01
5.655000000000000000e+03 9.224949999999999539e-01
5.660000000000000000e+03 9.225400000000000267e-01
5.665000000000000000e+03 9.225849999999999884e-01
5.670000000000000000e+03 9.226299999999999502e-01
5.675000000000000000e+03 9.226750000000000229e-01
5.680000000000000000e+03 9.227199999999999847e-01
5.685000000000000000e+03 9.227649999999999464e-01
5.690000000000000000e+03 9.228100000000000191e-01
5.695000000000000000e+03 9.228549999999999809e-01
5.700000000000000000e+03 9.229000000000000536e-01
5.705000000000000000e+03 9.229100000000000081e-01
5.710000000000000000e+03 9.229199999999999626e-01
5.715000000000000000e+03 9.229300000000000281e-01
5.720000000000000000e+03 9.229399999999999826e-01
5.725000000000000000e+03 9.229500000000000481e-01
5.730000000000000000e+03 9.229600000000000026e-01
5.735000000000000000e+03 9.229699999999999571e-01
5.740000000000000000e+03 9.229800000000000226e-01
5.745000000000000000e+03 9.229899999999999771e-01
5.750000000000000000e+03 9.230000000000000426e-01
5.755000000000000000e+03 9.230099999999999971e-01
5.760000000000000000e+03 9.230199999999999516e-01
5.765000000000000000e+03 9.230300000000000171e-01
5.770000000000000000e+03 9.230399999999999716e-01
5.775000000000000000e+03 9.230500000000000371e-01
5.780000000000000000e+03 9.230599999999999916e-01
5.785000000000000000e+03 9.230699999999999461e-01
5.790000000000000000e+03 9.230800000000000116e-01
5.795000000000000000e+03 9.230899999999999661e-01
5.800000000000000000e+03 9.231000000000000316e-01
5.805000000000000000e+03 9.230350000000000499e-01
5.810000000000000000e+03 9.229699999999999571e-01
5.815000000000000000e+03 9.229049999999999754e-01
5.820000000000000000e+03 9.228399999999999936e-01
5.825000000000000000e+03 9.227750000000000119e-01
5.830000000000000000e+03 9.227100000000000302e-01
5.835000000000000000e+03 9.226450000000000484e-01
5.840000000000000000e+03 9.225799999999999557e-01
5.845000000000000000e+03 9.225149999999999739e-01
5.850000000000000000e+03 9.224499999999999922e-01
5.855000000000000000e+03 9.223850000000000104e-01
5.860000000000000000e+03 9.223200000000000287e-01
5.865000000000000000e+03 9.222550000000000470e-01
5.870000000000000000e+03 9.221899999999999542e-01
5.875000000000000000e+03 9.221249999999999725e-01
5.880000000000000000e+03 9.220599999999999907e-01
5.885000000000000000e+03 9.219950000000000090e-01
5.890000000000000000e+03 9.219300000000000272e-01
5.895000000000000000e+03 9.218650000000000455e-01
5.900000000000000000e+03 9.217999999999999527e-01
5.905000000000000000e+03 9.216999999999999638e-01
5.910000000000000000e+03 9.215999999999999748e-01
5.915000000000000000e+03 9.214999999999999858e-01
5.920000000000000000e+03 9.213999999999999968e-01
5.925000000000000000e+03 9.213000000000000078e-01
5.930000000000000000e+03 9.212000000000000188e-01
5.935000000000000000e+03 9.211000000000000298e-01
5.940000000000000000e+03 9.210000000000000409e-01
5.945000000000000000e+03 9.209000000000000519e-01
5.950000000000000000e+03 9.207999999999999519e-01
5.955000000000000000e+03 9.206999999999999629e-01
5.960000000000000000e+03 9.205999999999999739e-01
5.965000000000000000e+03 9.204999999999999849e-01
5.970000000000000000e+03 9.203999999999999959e-01
5.975000000000000000e+03 9.203000000000000069e-01
5.980000000000000000e+03 9.202000000000000179e-01
5.985000000000000000e+03 9.201000000000000290e-01
5.990000000000000000e+03 9.200000000000000400e-01
5.995000000000000000e+03 9.199000000000000510e-01
6.000000000000000000e+03 9.197999999999999510e-01
6.005000000000000000e+03 9.196250000000000258e-01
6.010000000000000000e+03 9.194499999999999895e-01
6.015000000000000000e+03 9.192749999999999533e-01
6.020000000000000000e+03 9.191000000000000281e-01
6.025000000000000000e+03 9.189249999999999918e-01
6.030000000000000000e+03 9.187499999999999556e-01
6.035000000000000000e+03 9.185750000000000304e-01
6.040000000000000000e+03 9.183999999999999941e-01
6.045000000000000000e+03 9.182249999999999579e-01
6.050000000000000000e+03 9.180500000000000327e-01
6.055000000000000000e+03 9.178749999999999964e-01
6.060000000000000000e+03 9.176999999999999602e-01
6.065000000000000000e+03 9.175250000000000350e-01
6.070000000000000000e+03 9.173499999999999988e-01
6.075000000000000000e+03 9.171749999999999625e-01
6.080000000000000000e+03 9.170000000000000373e-01
6.085000000000000000e+03 9.168250000000000011e-01
6.090000000000000000e+03 9.166499999999999648e-01
6.095000000000000000e+03 9.164750000000000396e-01
6.100000000000000000e+03 9.163000000000000034e-01
6.105000000000000000e+03 9.161000000000000254e-01
6.110000000000000000e+03 9.159000000000000474e-01
6.115000000000000000e+03 9.156999999999999584e-01
6.120000000000000000e+03 9.154999999999999805e-01
6.125000000000000000e+03 9.153000000000000025e-01
6.130000000000000000e+03 9.151000000000000245e-01
6.135000000000000000e+03 9.149000000000000465e-01
6.140000000000000000e+03 9.146999999999999575e-01
6.145000000000000000e+03 9.144999999999999796e-01
6.150000000000000000e+03 9.143000000000000016e-01
6.155000000000000000e+03 9.141000000000000236e-01
6.160000000000000000e+03 9.139000000000000457e-01
6.165000000000000000e+03 9.136999999999999567e-01
6.170000000000000000e+03 9.134999999999999787e-01
6.175000000000000000e+03 9.133000000000000007e-01
6.180000000000000000e+03 9.131000000000000227e-01
6.185000000000000000e+03 9.129000000000000448e-01
6.190000000000000000e+03 9.126999999999999558e-01
6.195000000000000000e+03 9.124999999999999778e-01
6.200000000000000000e+03 9.122999999999999998e-01
6.205000000000000000e+03 9.120399999999999618e-01
6.210000000000000000e+03 9.117800000000000349e-01
6.215000000000000000e+03 9.115199999999999969e-01
6.220000000000000000e+03 9.112599999999999589e-01
6.225000000000000000e+03 9.110000000000000320e-01
6.230000000000000000e+03 9.107399999999999940e-01
6.235000000000000000e+03 9.104799999999999560e-01
6.240000000000000000e+03 9.102200000000000291e-01
6.245000000000000000e+03 9.099599999999999911e-01
6.250000000000000000e+03 9.096999999999999531e-01
6.255000000000000000e+03 9.094400000000000261e-01
6.260000000000000000e+03 9.091799999999999882e-01
6.265000000000000000e+03 9.089199999999999502e-01
6.270000000000000000e+03 9.086600000000000232e-01
6.275000000000000000e+03 9.083999999999999853e-01
6.280000000000000000e+03 9.081399999999999473e-01
6.285000000000000000e+03 9.078800000000000203e-01
6.290000000000000000e+03 9.076199999999999823e-01
6.295000000000000000e+03 9.073600000000000554e-01
6.300000000000000000e+03 9.071000000000000174e-01
6.305000000000000000e+03 9.067849999999999522e-01
6.310000000000000000e+03 9.064699999999999980e-01
6.315000000000000000e+03 9.061550000000000438e-01
6.320000000000000000e+03 9.058399999999999785e-01
6.325000000000000000e+03 9.055250000000000243e-01
6.330000000000000000e+03 9.052099999999999591e-01
6.335000000000000000e+03 9.048950000000000049e-01
6.340000000000000000e+03 9.045800000000000507e-01
6.345000000000000000e+03 9.042649999999999855e-01
6.350000000000000000e+03 9.039500000000000313e-01
6.355000000000000000e+03 9.036349999999999660e-01
6.360000000000000000e+03 9.033200000000000118e-01
6.365000000000000000e+03 9.030049999999999466e-01
6.370000000000000000e+03 9.026899999999999924e-01
6.375000000000000000e+03 9.023750000000000382e-01
6.380000000000000000e+03 9.020599999999999730e-01
6.385000000000000000e+03 9.017450000000000188e-01
6.390000000000000000e+03 9.014299999999999535e-01
6.395000000000000000e+03 9.011149999999999993e-01
6.400000000000000000e+03 9.008000000000000451e-01
6.405000000000000000e+03 9.004199999999999982e-01
6.410000000000000000e+03 9.000399999999999512e-01
6.415000000000000000e+03 8.996600000000000152e-01
6.420000000000000000e+03 8.992799999999999683e-01
6.425000000000000000e+03 8.989000000000000323e-01
6.430000000000000000e+03 8.985199999999999854e-01
6.435000000000000000e+03 8.981400000000000494e-01
6.440000000000000000e+03 8.977600000000000025e-01
6.445000000000000000e+03 8.973799999999999555e-01
6.450000000000000000e+03 8.970000000000000195e-01
6.455000000000000000e+03 8.966199999999999726e-01
6.460000000000000000e+03 8.962400000000000366e-01
6.465000000000000000e+03 8.958599999999999897e-01
6.470000000000000000e+03 8.954800000000000537e-01
6.475000000000000000e+03 8.951000000000000068e-01
6.480000000000000000e+03 8.947199999999999598e-01
6.485000000000000000e+03 8.943400000000000238e-01
6.490000000000000000e+03 8.939599999999999769e-01
6.495000000000000000e+03 8.935800000000000409e-01
6.500000000000000000e+03 8.931999999999999940e-01
6.505000000000000000e+03 8.927549999999999653e-01
6.510000000000000000e+03 8.923100000000000476e-01
6.515000000000000000e+03 8.918650000000000189e-01
6.520000000000000000e+03 8.914199999999999902e-01
6.525000000000000000e+03 8.909749999999999615e-01
6.530000000000000000e+03 8.905300000000000438e-01
6.535000000000000000e+03 8.900850000000000151e-01
6.540000000000000000e+03 8.896399999999999864e-01
6.545000000000000000e+03 8.891949999999999577e-01
6.550000000000000000e+03 8.887500000000000400e-01
6.555000000000000000e+03 8.883050000000000113e-01
6.560000000000000000e+03 8.878599999999999826e-01
6.565000000000000000e+03 8.874149999999999539e-01
6.570000000000000000e+03 8.869700000000000362e-01
6.575000000000000000e+03 8.865250000000000075e-01
6.580000000000000000e+03 8.860799999999999788e-01
6.585000000000000000e+03 8.856349999999999500e-01
6.590000000000000000e+03 8.851900000000000324e-01
6.595000000000000000e+03 8.847450000000000037e-01
6.600000000000000000e+03 8.842999999999999750e-01
6.605000000000000000e+03 8.837899999999999645e-01
6.610000000000000000e+03 8.832799999999999541e-01
6.615000000000000000e+03 8.827700000000000546e-01
6.620000000000000000e+03 8.822600000000000442e-01
6.625000000000000000e+03 8.817500000000000338e-01
6.630000000000000000e+03 8.812400000000000233e-01
6.635000000000000000e+03 8.807300000000000129e-01
6.640000000000000000e+03 8.802200000000000024e-01
6.645000000000000000e+03 8.797099999999999920e-01
6.650000000000000000e+03 8.791999999999999815e-01
6.655000000000000000e+03 8.786899999999999711e-01
6.660000000000000000e+03 8.781799999999999606e-01
6.665000000000000000e+03 8.776699999999999502e-01
6.670000000000000000e+03 8.771600000000000508e-01
6.675000000000000000e+03 8.766500000000000403e-01
6.680000000000000000e+03 8.761400000000000299e-01
6.685000000000000000e+03 8.756300000000000194e-01
6.690000000000000000e+03 8.751200000000000090e-01
6.695000000000000000e+03 8.746099999999999985e-01
6.700000000000000000e+03 8.740999999999999881e-01
6.705000000000000000e+03 8.735349999999999504e-01
6.710000000000000000e+03 8.729700000000000237e-01
6.715000000000000000e+03 8.724049999999999860e-01
6.720000000000000000e+03 8.718399999999999483e-01
6.725000000000000000e+03 8.712750000000000217e-01
6.730000000000000000e+03 8.707099999999999840e-01
6.735000000000000000e+03 8.701449999999999463e-01
6.740000000000000000e+03 8.695800000000000196e-01
6.745000000000000000e+03 8.690149999999999819e-01
6.750000000000000000e+03 8.684500000000000552e-01
6.755000000000000000e+03 8.678850000000000176e-01
6.760000000000000000e+03 8.673199999999999799e-01
6.765000000000000000e+03 8.667550000000000532e-01
6.770000000000000000e+03 8.661900000000000155e-01
6.775000000000000000e+03 8.656249999999999778e-01
6.780000000000000000e+03 8.650600000000000511e-01
6.785000000000000000e+03 8.644950000000000134e-01
6.790000000000000000e+03 8.639299999999999757e-01
6.795000000000000000e+03 8.633650000000000491e-01
6.800000000000000000e+03 8.628000000000000114e-01
6.805000000000000000e+03 8.621699999999999919e-01
6.810000000000000000e+03 8.615399999999999725e-01
6.815000000000000000e+03 8.609099999999999531e-01
6.820000000000000000e+03 8.602800000000000447e-01
6.825000000000000000e+03 8.596500000000000252e-01
6.830000000000000000e+03 8.590200000000000058e-01
6.835000000000000000e+03 8.583899999999999864e-01
6.840000000000000000e+03 8.577599999999999669e-01
6.845000000000000000e+03 8.571299999999999475e-01
6.850000000000000000e+03 8.565000000000000391e-01
6.855000000000000000e+03 8.558700000000000196e-01
6.860000000000000000e+03 8.552400000000000002e-01
6.865000000000000000e+03 8.546099999999999808e-01
6.870000000000000000e+03 8.539799999999999613e-01
6.875000000000000000e+03 8.533500000000000529e-01
6.880000000000000000e+03 8.527200000000000335e-01
6.885000000000000000e+03 8.520900000000000141e-01
6.890000000000000000e+03 8.514599999999999946e-01
6.895000000000000000e+03 8.508299999999999752e-01
6.900000000000000000e+03 8.501999999999999558e-01
6.905000000000000000e+03 8.494950000000000001e-01
6.910000000000000000e+03 8.487900000000000444e-01
6.915000000000000000e+03 8.480849999999999778e-01
6.920000000000000000e+03 8.473800000000000221e-01
6.925000000000000000e+03 8.466749999999999554e-01
6.930000000000000000e+03 8.459699999999999998e-01
6.935000000000000000e+03 8.452650000000000441e-01
6.940000000000000000e+03 8.445599999999999774e-01
6.945000000000000000e+03 8.438550000000000217e-01
6.950000000000000000e+03 8.431499999999999551e-01
6.955000000000000000e+03 8.424449999999999994e-01
6.960000000000000000e+03 8.417400000000000437e-01
6.965000000000000000e+03 8.410349999999999770e-01
6.970000000000000000e+03 8.403300000000000214e-01
6.975000000000000000e+03 8.396249999999999547e-01
6.980000000000000000e+03 8.389199999999999990e-01
6.985000000000000000e+03 8.382150000000000434e-01
6.990000000000000000e+03 8.375099999999999767e-01
6.995000000000000000e+03 8.368050000000000210e-01
7.000000000000000000e+03 8.360999999999999543e-01
7.005000000000000000e+03 8.353300000000000169e-01
7.010000000000000000e+03 8.345599999999999685e-01
7.015000000000000000e+03 8.337900000000000311e-01
7.020000000000000000e+03 8.330199999999999827e-01
7.025000000000000000e+03 8.322500000000000453e-01
7.030000000000000000e+03 8.314799999999999969e-01
7.035000000000000000e+03 8.307099999999999485e-01
7.040000000000000000e+03 8.299400000000000110e-01
7.045000000000000000e+03 8.291699999999999626e-01
7.050000000000000000e+03 8.284000000000000252e-01
7.055000000000000000e+03 8.276299999999999768e-01
7.060000000000000000e+03 8.268600000000000394e-01
7.065000000000000000e+03 8.260899999999999910e-01
7.070000000000000000e+03 8.253200000000000536e-01
7.075000000000000000e+03 8.245500000000000052e-01
7.080000000000000000e+03 8.237799999999999567e-01
7.085000000000000000e+03 8.230100000000000193e-01
7.090000000000000000e+03 8.222399999999999709e-01
7.095000000000000000e+03 8.214700000000000335e-01
7.100000000000000000e+03 8.206999999999999851e-01
7.105000000000000000e+03 8.198499999999999677e-01
7.110000000000000000e+03 8.189999999999999503e-01
7.115000000000000000e+03 8.181500000000000439e-01
7.120000000000000000e+03 8.173000000000000265e-01
7.125000000000000000e+03 8.164500000000000091e-01
7.130000000000000000e+03 8.155999999999999917e-01
7.135000000000000000e+03 8.147499999999999742e-01
7.140000000000000000e+03 8.138999999999999568e-01
7.145000000000000000e+03 8.130500000000000504e-01
7.150000000000000000e+03 8.122000000000000330e-01
7.155000000000000000e+03 8.113500000000000156e-01
7.160000000000000000e+03 8.104999999999999982e-01
7.165000000000000000e+03 8.096499999999999808e-01
7.170000000000000000e+03 8.087999999999999634e-01
7.175000000000000000e+03 8.079499999999999460e-01
7.180000000000000000e+03 8.071000000000000396e-01
7.185000000000000000e+03 8.062500000000000222e-01
7.190000000000000000e+03 8.054000000000000048e-01
7.195000000000000000e+03 8.045499999999999874e-01
7.200000000000000000e+03 8.036999999999999700e-01
7.205000000000000000e+03 8.027750000000000163e-01
7.210000000000000000e+03 8.018499999999999517e-01
7.215000000000000000e+03 8.009249999999999980e-01
7.220000000000000000e+03 8.000000000000000444e-01
7.225000000000000000e+03 7.990749999999999797e-01
7.230000000000000000e+03 7.981500000000000261e-01
7.235000000000000000e+03 7.972249999999999615e-01
7.240000000000000000e+03 7.963000000000000078e-01
7.245000000000000000e+03 7.953750000000000542e-01
7.250000000000000000e+03 7.944499999999999895e-01
7.255000000000000000e+03 7.935250000000000359e-01
7.260000000000000000e+03 7.925999999999999712e-01
7.265000000000000000e+03 7.916750000000000176e-01
7.270000000000000000e+03 7.907499999999999529e-01
7.275000000000000000e+03 7.898249999999999993e-01
7.280000000000000000e+03 7.889000000000000457e-01
7.285000000000000000e+03 7.879749999999999810e-01
7.290000000000000000e+03 7.870500000000000274e-01
7.295000000000000000e+03 7.861249999999999627e-01
7.300000000000000000e+03 7.852000000000000091e-01
7.305000000000000000e+03 7.841949999999999754e-01
7.310000000000000000e+03 7.831900000000000528e-01
7.315000000000000000e+03 7.821850000000000191e-01
7.320000000000000000e+03 7.811799999999999855e-01
7.325000000000000000e+03 7.801749999999999519e-01
7.330000000000000000e+03 7.791700000000000292e-01
7.335000000000000000e+03 7.781649999999999956e-01
7.340000000000000000e+03 7.771599999999999620e-01
7.345000000000000000e+03 7.761550000000000393e-01
7.350000000000000000e+03 7.751500000000000057e-01
7.355000000000000000e+03 7.741449999999999720e-01
7.360000000000000000e+03 7.731400000000000494e-01
7.365000000000000000e+03 7.721350000000000158e-01
7.370000000000000000e+03 7.711299999999999821e-01
7.375000000000000000e+03 7.701249999999999485e-01
7.380000000000000000e+03 7.691200000000000259e-01
7.385000000000000000e+03 7.681149999999999922e-01
7.390000000000000000e+03 7.671099999999999586e-01
7.395000000000000000e+03 7.661050000000000360e-01
7.400000000000000000e+03 7.651000000000000023e-01
7.405000000000000000e+03 7.640149999999999997e-01
7.410000000000000000e+03 7.629299999999999971e-01
7.415000000000000000e+03 7.618449999999999944e-01
7.420000000000000000e+03 7.607599999999999918e-01
7.425000000000000000e+03 7.596749999999999892e-01
7.430000000000000000e+03 7.585899999999999865e-01
7.435000000000000000e+03 7.575049999999999839e-01
7.440000000000000000e+03 7.564199999999999813e-01
7.445000000000000000e+03 7.553349999999999786e-01
7.450000000000000000e+03 7.542499999999999760e-01
7.455000000000000000e+03 7.531649999999999734e-01
7.460000000000000000e+03 7.520799999999999708e-01
7.465000000000000000e+03 7.509949999999999681e-01
7.470000000000000000e+03 7.499099999999999655e-01
7.475000000000000000e+03 7.488249999999999629e-01
7.480000000000000000e+03 7.477399999999999602e-01
7.485000000000000000e+03 7.466549999999999576e-01
7.490000000000000000e+03 7.455699999999999550e-01
7.495000000000000000e+03 7.444849999999999524e-01
7.500000000000000000e+03 7.433999999999999497e-01
7.505000000000000000e+03 7.422299999999999454e-01
7.510000000000000000e+03 7.410600000000000520e-01
7.515000000000000000e+03 7.398900000000000476e-01
7.520000000000000000e+03 7.387200000000000433e-01
7.525000000000000000e+03 7.375500000000000389e-01
7.530000000000000000e+03 7.363800000000000345e-01
7.535000000000000000e+03 7.352100000000000302e-01
7.540000000000000000e+03 7.340400000000000258e-01
7.545000000000000000e+03 7.328700000000000214e-01
7.550000000000000000e+03 7.317000000000000171e-01
7.555000000000000000e+03 7.305300000000000127e-01
7.560000000000000000e+03 7.293600000000000083e-01
7.565000000000000000e+03 7.281900000000000039e-01
7.570000000000000000e+03 7.270199999999999996e-01
7.575000000000000000e+03 7.258499999999999952e-01
7.580000000000000000e+03 7.246799999999999908e-01
7.585000000000000000e+03 7.235099999999999865e-01
7.590000000000000000e+03 7.223399999999999821e-01
7.595000000000000000e+03 7.211699999999999777e-01
7.600000000000000000e+03 7.199999999999999734e-01
7.605000000000000000e+03 7.187550000000000328e-01
7.610000000000000000e+03 7.175099999999999811e-01
7.615000000000000000e+03 7.162650000000000405e-01
7.620000000000000000e+03 7.150199999999999889e-01
7.625000000000000000e+03 7.137750000000000483e-01
7.630000000000000000e+03 7.125299999999999967e-01
7.635000000000000000e+03 7.112849999999999451e-01
7.640000000000000000e+03 7.100400000000000045e-01
7.645000000000000000e+03 7.087949999999999529e-01
7.650000000000000000e+03 7.075500000000000123e-01
7.655000000000000000e+03 7.063049999999999606e-01
7.660000000000000000e+03 7.050600000000000200e-01
7.665000000000000000e+03 7.038149999999999684e-01
7.670000000000000000e+03 7.025700000000000278e-01
7.675000000000000000e+03 7.013249999999999762e-01
7.680000000000000000e+03 7.000800000000000356e-01
7.685000000000000000e+03 6.988349999999999840e-01
7.690000000000000000e+03 6.975900000000000434e-01
7.695000000000000000e+03 6.963449999999999918e-01
7.700000000000000000e+03 6.951000000000000512e-01
7.705000000000000000e+03 6.937799999999999523e-01
7.710000000000000000e+03 6.924599999999999644e-01
7.715000000000000000e+03 6.911399999999999766e-01
7.720000000000000000e+03 6.898199999999999887e-01
7.725000000000000000e+03 6.885000000000000009e-01
7.730000000000000000e+03 6.871800000000000130e-01
7.735000000000000000e+03 6.858600000000000252e-01
7.740000000000000000e+03 6.845400000000000373e-01
7.745000000000000000e+03 6.832200000000000495e-01
7.750000000000000000e+03 6.818999999999999506e-01
7.755000000000000000e+03 6.805799999999999628e-01
7.760000000000000000e+03 6.792599999999999749e-01
7.765000000000000000e+03 6.779399999999999871e-01
7.770000000000000000e+03 6.766199999999999992e-01
7.775000000000000000e+03 6.753000000000000114e-01
7.780000000000000000e+03 6.739800000000000235e-01
7.785000000000000000e+03 6.726600000000000357e-01
7.790000000000000000e+03 6.713400000000000478e-01
7.795000000000000000e+03 6.700199999999999489e-01
7.800000000000000000e+03 6.686999999999999611e-01
7.805000000000000000e+03 6.673099999999999588e-01
7.810000000000000000e+03 6.659199999999999564e-01
7.815000000000000000e+03 6.645299999999999541e-01
7.820000000000000000e+03 6.631399999999999517e-01
7.825000000000000000e+03 6.617499999999999494e-01
7.830000000000000000e+03 6.603599999999999470e-01
7.835000000000000000e+03 6.589699999999999447e-01
7.840000000000000000e+03 6.575800000000000534e-01
7.845000000000000000e+03 6.561900000000000510e-01
7.850000000000000000e+03 6.548000000000000487e-01
7.855000000000000000e+03 6.534100000000000463e-01
7.860000000000000000e+03 6.520200000000000440e-01
7.865000000000000000e+03 6.506300000000000416e-01
7.870000000000000000e+03 6.492400000000000393e-01
7.875000000000000000e+03 6.478500000000000369e-01
7.880000000000000000e+03 6.464600000000000346e-01
7.885000000000000000e+03 6.450700000000000323e-01
7.890000000000000000e+03 6.436800000000000299e-01
7.895000000000000000e+03 6.422900000000000276e-01
7.900000000000000000e+03 6.409000000000000252e-01
7.905000000000000000e+03 6.394499999999999629e-01
7.910000000000000000e+03 6.380000000000000115e-01
7.915000000000000000e+03 6.365499999999999492e-01
7.920000000000000000e+03 6.350999999999999979e-01
7.925000000000000000e+03 6.336500000000000465e-01
7.930000000000000000e+03 6.321999999999999842e-01
7.935000000000000000e+03 6.307500000000000329e-01
7.940000000000000000e+03 6.292999999999999705e-01
7.945000000000000000e+03 6.278500000000000192e-01
7.950000000000000000e+03 6.263999999999999568e-01
7.955000000000000000e+03 6.249500000000000055e-01
7.960000000000000000e+03 6.235000000000000542e-01
7.965000000000000000e+03 6.220499999999999918e-01
7.970000000000000000e+03 6.206000000000000405e-01
7.975000000000000000e+03 6.191499999999999782e-01
7.980000000000000000e+03 6.177000000000000268e-01
7.985000000000000000e+03 6.162499999999999645e-01
7.990000000000000000e+03 6.148000000000000131e-01
7.995000000000000000e+03 6.133499999999999508e-01
8.000000000000000000e+03 6.118999999999999995e-01
8.005000000000000000e+03 6.103849999999999554e-01
8.010000000000000000e+03 6.088700000000000223e-01
8.015000000000000000e+03 6.073549999999999782e-01
8.020000000000000000e+03 6.058400000000000452e-01
8.025000000000000000e+03 6.043250000000000011e-01
8.030000000000000000e+03 6.028099999999999570e-01
8.035000000000000000e+03 6.012950000000000239e-01
8.040000000000000000e+03 5.997799999999999798e-01
8.045000000000000000e+03 5.982650000000000468e-01
8.050000000000000000e+03 5.967500000000000027e-01
8.055000000000000000e+03 5.952349999999999586e-01
8.060000000000000000e+03 5.937200000000000255e-01
8.065000000000000000e+03 5.922049999999999814e-01
8.070000000000000000e+03 5.906900000000000484e-01
8.075000000000000000e+03 5.891750000000000043e-01
8.080000000000000000e+03 5.876599999999999602e-01
8.085000000000000000e+03 5.861450000000000271e-01
8.090000000000000000e+03 5.846299999999999830e-01
8.095000000000000000e+03 5.831150000000000500e-01
8.100000000000000000e+03 5.816000000000000059e-01
8.105000000000000000e+03 5.800349999999999673e-01
8.110000000000000000e+03 5.784700000000000397e-01
8.115000000000000000e+03 5.769050000000000011e-01
8.120000000000000000e+03 5.753399999999999626e-01
8.125000000000000000e+03 5.737750000000000350e-01
8.130000000000000000e+03 5.722099999999999964e-01
8.135000000000000000e+03 5.706449999999999578e-01
8.140000000000000000e+03 5.690800000000000303e-01
8.145000000000000000e+03 5.675149999999999917e-01
8.150000000000000000e+03 5.659499999999999531e-01
8.155000000000000000e+03 5.643850000000000255e-01
8.160000000000000000e+03 5.628199999999999870e-01
8.165000000000000000e+03 5.612549999999999484e-01
8.170000000000000000e+03 5.596900000000000208e-01
8.175000000000000000e+03 5.581249999999999822e-01
8.180000000000000000e+03 5.565600000000000547e-01
8.185000000000000000e+03 5.549950000000000161e-01
8.190000000000000000e+03 5.534299999999999775e-01
8.195000000000000000e+03 5.518650000000000500e-01
8.200000000000000000e+03 5.503000000000000114e-01
8.205000000000000000e+03 5.486950000000000438e-01
8.210000000000000000e+03 5.470899999999999652e-01
8.215000000000000000e+03 5.454849999999999977e-01
8.220000000000000000e+03 5.438800000000000301e-01
8.225000000000000000e+03 5.422749999999999515e-01
8.230000000000000000e+03 5.406699999999999839e-01
8.235000000000000000e+03 5.390650000000000164e-01
8.240000000000000000e+03 5.374600000000000488e-01
8.245000000000000000e+03 5.358549999999999702e-01
8.250000000000000000e+03 5.342500000000000027e-01
8.255000000000000000e+03 5.326450000000000351e-01
8.260000000000000000e+03 5.310399999999999565e-01
8.265000000000000000e+03 5.294349999999999890e-01
8.270000000000000000e+03 5.278300000000000214e-01
8.275000000000000000e+03 5.262250000000000538e-01
8.280000000000000000e+03 5.246199999999999752e-01
8.285000000000000000e+03 5.230150000000000077e-01
8.290000000000000000e+03 5.214100000000000401e-01
8.295000000000000000e+03 5.198049999999999615e-01
8.300000000000000000e+03 5.181999999999999940e-01
8.305000000000000000e+03 5.165699999999999736e-01
8.310000000000000000e+03 5.149399999999999533e-01
8.315000000000000000e+03 5.133100000000000440e-01
8.320000000000000000e+03 5.116800000000000237e-01
8.325000000000000000e+03 5.100500000000000034e-01
8.330000000000000000e+03 5.084199999999999831e-01
8.335000000000000000e+03 5.067899999999999627e-01
8.340000000000000000e+03 5.051600000000000534e-01
8.345000000000000000e+03 5.035300000000000331e-01
8.350000000000000000e+03 5.019000000000000128e-01
8.355000000000000000e+03 5.002699999999999925e-01
8.360000000000000000e+03 4.986400000000000277e-01
8.365000000000000000e+03 4.970100000000000073e-01
8.370000000000000000e+03 4.953799999999999870e-01
8.375000000000000000e+03 4.937500000000000222e-01
8.380000000000000000e+03 4.921200000000000019e-01
8.385000000000000000e+03 4.904899999999999816e-01
8.390000000000000000e+03 4.888600000000000168e-01
8.395000000000000000e+03 4.872299999999999964e-01
8.400000000000000000e+03 4.855999999999999761e-01
8.405000000000000000e+03 4.839450000000000141e-01
8.410000000000000000e+03 4.822899999999999965e-01
8.415000000000000000e+03 4.806349999999999789e-01
8.420000000000000000e+03 4.789800000000000169e-01
8.425000000000000000e+03 4.773249999999999993e-01
8.430000000000000000e+03 4.756699999999999817e-01
8.435000000000000000e+03 4.740150000000000197e-01
8.440000000000000000e+03 4.723600000000000021e-01
8.445000000000000000e+03 4.707049999999999845e-01
8.450000000000000000e+03 4.690500000000000225e-01
8.455000000000000000e+03 4.673950000000000049e-01
8.460000000000000000e+03 4.657399999999999873e-01
8.465000000000000000e+03 4.640850000000000253e-01
8.470000000000000000e+03 4.624300000000000077e-01
8.475000000000000000e+03 4.607749999999999901e-01
8.480000000000000000e+03 4.591199999999999726e-01
8.485000000000000000e+03 4.574650000000000105e-01
8.490000000000000000e+03 4.558099999999999929e-01
8.495000000000000000e+03 4.541549999999999754e-01
8.500000000000000000e+03 4.525000000000000133e-01
8.505000000000000000e+03 4.508349999999999858e-01
8.510000000000000000e+03 4.491700000000000137e-01
8.515000000000000000e+03 4.475049999999999861e-01
8.520000000000000000e+03 4.458400000000000141e-01
8.525000000000000000e+03 4.441749999999999865e-01
8.530000000000000000e+03 4.425100000000000144e-01
8.535000000000000000e+03 4.408449999999999869e-01
8.540000000000000000e+03 4.391800000000000148e-01
8.545000000000000000e+03 4.375149999999999872e-01
8.550000000000000000e+03 4.358500000000000152e-01
8.555000000000000000e+03 4.341849999999999876e-01
8.560000000000000000e+03 4.325200000000000156e-01
8.565000000000000000e+03 4.308549999999999880e-01
8.570000000000000000e+03 4.291900000000000159e-01
8.575000000000000000e+03 4.275249999999999884e-01
8.580000000000000000e+03 4.258600000000000163e-01
8.585000000000000000e+03 4.241949999999999887e-01
8.590000000000000000e+03 4.225300000000000167e-01
8.595000000000000000e+03 4.208649999999999891e-01
8.600000000000000000e+03 4.192000000000000171e-01
8.605000000000000000e+03 4.175400000000000222e-01
8.610000000000000000e+03 4.158800000000000274e-01
8.615000000000000000e+03 4.142199999999999771e-01
8.620000000000000000e+03 4.125599999999999823e-01
8.625000000000000000e+03 4.108999999999999875e-01
8.630000000000000000e+03 4.092399999999999927e-01
8.635000000000000000e+03 4.075799999999999979e-01
8.640000000000000000e+03 4.059200000000000030e-01
8.645000000000000000e+03 4.042600000000000082e-01
8.650000000000000000e+03 4.026000000000000134e-01
8.655000000000000000e+03 4.009400000000000186e-01
8.660000000000000000e+03 3.992800000000000238e-01
8.665000000000000000e+03 3.976199999999999735e-01
8.670000000000000000e+03 3.959599999999999786e-01
8.675000000000000000e+03 3.942999999999999838e-01
8.680000000000000000e+03 3.926399999999999890e-01
8.685000000000000000e+03 3.909799999999999942e-01
8.690000000000000000e+03 3.893199999999999994e-01
8.695000000000000000e+03 3.876600000000000046e-01
8.700000000000000000e+03 3.860000000000000098e-01
8.705000000000000000e+03 3.843500000000000250e-01
8.710000000000000000e+03 3.826999999999999846e-01
8.715000000000000000e+03 3.810499999999999998e-01
8.720000000000000000e+03 3.794000000000000150e-01
8.725000000000000000e+03 3.777499999999999747e-01
8.730000000000000000e+03 3.760999999999999899e-01
8.735000000000000000e+03 3.744500000000000051e-01
8.740000000000000000e+03 3.728000000000000203e-01
8.745000000000000000e+03 3.711499999999999799e-01
8.750000000000000000e+03 3.694999999999999951e-01
8.755000000000000000e+03 3.678500000000000103e-01
8.760000000000000000e+03 3.662000000000000255e-01
8.765000000000000000e+03 3.645499999999999852e-01
8.770000000000000000e+03 3.629000000000000004e-01
8.775000000000000000e+03 3.612500000000000155e-01
8.780000000000000000e+03 3.595999999999999752e-01
8.785000000000000000e+03 3.579499999999999904e-01
8.790000000000000000e+03 3.563000000000000056e-01
8.795000000000000000e+03 3.546500000000000208e-01
8.800000000000000000e+03 3.529999999999999805e-01
8.805000000000000000e+03 3.513749999999999929e-01
8.810000000000000000e+03 3.497500000000000053e-01
8.815000000000000000e+03 3.481250000000000178e-01
8.820000000000000000e+03 3.464999999999999747e-01
8.825000000000000000e+03 3.448749999999999871e-01
8.830000000000000000e+03 3.432499999999999996e-01
8.835000000000000000e+03 3.416250000000000120e-01
8.840000000000000000e+03 3.400000000000000244e-01
8.845000000000000000e+03 3.383749999999999813e-01
8.850000000000000000e+03 3.367499999999999938e-01
8.855000000000000000e+03 3.351250000000000062e-01
8.860000000000000000e+03 3.335000000000000187e-01
8.865000000000000000e+03 3.318749999999999756e-01
8.870000000000000000e+03 3.302499999999999880e-01
8.875000000000000000e+03 3.286250000000000004e-01
8.880000000000000000e+03 3.270000000000000129e-01
8.885000000000000000e+03 3.253750000000000253e-01
8.890000000000000000e+03 3.237499999999999822e-01
8.895000000000000000e+03 3.221249999999999947e-01
8.900000000000000000e+03 3.205000000000000071e-01
8.905000000000000000e+03 3.189150000000000040e-01
8.910000000000000000e+03 3.173300000000000010e-01
8.915000000000000000e+03 3.157449999999999979e-01
8.920000000000000000e+03 3.141599999999999948e-01
8.925000000000000000e+03 3.125749999999999917e-01
8.930000000000000000e+03 3.109899999999999887e-01
8.935000000000000000e+03 3.094049999999999856e-01
8.940000000000000000e+03 3.078199999999999825e-01
8.945000000000000000e+03 3.062349999999999794e-01
8.950000000000000000e+03 3.046499999999999764e-01
8.955000000000000000e+03 3.030649999999999733e-01
8.960000000000000000e+03 3.014800000000000257e-01
8.965000000000000000e+03 2.998950000000000227e-01
8.970000000000000000e+03 2.983100000000000196e-01
8.975000000000000000e+03 2.967250000000000165e-01
8.980000000000000000e+03 2.951400000000000134e-01
8.985000000000000000e+03 2.935550000000000104e-01
8.990000000000000000e+03 2.919700000000000073e-01
8.995000000000000000e+03 2.903850000000000042e-01
9.000000000000000000e+03 2.888000000000000012e-01
9.005000000000000000e+03 2.872600000000000153e-01
9.010000000000000000e+03 2.857199999999999740e-01
9.015000000000000000e+03 2.841799999999999882e-01
9.020000000000000000e+03 2.826400000000000023e-01
9.025000000000000000e+03 2.811000000000000165e-01
9.030000000000000000e+03 2.795599999999999752e-01
9.035000000000000000e+03 2.780199999999999894e-01
9.040000000000000000e+03 2.764800000000000035e-01
9.045000000000000000e+03 2.749400000000000177e-01
9.050000000000000000e+03 2.733999999999999764e-01
9.055000000000000000e+03 2.718599999999999905e-01
9.060000000000000000e+03 2.703200000000000047e-01
9.065000000000000000e+03 2.687800000000000189e-01
9.070000000000000000e+03 2.672399999999999776e-01
9.075000000000000000e+03 2.656999999999999917e-01
9.080000000000000000e+03 2.641600000000000059e-01
9.085000000000000000e+03 2.626200000000000201e-01
9.090000000000000000e+03 2.610799999999999788e-01
9.095000000000000000e+03 2.595399999999999929e-01
9.100000000000000000e+03 2.580000000000000071e-01
9.105000000000000000e+03 2.565149999999999930e-01
9.110000000000000000e+03 2.550299999999999789e-01
9.115000000000000000e+03 2.535450000000000204e-01
9.120000000000000000e+03 2.520600000000000063e-01
9.125000000000000000e+03 2.505749999999999922e-01
9.130000000000000000e+03 2.490900000000000059e-01
9.135000000000000000e+03 2.476049999999999918e-01
9.140000000000000000e+03 2.461200000000000054e-01
9.145000000000000000e+03 2.446349999999999913e-01
9.150000000000000000e+03 2.431500000000000050e-01
9.155000000000000000e+03 2.416649999999999909e-01
9.160000000000000000e+03 2.401800000000000046e-01
9.165000000000000000e+03 2.386949999999999905e-01
9.170000000000000000e+03 2.372100000000000042e-01
9.175000000000000000e+03 2.357249999999999901e-01
9.180000000000000000e+03 2.342400000000000038e-01
9.185000000000000000e+03 2.327549999999999897e-01
9.190000000000000000e+03 2.312700000000000033e-01
9.195000000000000000e+03 2.297849999999999893e-01
9.200000000000000000e+03 2.283000000000000029e-01
9.205000000000000000e+03 2.268850000000000033e-01
9.210000000000000000e+03 2.254700000000000037e-01
9.215000000000000000e+03 2.240550000000000042e-01
9.220000000000000000e+03 2.226400000000000046e-01
9.225000000000000000e+03 2.212250000000000050e-01
9.230000000000000000e+03 2.198100000000000054e-01
9.235000000000000000e+03 2.183950000000000058e-01
9.240000000000000000e+03 2.169800000000000062e-01
9.245000000000000000e+03 2.155650000000000066e-01
9.250000000000000000e+03 2.141500000000000070e-01
9.255000000000000000e+03 2.127350000000000074e-01
9.260000000000000000e+03 2.113200000000000078e-01
9.265000000000000000e+03 2.099050000000000082e-01
9.270000000000000000e+03 2.084900000000000087e-01
9.275000000000000000e+03 2.070750000000000091e-01
9.280000000000000000e+03 2.056600000000000095e-01
9.285000000000000000e+03 2.042450000000000099e-01
9.290000000000000000e+03 2.028300000000000103e-01
9.295000000000000000e+03 2.014150000000000107e-01
9.300000000000000000e+03 2.000000000000000111e-01
9.305000000000000000e+03 1.986600000000000033e-01
9.310000000000000000e+03 1.973199999999999954e-01
9.315000000000000000e+03 1.959799999999999875e-01
9.320000000000000000e+03 1.946400000000000075e-01
9.325000000000000000e+03 1.932999999999999996e-01
9.330000000000000000e+03 1.919599999999999917e-01
9.335000000000000000e+03 1.906200000000000117e-01
9.340000000000000000e+03 1.892800000000000038e-01
9.345000000000000000e+03 1.879399999999999959e-01
9.350000000000000000e+03 1.865999999999999881e-01
9.355000000000000000e+03 1.852600000000000080e-01
9.360000000000000000e+03 1.839200000000000002e-01
9.365000000000000000e+03 1.825799999999999923e-01
9.370000000000000000e+03 1.812400000000000122e-01
9.375000000000000000e+03 1.799000000000000044e-01
9.380000000000000000e+03 1.785599999999999965e-01
9.385000000000000000e+03 1.772199999999999886e-01
9.390000000000000000e+03 1.758800000000000086e-01
9.395000000000000000e+03 1.745400000000000007e-01
9.400000000000000000e+03 1.731999999999999929e-01
9.405000000000000000e+03 1.719400000000000095e-01
9.410000000000000000e+03 1.706799999999999984e-01
9.415000000000000000e+03 1.694199999999999873e-01
9.420000000000000000e+03 1.681600000000000039e-01
9.425000000000000000e+03 1.668999999999999928e-01
9.430000000000000000e+03 1.656400000000000095e-01
9.435000000000000000e+03 1.643799999999999983e-01
9.440000000000000000e+03 1.631199999999999872e-01
9.445000000000000000e+03 1.618600000000000039e-01
9.450000000000000000e+03 1.605999999999999928e-01
9.455000000000000000e+03 1.593400000000000094e-01
9.460000000000000000e+03 1.580799999999999983e-01
9.465000000000000000e+03 1.568199999999999872e-01
9.470000000000000000e+03 1.555600000000000038e-01
9.475000000000000000e+03 1.542999999999999927e-01
9.480000000000000000e+03 1.530400000000000094e-01
9.485000000000000000e+03 1.517799999999999983e-01
9.490000000000000000e+03 1.505199999999999871e-01
9.495000000000000000e+03 1.492600000000000038e-01
9.500000000000000000e+03 1.479999999999999927e-01
9.505000000000000000e+03 1.468349999999999933e-01
9.510000000000000000e+03 1.456699999999999939e-01
9.515000000000000000e+03 1.445049999999999946e-01
9.520000000000000000e+03 1.433399999999999952e-01
9.525000000000000000e+03 1.421749999999999958e-01
9.530000000000000000e+03 1.410099999999999965e-01
9.535000000000000000e+03 1.398449999999999971e-01
9.540000000000000000e+03 1.386799999999999977e-01
9.545000000000000000e+03 1.375149999999999983e-01
9.550000000000000000e+03 1.363499999999999990e-01
9.555000000000000000e+03 1.351849999999999996e-01
9.560000000000000000e+03 1.340200000000000002e-01
9.565000000000000000e+03 1.328550000000000009e-01
9.570000000000000000e+03 1.316900000000000015e-01
9.575000000000000000e+03 1.305250000000000021e-01
9.580000000000000000e+03 1.293600000000000028e-01
9.585000000000000000e+03 1.281950000000000034e-01
9.590000000000000000e+03 1.270300000000000040e-01
9.595000000000000000e+03 1.258650000000000047e-01
9.600000000000000000e+03 1.247000000000000053e-01
9.605000000000000000e+03 1.236249999999999988e-01
9.610000000000000000e+03 1.225500000000000062e-01
9.615000000000000000e+03 1.214749999999999996e-01
9.620000000000000000e+03 1.203999999999999931e-01
9.625000000000000000e+03 1.193250000000000005e-01
9.630000000000000000e+03 1.182499999999999940e-01
9.635000000000000000e+03 1.171750000000000014e-01
9.640000000000000000e+03 1.160999999999999949e-01
9.645000000000000000e+03 1.150250000000000022e-01
9.650000000000000000e+03 1.139499999999999957e-01
9.655000000000000000e+03 1.128750000000000031e-01
9.660000000000000000e+03 1.117999999999999966e-01
9.665000000000000000e+03 1.107250000000000040e-01
9.670000000000000000e+03 1.096499999999999975e-01
9.675000000000000000e+03 1.085750000000000048e-01
9.680000000000000000e+03 1.074999999999999983e-01
9.685000000000000000e+03 1.064250000000000057e-01
9.690000000000000000e+03 1.053499999999999992e-01
9.695000000000000000e+03 1.042750000000000066e-01
9.700000000000000000e+03 1.032000000000000001e-01
9.705000000000000000e+03 1.022300000000000014e-01
9.710000000000000000e+03 1.012600000000000028e-01
9.715000000000000000e+03 1.002900000000000041e-01
9.720000000000000000e+03 9.932000000000000550e-02
9.725000000000000000e+03 9.835000000000000686e-02
9.730000000000000000e+03 9.737999999999999434e-02
9.735000000000000000e+03 9.640999999999999570e-02
9.740000000000000000e+03 9.543999999999999706e-02
9.745000000000000000e+03 9.446999999999999842e-02
9.750000000000000000e+03 9.349999999999999978e-02
9.755000000000000000e+03 9.253000000000000114e-02
9.760000000000000000e+03 9.156000000000000250e-02
9.765000000000000000e+03 9.059000000000000385e-02
9.770000000000000000e+03 8.962000000000000521e-02
9.775000000000000000e+03 8.865000000000000657e-02
9.780000000000000000e+03 8.767999999999999405e-02
9.785000000000000000e+03 8.670999999999999541e-02
9.790000000000000000e+03 8.573999999999999677e-02
9.795000000000000000e+03 8.476999999999999813e-02
9.800000000000000000e+03 8.379999999999999949e-02
9.805000000000000000e+03 8.293000000000000371e-02
9.810000000000000000e+03 8.205999999999999406e-02
9.815000000000000000e+03 8.118999999999999828e-02
9.820000000000000000e+03 8.032000000000000250e-02
9.825000000000000000e+03 7.945000000000000673e-02
9.830000000000000000e+03 7.857999999999999707e-02
9.835000000000000000e+03 7.771000000000000130e-02
9.840000000000000000e+03 7.684000000000000552e-02
9.845000000000000000e+03 7.596999999999999587e-02
9.850000000000000000e+03 7.510000000000000009e-02
9.855000000000000000e+03 7.423000000000000431e-02
9.860000000000000000e+03 7.335999999999999466e-02
9.865000000000000000e+03 7.248999999999999888e-02
9.870000000000000000e+03 7.162000000000000310e-02
9.875000000000000000e+03 7.074999999999999345e-02
9.880000000000000000e+03 6.987999999999999767e-02
9.885000000000000000e+03 6.901000000000000190e-02
9.890000000000000000e+03 6.814000000000000612e-02
9.895000000000000000e+03 6.726999999999999647e-02
9.900000000000000000e+03 6.640000000000000069e-02
9.905000000000000000e+03 6.564000000000000390e-02
9.910000000000000000e+03 6.487999999999999323e-02
9.915000000000000000e+03 6.411999999999999644e-02
9.920000000000000000e+03 6.335999999999999965e-02
9.925000000000000000e+03 6.260000000000000286e-02
9.930000000000000000e+03 6.183999999999999914e-02
9.935000000000000000e+03 6.108000000000000235e-02
9.940000000000000000e+03 6.031999999999999862e-02
9.945000000000000000e+03 5.956000000000000183e-02
9.950000000000000000e+03 5.879999999999999810e-02
9.955000000000000000e+03 5.804000000000000131e-02
9.960000000000000000e+03 5.727999999999999758e-02
9.965000000000000000e+03 5.652000000000000079e-02
9.970000000000000000e+03 5.575999999999999707e-02
9.975000000000000000e+03 5.500000000000000028e-02
9.980000000000000000e+03 5.423999999999999655e-02
9.985000000000000000e+03 5.347999999999999976e-02
9.990000000000000000e+03 5.272000000000000297e-02
9.995000000000000000e+03 5.195999999999999924e-02
1.000000000000000000e+04 5.120000000000000245e-02
1.000500000000000000e+04 5.054999999999999771e-02
1.001000000000000000e+04 4.989999999999999991e-02
1.001500000000000000e+04 4.925000000000000211e-02
1.002000000000000000e+04 4.859999999999999737e-02
1.002500000000000000e+04 4.794999999999999957e-02
1.003000000000000000e+04 4.730000000000000177e-02
1.003500000000000000e+04 4.664999999999999702e-02
1.004000000000000000e+04 4.599999999999999922e-02
1.004500000000000000e+04 4.535000000000000142e-02
1.005000000000000000e+04 4.469999999999999668e-02
1.005500000000000000e+04 4.404999999999999888e-02
1.006000000000000000e+04 4.340000000000000108e-02
1.006500000000000000e+04 4.275000000000000328e-02
1.007000000000000000e+04 4.209999999999999853e-02
1.007500000000000000e+04 4.145000000000000073e-02
1.008000000000000000e+04 4.080000000000000293e-02
1.008500000000000000e+04 4.014999999999999819e-02
1.009000000000000000e+04 3.950000000000000039e-02
1.009500000000000000e+04 3.885000000000000259e-02
1.010000000000000000e+04 3.819999999999999785e-02
1.010500000000000000e+04 3.765500000000000097e-02
1.011000000000000000e+04 3.710999999999999716e-02
1.011500000000000000e+04 3.656500000000000028e-02
1.012000000000000000e+04 3.602000000000000340e-02
1.012500000000000000e+04 3.547499999999999959e-02
1.013000000000000000e+04 3.493000000000000271e-02
1.013500000000000000e+04 3.438499999999999890e-02
1.014000000000000000e+04 3.384000000000000202e-02
1.014500000000000000e+04 3.329499999999999821e-02
1.015000000000000000e+04 3.275000000000000133e-02
1.015500000000000000e+04 3.220499999999999752e-02
1.016000000000000000e+04 3.166000000000000064e-02
1.016500000000000000e+04 3.111500000000000030e-02
1.017000000000000000e+04 3.056999999999999995e-02
1.017500000000000000e+04 3.002499999999999961e-02
1.018000000000000000e+04 2.947999999999999926e-02
1.018500000000000000e+04 2.893499999999999892e-02
1.019000000000000000e+04 2.838999999999999857e-02
1.019500000000000000e+04 2.784500000000000169e-02
1.020000000000000000e+04 2.730000000000000135e-02
1.020500000000000000e+04 2.686499999999999999e-02
1.021000000000000000e+04 2.642999999999999863e-02
1.021500000000000000e+04 2.599500000000000074e-02
1.022000000000000000e+04 2.555999999999999939e-02
1.022500000000000000e+04 2.512500000000000150e-02
1.023000000000000000e+04 2.469000000000000014e-02
1.023500000000000000e+04 2.425499999999999878e-02
1.024000000000000000e+04 2.382000000000000089e-02
1.024500000000000000e+04 2.338499999999999954e-02
1.025000000000000000e+04 2.295000000000000165e-02
1.025500000000000000e+04 2.251500000000000029e-02
1.026000000000000000e+04 2.207999999999999893e-02
1.026500000000000000e+04 2.164500000000000104e-02
1.027000000000000000e+04 2.120999999999999969e-02
1.027500000000000000e+04 2.077499999999999833e-02
1.028000000000000000e+04 2.034000000000000044e-02
1.028500000000000000e+04 1.990499999999999908e-02
1.029000000000000000e+04 1.947000000000000119e-02
1.029500000000000000e+04 1.903499999999999984e-02
1.030000000000000000e+04 1.859999999999999848e-02
1.030500000000000000e+04 1.827499999999999958e-02
1.031000000000000000e+04 1.795000000000000068e-02
1.031500000000000000e+04 1.762499999999999831e-02
1.032000000000000000e+04 1.729999999999999941e-02
1.032500000000000000e+04 1.697500000000000051e-02
1.033000000000000000e+04 1.665000000000000160e-02
1.033500000000000000e+04 1.632499999999999923e-02
1.034000000000000000e+04 1.600000000000000033e-02
1.034500000000000000e+04 1.567500000000000143e-02
1.035000000000000000e+04 1.535000000000000080e-02
1.035500000000000000e+04 1.502500000000000016e-02
1.036000000000000000e+04 1.469999999999999953e-02
1.036500000000000000e+04 1.437500000000000062e-02
1.037000000000000000e+04 1.404999999999999999e-02
1.037500000000000000e+04 1.372499999999999935e-02
1.038000000000000000e+04 1.340000000000000045e-02
1.038500000000000000e+04 1.307499999999999982e-02
1.039000000000000000e+04 1.274999999999999918e-02
1.039500000000000000e+04 1.242500000000000028e-02
1.040000000000000000e+04 1.209999999999999964e-02
1.040500000000000000e+04 1.184999999999999942e-02
1.041000000000000000e+04 1.159999999999999920e-02
1.041500000000000000e+04 1.135000000000000071e-02
1.042000000000000000e+04 1.110000000000000049e-02
1.042500000000000000e+04 1.085000000000000027e-02
1.043000000000000000e+04 1.060000000000000005e-02
1.043500000000000000e+04 1.034999999999999983e-02
1.044000000000000000e+04 1.009999999999999960e-02
1.044500000000000000e+04 9.849999999999999381e-03
1.045000000000000000e+04 9.599999999999999159e-03
1.045500000000000000e+04 9.350000000000000672e-03
1.046000000000000000e+04 9.100000000000000450e-03
1.046500000000000000e+04 8.850000000000000228e-03
1.047000000000000000e+04 8.600000000000000006e-03
1.047500000000000000e+04 8.349999999999999784e-03
1.048000000000000000e+04 8.099999999999999561e-03
1.048500000000000000e+04 7.849999999999999339e-03
1.049000000000000000e+04 7.599999999999999985e-03
1.049500000000000000e+04 7.349999999999999763e-03
1.050000000000000000e+04 7.100000000000000408e-03
