2.000000000000000000e+03 -9.679999999999998800e-07
2.005000000000000000e+03 1.466419999999999972e-06
2.010000000000000000e+03 1.269549999999999983e-06
2.015000000000000000e+03 3.820000000000000060e-07
2.020000000000000000e+03 1.329769999999999975e-06
2.025000000000000000e+03 -3.279999999999999725e-07
2.030000000000000000e+03 2.840009999999999766e-06
2.035000000000000000e+03 -8.110000000000000491e-07
2.040000000000000000e+03 2.626459999999999922e-06
2.045000000000000000e+03 -7.179999999999999442e-07
2.050000000000000000e+03 -7.210000000000000637e-07
2.055000000000000000e+03 2.216110000000000116e-06
2.060000000000000000e+03 2.256170000000000118e-06
2.065000000000000000e+03 -2.020000000000000089e-07
2.070000000000000000e+03 1.869979999999999967e-06
2.075000000000000000e+03 -2.440000000000000144e-07
2.080000000000000000e+03 -1.027309999999999952e-06
2.085000000000000000e+03 5.889999999999999935e-07
2.090000000000000000e+03 -6.109999999999999522e-07
2.095000000000000000e+03 -1.420000000000000010e-07
2.100000000000000000e+03 5.519999999999999798e-08
2.105000000000000000e+03 -7.100000000000000843e-07
2.110000000000000000e+03 -1.270060000000000085e-06
2.115000000000000000e+03 6.969999999999999547e-08
2.120000000000000000e+03 4.889999999999999980e-07
2.125000000000000000e+03 -3.080000000000000581e-07
2.130000000000000000e+03 7.859999999999999708e-07
2.135000000000000000e+03 -4.000000000000000348e-07
2.140000000000000000e+03 -2.429999999999999922e-08
2.145000000000000000e+03 1.198230000000000003e-06
2.150000000000000000e+03 1.259999999999999901e-07
2.155000000000000000e+03 8.859999999999999663e-07
2.160000000000000000e+03 5.110000000000000626e-07
2.165000000000000000e+03 -1.124240000000000014e-06
2.170000000000000000e+03 -4.859999999999999844e-07
2.175000000000000000e+03 2.540000000000000245e-07
2.180000000000000000e+03 4.619999999999999812e-07
2.185000000000000000e+03 3.759999999999999788e-07
2.190000000000000000e+03 4.409999999999999917e-07
2.195000000000000000e+03 1.122269999999999845e-06
2.200000000000000000e+03 1.153760000000000029e-06
2.205000000000000000e+03 7.080000000000000400e-07
2.210000000000000000e+03 6.619999999999999722e-07
2.215000000000000000e+03 1.376939999999999941e-06
2.220000000000000000e+03 9.980000000000000162e-07
2.225000000000000000e+03 7.440000000000000976e-07
2.230000000000000000e+03 2.610000000000000210e-07
2.235000000000000000e+03 2.380200000000000098e-06
2.240000000000000000e+03 1.410000000000000053e-07
2.245000000000000000e+03 4.889999999999999980e-07
2.250000000000000000e+03 -6.660000000000000609e-07
2.255000000000000000e+03 -2.429999999999999922e-07
2.260000000000000000e+03 5.269999999999999942e-07
2.265000000000000000e+03 9.059999999999999071e-08
2.270000000000000000e+03 5.640000000000000211e-07
2.275000000000000000e+03 4.540000000000000155e-07
2.280000000000000000e+03 9.090000000000000002e-07
2.285000000000000000e+03 5.990000000000000036e-07
2.290000000000000000e+03 -3.809999999999999838e-07
2.295000000000000000e+03 1.140399999999999915e-06
2.300000000000000000e+03 1.409029999999999959e-06
2.305000000000000000e+03 2.110000000000000233e-07
2.310000000000000000e+03 4.820000000000000015e-07
2.315000000000000000e+03 7.479999999999999746e-07
2.320000000000000000e+03 1.784879999999999926e-06
2.325000000000000000e+03 -1.809999999999999929e-07
2.330000000000000000e+03 -5.110000000000000626e-07
2.335000000000000000e+03 4.809999999999999264e-07
2.340000000000000000e+03 8.309999999999999635e-07
2.345000000000000000e+03 2.599999999999999988e-07
2.350000000000000000e+03 -1.114739999999999935e-06
2.355000000000000000e+03 1.120000000000000103e-08
2.360000000000000000e+03 -2.960000000000000035e-07
2.365000000000000000e+03 8.420000000000000487e-07
2.370000000000000000e+03 1.500660000000000045e-06
2.375000000000000000e+03 1.387519999999999973e-06
2.380000000000000000e+03 3.649999999999999994e-07
2.385000000000000000e+03 1.080000000000000009e-07
2.390000000000000000e+03 -2.719999999999999872e-08
2.395000000000000000e+03 1.031150000000000072e-06
2.400000000000000000e+03 2.789999999999999969e-07
2.405000000000000000e+03 4.279999999999999679e-07
2.410000000000000000e+03 -6.850000000000000061e-07
2.415000000000000000e+03 -2.829999999999999798e-07
2.420000000000000000e+03 5.409999999999999872e-07
2.425000000000000000e+03 4.589999999999999676e-07
2.430000000000000000e+03 -4.069999999999999784e-07
2.435000000000000000e+03 1.048989999999999972e-06
2.440000000000000000e+03 4.259999999999999765e-07
2.445000000000000000e+03 5.099999999999999875e-07
2.450000000000000000e+03 4.929999999999999809e-07
2.455000000000000000e+03 3.739999999999999873e-07
2.460000000000000000e+03 1.889999999999999851e-07
2.465000000000000000e+03 6.609999999999998970e-07
2.470000000000000000e+03 1.342329999999999818e-06
2.475000000000000000e+03 2.330000000000000019e-08
2.480000000000000000e+03 9.369999999999999862e-07
2.485000000000000000e+03 -9.760000000000000045e-08
2.490000000000000000e+03 -5.710000000000000176e-07
2.495000000000000000e+03 1.592979999999999908e-06
2.500000000000000000e+03 4.000000000000000348e-07
2.505000000000000000e+03 5.589999999999999631e-07
2.510000000000000000e+03 3.149999999999999752e-08
2.515000000000000000e+03 4.089999999999999698e-07
2.520000000000000000e+03 7.299999999999999987e-07
2.525000000000000000e+03 1.017359999999999946e-06
2.530000000000000000e+03 4.050000000000000399e-07
2.535000000000000000e+03 6.250000000000000511e-07
2.540000000000000000e+03 1.129669999999999977e-06
2.545000000000000000e+03 1.123990000000000101e-06
2.550000000000000000e+03 1.251310000000000052e-06
2.555000000000000000e+03 -1.299999999999999994e-07
2.560000000000000000e+03 -1.077149999999999928e-06
2.565000000000000000e+03 7.309999999999999680e-07
2.570000000000000000e+03 -8.899999999999998962e-08
2.575000000000000000e+03 1.558989999999999959e-06
2.580000000000000000e+03 -6.499999999999999971e-08
2.585000000000000000e+03 2.899999999999999763e-07
2.590000000000000000e+03 1.080000000000000009e-07
2.595000000000000000e+03 1.107720000000000128e-06
2.600000000000000000e+03 7.910000000000000288e-07
2.605000000000000000e+03 1.650000000000000084e-07
2.610000000000000000e+03 -4.220000000000000465e-07
2.615000000000000000e+03 1.350000000000000045e-07
2.620000000000000000e+03 -1.480000000000000018e-07
2.625000000000000000e+03 8.420000000000000487e-07
2.630000000000000000e+03 7.919999999999999980e-07
2.635000000000000000e+03 4.220000000000000465e-07
2.640000000000000000e+03 1.279159999999999921e-06
2.645000000000000000e+03 1.024439999999999927e-06
2.650000000000000000e+03 -6.540000000000000064e-07
2.655000000000000000e+03 -1.669999999999999999e-07
2.660000000000000000e+03 1.390000000000000138e-07
2.665000000000000000e+03 1.390000000000000138e-07
2.670000000000000000e+03 -5.470000000000000144e-07
2.675000000000000000e+03 -2.770000000000000055e-07
2.680000000000000000e+03 -3.470000000000000235e-07
2.685000000000000000e+03 -4.530000000000000462e-07
2.690000000000000000e+03 5.479999999999999837e-07
2.695000000000000000e+03 -1.202860000000000118e-06
2.700000000000000000e+03 3.800000000000000278e-08
2.705000000000000000e+03 4.080000000000000006e-07
2.710000000000000000e+03 -3.880000000000000333e-07
2.715000000000000000e+03 4.789999999999999879e-07
2.720000000000000000e+03 -6.969999999999999547e-07
2.725000000000000000e+03 6.669999999999999243e-07
2.730000000000000000e+03 2.440000000000000144e-07
2.735000000000000000e+03 6.700000000000000438e-07
2.740000000000000000e+03 3.749999999999999566e-07
2.745000000000000000e+03 1.256180000000000016e-06
2.750000000000000000e+03 1.769940000000000032e-06
2.755000000000000000e+03 5.649999999999999903e-07
2.760000000000000000e+03 8.649999999999999767e-07
2.765000000000000000e+03 1.208979999999999858e-06
2.770000000000000000e+03 2.989999999999999642e-07
2.775000000000000000e+03 1.461129999999999849e-06
2.780000000000000000e+03 9.710000000000001053e-07
2.785000000000000000e+03 1.306720000000000044e-06
2.790000000000000000e+03 1.249210000000000106e-06
2.795000000000000000e+03 3.559999999999999585e-07
2.800000000000000000e+03 -3.049999999999999915e-07
2.805000000000000000e+03 4.399999999999999695e-07
2.810000000000000000e+03 2.379999999999999871e-07
2.815000000000000000e+03 1.310550000000000099e-06
2.820000000000000000e+03 4.300000000000000123e-07
2.825000000000000000e+03 -4.780000000000000186e-07
2.830000000000000000e+03 1.690000000000000178e-07
2.835000000000000000e+03 2.369999999999999914e-07
2.840000000000000000e+03 2.780000000000000277e-07
2.845000000000000000e+03 7.050000000000000263e-07
2.850000000000000000e+03 4.350000000000000174e-07
2.855000000000000000e+03 7.499999999999999131e-07
2.860000000000000000e+03 1.412549999999999927e-06
2.865000000000000000e+03 6.470000000000000099e-07
2.870000000000000000e+03 8.740000000000000176e-07
2.875000000000000000e+03 7.400000000000000089e-07
2.880000000000000000e+03 4.229999999999999629e-07
2.885000000000000000e+03 5.029999999999999910e-07
2.890000000000000000e+03 1.350000000000000045e-07
2.895000000000000000e+03 8.229999999999999977e-07
2.900000000000000000e+03 1.127040000000000012e-06
2.905000000000000000e+03 -3.580000000000000029e-07
2.910000000000000000e+03 2.982280000000000100e-06
2.915000000000000000e+03 1.002246999999999893e-05
2.920000000000000000e+03 3.852553999999999842e-05
2.925000000000000000e+03 1.295875899999999917e-04
2.930000000000000000e+03 3.828171599999999884e-04
2.935000000000000000e+03 9.903005500000001352e-04
2.940000000000000000e+03 2.166173160000000198e-03
2.945000000000000000e+03 4.113786520000000009e-03
2.950000000000000000e+03 6.941708920000000220e-03
2.955000000000000000e+03 1.071856498999999852e-02
2.960000000000000000e+03 1.559982299999999877e-02
2.965000000000000000e+03 2.173546791000000034e-02
2.970000000000000000e+03 2.908161878999999950e-02
2.975000000000000000e+03 3.750865936000000178e-02
2.980000000000000000e+03 4.614696979999999976e-02
2.985000000000000000e+03 5.462666512000000085e-02
2.990000000000000000e+03 6.308742523000000768e-02
2.995000000000000000e+03 7.208308697000000154e-02
3.000000000000000000e+03 8.264318466000000751e-02
3.005000000000000000e+03 9.498188971999999008e-02
3.010000000000000000e+03 1.086070156000000092e-01
3.015000000000000000e+03 1.218028545000000018e-01
3.020000000000000000e+03 1.335418701000000152e-01
3.025000000000000000e+03 1.434206104000000093e-01
3.030000000000000000e+03 1.522347068999999886e-01
3.035000000000000000e+03 1.615173721000000007e-01
3.040000000000000000e+03 1.726538467000000021e-01
3.045000000000000000e+03 1.857455443999999900e-01
3.050000000000000000e+03 2.005059052000000008e-01
3.055000000000000000e+03 2.158427620000000213e-01
3.060000000000000000e+03 2.298505591999999986e-01
3.065000000000000000e+03 2.425050162999999870e-01
3.070000000000000000e+03 2.537794684999999939e-01
3.075000000000000000e+03 2.645805740000000128e-01
3.080000000000000000e+03 2.757330894000000199e-01
3.085000000000000000e+03 2.882450866999999861e-01
3.090000000000000000e+03 3.015464211000000172e-01
3.095000000000000000e+03 3.154086684999999890e-01
3.100000000000000000e+03 3.286325454999999840e-01
3.105000000000000000e+03 3.410871505999999997e-01
3.110000000000000000e+03 3.524223709000000593e-01
3.115000000000000000e+03 3.629465102999999693e-01
3.120000000000000000e+03 3.732939147999999596e-01
3.125000000000000000e+03 3.838185501000000444e-01
3.130000000000000000e+03 3.949860764000000524e-01
3.135000000000000000e+03 4.071525192000000071e-01
3.140000000000000000e+03 4.196216201999999895e-01
3.145000000000000000e+03 4.318707657000000477e-01
3.150000000000000000e+03 4.439345168999999647e-01
3.155000000000000000e+03 4.544453811999999981e-01
3.160000000000000000e+03 4.637773132000000409e-01
3.165000000000000000e+03 4.720357895000000248e-01
3.170000000000000000e+03 4.802920914000000097e-01
3.175000000000000000e+03 4.884994506999999486e-01
3.180000000000000000e+03 4.970921707000000023e-01
3.185000000000000000e+03 5.070114899000000008e-01
3.190000000000000000e+03 5.176240921000000439e-01
3.195000000000000000e+03 5.289140319999999784e-01
3.200000000000000000e+03 5.404732894999999537e-01
3.205000000000000000e+03 5.523060607999999982e-01
3.210000000000000000e+03 5.633345413000000468e-01
3.215000000000000000e+03 5.737220000999999625e-01
3.220000000000000000e+03 5.831986618000000178e-01
3.225000000000000000e+03 5.917529297000000410e-01
3.230000000000000000e+03 5.998702240000000074e-01
3.235000000000000000e+03 6.078075789999999312e-01
3.240000000000000000e+03 6.158231353999999991e-01
3.245000000000000000e+03 6.239905547999999857e-01
3.250000000000000000e+03 6.328062438999999539e-01
3.255000000000000000e+03 6.413731384000000979e-01
3.260000000000000000e+03 6.501458740000000125e-01
3.265000000000000000e+03 6.587621307000000037e-01
3.270000000000000000e+03 6.672172546000000315e-01
3.275000000000000000e+03 6.751451110999999727e-01
3.280000000000000000e+03 6.825361632999999983e-01
3.285000000000000000e+03 6.891418457000000330e-01
3.290000000000000000e+03 6.951472472999999930e-01
3.295000000000000000e+03 7.008399962999999344e-01
3.300000000000000000e+03 7.061514281999999865e-01
3.305000000000000000e+03 7.116719818000000197e-01
3.310000000000000000e+03 7.168983459000000114e-01
3.315000000000000000e+03 7.224830626999999561e-01
3.320000000000000000e+03 7.281859588999999300e-01
3.325000000000000000e+03 7.336199188000001037e-01
3.330000000000000000e+03 7.393109130999999667e-01
3.335000000000000000e+03 7.448735808999999986e-01
3.340000000000000000e+03 7.499387360000000502e-01
3.345000000000000000e+03 7.547844696000000075e-01
3.350000000000000000e+03 7.597245026000000179e-01
3.355000000000000000e+03 7.638439941000000344e-01
3.360000000000000000e+03 7.680725098000000806e-01
3.365000000000000000e+03 7.721588898000000256e-01
3.370000000000000000e+03 7.756127929999999671e-01
3.375000000000000000e+03 7.789218139999999346e-01
3.380000000000000000e+03 7.818667603000000188e-01
3.385000000000000000e+03 7.846892547999999579e-01
3.390000000000000000e+03 7.874550628999998914e-01
3.395000000000000000e+03 7.895422362999999777e-01
3.400000000000000000e+03 7.913320923000000118e-01
3.405000000000000000e+03 7.929416655999999008e-01
3.410000000000000000e+03 7.938853455000000059e-01
3.415000000000000000e+03 7.944552611999999847e-01
3.420000000000000000e+03 7.956270598999999333e-01
3.425000000000000000e+03 7.962029266000000272e-01
3.430000000000000000e+03 7.969282531999999364e-01
3.435000000000000000e+03 7.981582641999999117e-01
3.440000000000000000e+03 7.997753906000000246e-01
3.445000000000000000e+03 8.013415526999999594e-01
3.450000000000000000e+03 8.035980225000000088e-01
3.455000000000000000e+03 8.057677459999998959e-01
3.460000000000000000e+03 8.087813567999999620e-01
3.465000000000000000e+03 8.119370270000000334e-01
3.470000000000000000e+03 8.151341248000000261e-01
3.475000000000000000e+03 8.176987457000000070e-01
3.480000000000000000e+03 8.206275940000000713e-01
3.485000000000000000e+03 8.233107758000000054e-01
3.490000000000000000e+03 8.251122283999999807e-01
3.495000000000000000e+03 8.271615601000000817e-01
3.500000000000000000e+03 8.280348969000000947e-01
3.505000000000000000e+03 8.292340087999999776e-01
3.510000000000000000e+03 8.299845886000000172e-01
3.515000000000000000e+03 8.305809784000000029e-01
3.520000000000000000e+03 8.309903717000000078e-01
3.525000000000000000e+03 8.318030548000000524e-01
3.530000000000000000e+03 8.322705078000000034e-01
3.535000000000000000e+03 8.326168823000000829e-01
3.540000000000000000e+03 8.333229065000000713e-01
3.545000000000000000e+03 8.338193511999999474e-01
3.550000000000000000e+03 8.344413756999999876e-01
3.555000000000000000e+03 8.347429657000000613e-01
3.560000000000000000e+03 8.350371551999999920e-01
3.565000000000000000e+03 8.348152923999999642e-01
3.570000000000000000e+03 8.346131896999999800e-01
3.575000000000000000e+03 8.340217590000000847e-01
3.580000000000000000e+03 8.330210114000000665e-01
3.585000000000000000e+03 8.318096160999999267e-01
3.590000000000000000e+03 8.303784942999999918e-01
3.595000000000000000e+03 8.285982513000000882e-01
3.600000000000000000e+03 8.266150665000000508e-01
3.605000000000000000e+03 8.246463013000000508e-01
3.610000000000000000e+03 8.224496460000000342e-01
3.615000000000000000e+03 8.201726532000001013e-01
3.620000000000000000e+03 8.178567504999999516e-01
3.625000000000000000e+03 8.154510498000000496e-01
3.630000000000000000e+03 8.126728820999999936e-01
3.635000000000000000e+03 8.099115752999999085e-01
3.640000000000000000e+03 8.068312073000000195e-01
3.645000000000000000e+03 8.036561584000000424e-01
3.650000000000000000e+03 7.998600005999999540e-01
3.655000000000000000e+03 7.957261657999999960e-01
3.660000000000000000e+03 7.911500549000000104e-01
3.665000000000000000e+03 7.862701415999999721e-01
3.670000000000000000e+03 7.805625915999999664e-01
3.675000000000000000e+03 7.746180725000000322e-01
3.680000000000000000e+03 7.680179596000000775e-01
3.685000000000000000e+03 7.612906646999999527e-01
3.690000000000000000e+03 7.540629577999999889e-01
3.695000000000000000e+03 7.464852141999999136e-01
3.700000000000000000e+03 7.386200714000000778e-01
3.705000000000000000e+03 7.303057097999999803e-01
3.710000000000000000e+03 7.218520354999999888e-01
3.715000000000000000e+03 7.130776977999999655e-01
3.720000000000000000e+03 7.040703582999999766e-01
3.725000000000000000e+03 6.948612212999999427e-01
3.730000000000000000e+03 6.850426482999999456e-01
3.735000000000000000e+03 6.748463440000000979e-01
3.740000000000000000e+03 6.645425414999999170e-01
3.745000000000000000e+03 6.534232330000000477e-01
3.750000000000000000e+03 6.419438171000000359e-01
3.755000000000000000e+03 6.299458313000000365e-01
3.760000000000000000e+03 6.171043395999999959e-01
3.765000000000000000e+03 6.039381790000000194e-01
3.770000000000000000e+03 5.901910019000000673e-01
3.775000000000000000e+03 5.756298447000000040e-01
3.780000000000000000e+03 5.604987335000000126e-01
3.785000000000000000e+03 5.448603820999999847e-01
3.790000000000000000e+03 5.285829162999999831e-01
3.795000000000000000e+03 5.116987227999999499e-01
3.800000000000000000e+03 4.942129134999999618e-01
3.805000000000000000e+03 4.766616058000000544e-01
3.810000000000000000e+03 4.583345413000000090e-01
3.815000000000000000e+03 4.399855423000000321e-01
3.820000000000000000e+03 4.212824631000000042e-01
3.825000000000000000e+03 4.018993377999999783e-01
3.830000000000000000e+03 3.826586150999999880e-01
3.835000000000000000e+03 3.633811950999999985e-01
3.840000000000000000e+03 3.438228607000000103e-01
3.845000000000000000e+03 3.244386673000000387e-01
3.850000000000000000e+03 3.051299477000000149e-01
3.855000000000000000e+03 2.858496857000000224e-01
3.860000000000000000e+03 2.667393111999999955e-01
3.865000000000000000e+03 2.481578063999999861e-01
3.870000000000000000e+03 2.301133919000000194e-01
3.875000000000000000e+03 2.123736763000000083e-01
3.880000000000000000e+03 1.953026199000000018e-01
3.885000000000000000e+03 1.787705040000000245e-01
3.890000000000000000e+03 1.628340721000000046e-01
3.895000000000000000e+03 1.479161548999999853e-01
3.900000000000000000e+03 1.336337184999999983e-01
3.905000000000000000e+03 1.201368332000000011e-01
3.910000000000000000e+03 1.076501656000000001e-01
3.915000000000000000e+03 9.599761009000000456e-02
3.920000000000000000e+03 8.497854233000000368e-02
3.925000000000000000e+03 7.492931843000000258e-02
3.930000000000000000e+03 6.574515820000000066e-02
3.935000000000000000e+03 5.742063046000000365e-02
3.940000000000000000e+03 4.983157635000000363e-02
3.945000000000000000e+03 4.302548885000000156e-02
3.950000000000000000e+03 3.689404488000000426e-02
3.955000000000000000e+03 3.140486479000000053e-02
3.960000000000000000e+03 2.662112474000000173e-02
3.965000000000000000e+03 2.249314785000000247e-02
3.970000000000000000e+03 1.878769635999999812e-02
3.975000000000000000e+03 1.567382693000000243e-02
3.980000000000000000e+03 1.294649720000000045e-02
3.985000000000000000e+03 1.059704541999999944e-02
3.990000000000000000e+03 8.648388390000000953e-03
3.995000000000000000e+03 7.024745350000000110e-03
4.000000000000000000e+03 5.658036469999999825e-03
4.005000000000000000e+03 4.542825220000000323e-03
4.010000000000000000e+03 3.614934980000000190e-03
4.015000000000000000e+03 2.862471039999999953e-03
4.020000000000000000e+03 2.252290249999999976e-03
4.025000000000000000e+03 1.759504679999999944e-03
4.030000000000000000e+03 1.376823780000000028e-03
4.035000000000000000e+03 1.065486820000000013e-03
4.040000000000000000e+03 8.211930100000000782e-04
4.045000000000000000e+03 6.287805000000000694e-04
4.050000000000000000e+03 4.788650199999999507e-04
4.055000000000000000e+03 3.644014899999999764e-04
4.060000000000000000e+03 2.743235600000000214e-04
4.065000000000000000e+03 2.068821699999999735e-04
4.070000000000000000e+03 1.552815400000000169e-04
4.075000000000000000e+03 1.170131599999999969e-04
4.080000000000000000e+03 8.662823000000000051e-05
4.085000000000000000e+03 6.335931000000000917e-05
4.090000000000000000e+03 4.727753000000000473e-05
4.095000000000000000e+03 3.605730000000000458e-05
4.100000000000000000e+03 2.428156999999999934e-05
4.105000000000000000e+03 1.908476999999999854e-05
4.110000000000000000e+03 1.403542999999999989e-05
4.115000000000000000e+03 9.381320000000000839e-06
4.120000000000000000e+03 6.709260000000000033e-06
4.125000000000000000e+03 5.928479999999999522e-06
4.130000000000000000e+03 4.100590000000000325e-06
4.135000000000000000e+03 1.402820000000000064e-06
4.140000000000000000e+03 2.458949999999999979e-06
4.145000000000000000e+03 6.519999999999999620e-07
4.150000000000000000e+03 1.092490000000000064e-06
4.155000000000000000e+03 1.594090000000000055e-06
4.160000000000000000e+03 -2.689999999999999868e-07
4.165000000000000000e+03 1.839560000000000095e-06
4.170000000000000000e+03 -2.780000000000000277e-07
4.175000000000000000e+03 -1.399999999999999963e-08
4.180000000000000000e+03 1.080000000000000009e-07
4.185000000000000000e+03 -2.069999999999999875e-07
4.190000000000000000e+03 1.410039999999999886e-06
4.195000000000000000e+03 -1.520000000000000111e-07
4.200000000000000000e+03 -1.910000000000000030e-07
4.205000000000000000e+03 1.770000000000000100e-07
4.210000000000000000e+03 3.200000000000000067e-07
4.215000000000000000e+03 -1.106790000000000079e-06
4.220000000000000000e+03 1.299999999999999994e-07
4.225000000000000000e+03 -5.589999999999999631e-07
4.230000000000000000e+03 -3.660000000000000216e-07
4.235000000000000000e+03 5.459999999999999393e-07
4.240000000000000000e+03 -1.934050000000000143e-06
4.245000000000000000e+03 -1.088440000000000077e-06
4.250000000000000000e+03 3.970000000000000212e-07
4.255000000000000000e+03 -9.420000000000000442e-07
4.260000000000000000e+03 -6.989999999999999726e-08
4.265000000000000000e+03 6.509999999999999928e-07
4.270000000000000000e+03 1.700000000000000002e-08
4.275000000000000000e+03 -3.860000000000000418e-07
4.280000000000000000e+03 -9.559999999999999578e-08
4.285000000000000000e+03 -8.379999999999999600e-08
4.290000000000000000e+03 -2.449999999999999836e-07
4.295000000000000000e+03 -6.939999999999999940e-08
4.300000000000000000e+03 4.139999999999999749e-07
4.305000000000000000e+03 -2.379999999999999871e-07
4.310000000000000000e+03 4.610000000000000120e-07
4.315000000000000000e+03 9.880000000000001120e-07
4.320000000000000000e+03 1.860000000000000244e-07
4.325000000000000000e+03 -8.869999999999999355e-08
4.330000000000000000e+03 5.859999999999999798e-07
4.335000000000000000e+03 -6.199999999999999931e-07
4.340000000000000000e+03 1.201870000000000107e-06
4.345000000000000000e+03 -9.069999999999999558e-07
4.350000000000000000e+03 4.699999999999999470e-07
4.355000000000000000e+03 3.870000000000000111e-07
4.360000000000000000e+03 -3.370000000000000133e-07
4.365000000000000000e+03 1.083990000000000060e-06
4.370000000000000000e+03 5.280000000000000693e-07
4.375000000000000000e+03 9.579999999999999757e-07
4.380000000000000000e+03 9.450000000000000578e-07
4.385000000000000000e+03 -3.589999999999999721e-07
4.390000000000000000e+03 1.127689999999999955e-06
4.395000000000000000e+03 -1.110000000000000013e-07
4.400000000000000000e+03 -6.700000000000000438e-07
4.405000000000000000e+03 4.459999999999999968e-07
4.410000000000000000e+03 2.227579999999999940e-06
4.415000000000000000e+03 -4.429999999999999831e-07
4.420000000000000000e+03 3.249999999999999588e-07
4.425000000000000000e+03 8.050000000000000218e-07
4.430000000000000000e+03 6.920000000000000026e-07
4.435000000000000000e+03 8.579999999999998744e-08
4.440000000000000000e+03 1.644349999999999977e-06
4.445000000000000000e+03 -1.109789999999999881e-06
4.450000000000000000e+03 2.330000000000000085e-07
4.455000000000000000e+03 2.119999999999999925e-07
4.460000000000000000e+03 -7.600000000000000291e-07
4.465000000000000000e+03 7.749999999999999914e-07
4.470000000000000000e+03 2.190000000000000155e-07
4.475000000000000000e+03 4.959999999999999945e-07
4.480000000000000000e+03 -5.220000000000000420e-07
4.485000000000000000e+03 -8.700000000000000347e-07
4.490000000000000000e+03 -7.509999999999999883e-07
4.495000000000000000e+03 -7.170000000000000014e-08
4.500000000000000000e+03 -6.430000000000000005e-08
4.505000000000000000e+03 -3.470000000000000235e-07
4.510000000000000000e+03 -8.949999999999999013e-07
4.515000000000000000e+03 5.140000000000000763e-07
4.520000000000000000e+03 -3.940000000000000076e-07
4.525000000000000000e+03 3.169999999999999931e-07
4.530000000000000000e+03 3.160000000000000238e-07
4.535000000000000000e+03 7.119999999999999170e-07
4.540000000000000000e+03 -4.089999999999999698e-07
4.545000000000000000e+03 -1.660000000000000041e-07
4.550000000000000000e+03 -6.409999999999999826e-07
4.555000000000000000e+03 -1.509999999999999889e-07
4.560000000000000000e+03 -1.153330000000000018e-06
4.565000000000000000e+03 2.510000000000000109e-07
4.570000000000000000e+03 1.168999999999999946e-06
4.575000000000000000e+03 9.899999999999998387e-07
4.580000000000000000e+03 -1.320000000000000173e-07
4.585000000000000000e+03 3.800000000000000146e-07
4.590000000000000000e+03 6.269999999999999896e-08
4.595000000000000000e+03 7.600000000000000291e-07
4.600000000000000000e+03 4.699999999999999470e-07
4.605000000000000000e+03 1.189470000000000023e-06
4.610000000000000000e+03 3.499999999999999842e-07
4.615000000000000000e+03 9.729999999999998321e-07
4.620000000000000000e+03 5.519999999999999666e-07
4.625000000000000000e+03 -2.750000000000000140e-07
4.630000000000000000e+03 -5.269999999999999942e-07
4.635000000000000000e+03 1.037570000000000046e-06
4.640000000000000000e+03 -5.379999999999999735e-07
4.645000000000000000e+03 -1.029999999999999959e-07
4.650000000000000000e+03 -5.699999999999999424e-08
4.655000000000000000e+03 1.121199999999999955e-06
4.660000000000000000e+03 -6.729999999999999515e-07
4.665000000000000000e+03 -5.530000000000000417e-07
4.670000000000000000e+03 -4.250000000000000072e-07
4.675000000000000000e+03 7.519999999999999575e-07
4.680000000000000000e+03 8.530000000000000281e-07
4.685000000000000000e+03 -6.710000000000000130e-07
4.690000000000000000e+03 1.042419999999999881e-06
4.695000000000000000e+03 -8.699999999999999942e-10
4.700000000000000000e+03 -1.710000000000000092e-08
4.705000000000000000e+03 5.500000000000000281e-07
4.710000000000000000e+03 6.799999999999999481e-07
4.715000000000000000e+03 -1.529999999999999804e-07
4.720000000000000000e+03 8.260000000000001172e-08
4.725000000000000000e+03 3.899999999999999850e-08
4.730000000000000000e+03 5.069999999999999739e-07
4.735000000000000000e+03 9.880000000000001120e-07
4.740000000000000000e+03 1.209999999999999850e-07
4.745000000000000000e+03 -3.139999999999999910e-09
4.750000000000000000e+03 1.092729999999999912e-06
4.755000000000000000e+03 3.880000000000000333e-07
4.760000000000000000e+03 -2.689999999999999868e-07
4.765000000000000000e+03 2.260000000000000120e-07
4.770000000000000000e+03 1.252630000000000067e-06
4.775000000000000000e+03 5.659999999999999596e-07
4.780000000000000000e+03 1.150890000000000004e-06
4.785000000000000000e+03 1.029480000000000137e-06
4.790000000000000000e+03 6.619999999999999722e-07
4.795000000000000000e+03 8.649999999999999767e-07
4.800000000000000000e+03 5.750000000000000004e-07
4.805000000000000000e+03 9.280000000000000512e-07
4.810000000000000000e+03 5.339999999999999907e-07
4.815000000000000000e+03 8.459999999999999257e-07
4.820000000000000000e+03 4.910000000000000424e-07
4.825000000000000000e+03 1.591969999999999981e-06
4.830000000000000000e+03 9.170000000000000718e-07
4.835000000000000000e+03 1.109799999999999945e-06
4.840000000000000000e+03 8.179999999999999397e-07
4.845000000000000000e+03 6.409999999999999826e-07
4.850000000000000000e+03 1.590000000000000076e-07
4.855000000000000000e+03 2.421520000000000153e-06
4.860000000000000000e+03 8.509999999999999837e-07
4.865000000000000000e+03 1.829789999999999976e-06
4.870000000000000000e+03 2.565730000000000251e-06
4.875000000000000000e+03 2.031830000000000162e-06
4.880000000000000000e+03 2.307959999999999922e-06
4.885000000000000000e+03 1.396100000000000067e-06
4.890000000000000000e+03 1.585579999999999988e-06
4.895000000000000000e+03 1.168559999999999871e-06
4.900000000000000000e+03 1.790940000000000127e-06
4.905000000000000000e+03 2.268190000000000301e-06
4.910000000000000000e+03 2.121509999999999785e-06
4.915000000000000000e+03 2.156030000000000176e-06
4.920000000000000000e+03 2.402790000000000249e-06
4.925000000000000000e+03 2.409420000000000303e-06
4.930000000000000000e+03 2.169369999999999950e-06
4.935000000000000000e+03 2.556359999999999949e-06
4.940000000000000000e+03 1.767229999999999976e-06
4.945000000000000000e+03 2.623060000000000090e-06
4.950000000000000000e+03 6.139999999999999659e-07
4.955000000000000000e+03 1.085780000000000131e-06
4.960000000000000000e+03 1.948130000000000015e-06
4.965000000000000000e+03 1.681880000000000023e-06
4.970000000000000000e+03 2.218449999999999910e-06
4.975000000000000000e+03 2.124379999999999810e-06
4.980000000000000000e+03 2.167729999999999996e-06
4.985000000000000000e+03 6.380000000000000749e-07
4.990000000000000000e+03 9.889999999999999754e-07
4.995000000000000000e+03 1.690820000000000102e-06
5.000000000000000000e+03 5.530000000000000417e-07
5.005000000000000000e+03 1.189830000000000007e-06
5.010000000000000000e+03 1.697619999999999977e-06
5.015000000000000000e+03 8.980000000000000208e-07
5.020000000000000000e+03 1.490309999999999797e-06
5.025000000000000000e+03 1.885670000000000023e-06
5.030000000000000000e+03 9.020000000000000037e-07
5.035000000000000000e+03 1.123069999999999905e-06
5.040000000000000000e+03 1.622629999999999913e-06
5.045000000000000000e+03 7.700000000000000393e-07
5.050000000000000000e+03 1.104740000000000031e-06
5.055000000000000000e+03 1.442669999999999987e-06
5.060000000000000000e+03 8.720000000000000791e-07
5.065000000000000000e+03 -6.810000000000000232e-07
5.070000000000000000e+03 1.226640000000000084e-06
5.075000000000000000e+03 8.819999999999999834e-07
5.080000000000000000e+03 1.129889999999999909e-06
5.085000000000000000e+03 1.676550000000000067e-06
5.090000000000000000e+03 2.580000000000000074e-07
5.095000000000000000e+03 1.439550000000000049e-06
5.100000000000000000e+03 1.151680000000000000e-06
5.105000000000000000e+03 1.069219999999999988e-06
5.110000000000000000e+03 5.570000000000000246e-07
5.115000000000000000e+03 3.959999999999999990e-07
5.120000000000000000e+03 -2.940000000000000121e-07
5.125000000000000000e+03 -5.319999999999999463e-07
5.130000000000000000e+03 1.654779999999999893e-06
5.135000000000000000e+03 8.550000000000000725e-07
5.140000000000000000e+03 1.760469999999999934e-06
5.145000000000000000e+03 6.789999999999999788e-07
5.150000000000000000e+03 4.490000000000000104e-07
5.155000000000000000e+03 7.360000000000000260e-07
5.160000000000000000e+03 1.242770000000000004e-06
5.165000000000000000e+03 3.180000000000000153e-07
5.170000000000000000e+03 -1.170000000000000021e-07
5.175000000000000000e+03 -2.419999999999999700e-07
5.180000000000000000e+03 1.577689999999999882e-06
5.185000000000000000e+03 -2.299999999999999949e-07
5.190000000000000000e+03 6.910000000000000333e-07
5.195000000000000000e+03 -7.009999999999999905e-08
5.200000000000000000e+03 9.679999999999998800e-07
5.205000000000000000e+03 2.139999999999999840e-07
5.210000000000000000e+03 6.660000000000000609e-07
5.215000000000000000e+03 1.660000000000000041e-07
5.220000000000000000e+03 -4.880000000000000287e-07
5.225000000000000000e+03 -6.799999999999999481e-07
5.230000000000000000e+03 -1.730000000000000006e-07
5.235000000000000000e+03 7.079999999999999870e-08
5.240000000000000000e+03 -3.200000000000000067e-07
5.245000000000000000e+03 -1.679999999999999956e-07
5.250000000000000000e+03 -2.960000000000000035e-08
5.255000000000000000e+03 4.309999999999999816e-07
5.260000000000000000e+03 5.269999999999999942e-07
5.265000000000000000e+03 3.580000000000000029e-07
5.270000000000000000e+03 2.750000000000000140e-07
5.275000000000000000e+03 7.449999999999999610e-07
5.280000000000000000e+03 -9.309999999999999589e-07
5.285000000000000000e+03 2.960000000000000035e-07
5.290000000000000000e+03 4.809999999999999264e-07
5.295000000000000000e+03 -2.659999999999999731e-07
5.300000000000000000e+03 1.559999999999999940e-07
5.305000000000000000e+03 9.509999999999999792e-07
5.310000000000000000e+03 3.979999999999999905e-09
5.315000000000000000e+03 1.699999999999999870e-07
5.320000000000000000e+03 5.579999999999999938e-07
5.325000000000000000e+03 1.153169999999999837e-06
5.330000000000000000e+03 8.739999999999998853e-08
5.335000000000000000e+03 -1.520000000000000111e-07
5.340000000000000000e+03 -3.499999999999999842e-07
5.345000000000000000e+03 9.000000000000000652e-07
5.350000000000000000e+03 2.710000000000000311e-07
5.355000000000000000e+03 -2.920000000000000207e-07
5.360000000000000000e+03 3.820000000000000060e-07
5.365000000000000000e+03 3.580000000000000029e-07
5.370000000000000000e+03 1.004409999999999926e-06
5.375000000000000000e+03 -4.069999999999999784e-07
5.380000000000000000e+03 -6.649999999999999328e-08
5.385000000000000000e+03 -1.780000000000000057e-08
5.390000000000000000e+03 5.640000000000000211e-07
5.395000000000000000e+03 -3.139999999999999794e-07
5.400000000000000000e+03 -6.260000000000000204e-07
5.405000000000000000e+03 -5.040000000000000132e-08
5.410000000000000000e+03 1.687299999999999922e-06
5.415000000000000000e+03 3.160000000000000238e-07
5.420000000000000000e+03 -2.700000000000000090e-07
5.425000000000000000e+03 5.729999999999999561e-07
5.430000000000000000e+03 8.550000000000000725e-07
5.435000000000000000e+03 3.680000000000000130e-07
5.440000000000000000e+03 3.019999999999999779e-07
5.445000000000000000e+03 1.367660000000000006e-06
5.450000000000000000e+03 -3.710000000000000266e-07
5.455000000000000000e+03 -3.280000000000000254e-08
5.460000000000000000e+03 -6.710000000000000130e-07
5.465000000000000000e+03 5.750000000000000004e-07
5.470000000000000000e+03 7.949999999999999058e-07
5.475000000000000000e+03 -4.429999999999999831e-07
5.480000000000000000e+03 -6.959999999999999854e-07
5.485000000000000000e+03 4.720000000000000443e-07
5.490000000000000000e+03 1.850000000000000022e-07
5.495000000000000000e+03 2.750000000000000140e-07
5.500000000000000000e+03 2.340000000000000042e-07
5.505000000000000000e+03 -6.139999999999999659e-07
5.510000000000000000e+03 7.400000000000000089e-08
5.515000000000000000e+03 5.829999999999999662e-07
5.520000000000000000e+03 4.600000000000000162e-08
5.525000000000000000e+03 1.340090000000000031e-06
5.530000000000000000e+03 -6.549999999999999757e-08
5.535000000000000000e+03 -4.229999999999999629e-07
5.540000000000000000e+03 -1.410000000000000053e-07
5.545000000000000000e+03 9.110000000000000445e-07
5.550000000000000000e+03 1.020000000000000035e-08
5.555000000000000000e+03 2.640000000000000346e-07
5.560000000000000000e+03 9.199999999999999795e-07
5.565000000000000000e+03 3.139999999999999794e-07
5.570000000000000000e+03 3.229999999999999674e-07
5.575000000000000000e+03 1.175459999999999966e-06
5.580000000000000000e+03 3.380000000000000355e-07
5.585000000000000000e+03 -2.440000000000000144e-07
5.590000000000000000e+03 -2.040000000000000003e-07
5.595000000000000000e+03 -1.216459999999999869e-06
5.600000000000000000e+03 2.031980000000000067e-06
5.605000000000000000e+03 -4.069999999999999784e-07
5.610000000000000000e+03 -1.429999999999999967e-07
5.615000000000000000e+03 -1.439999999999999924e-07
5.620000000000000000e+03 -1.900000000000000073e-07
5.625000000000000000e+03 -2.610000000000000210e-07
5.630000000000000000e+03 -1.299999999999999994e-07
5.635000000000000000e+03 7.839999999999999264e-07
5.640000000000000000e+03 5.759999999999999697e-07
5.645000000000000000e+03 1.159939999999999943e-06
5.650000000000000000e+03 -3.019999999999999911e-08
5.655000000000000000e+03 2.330000000000000085e-07
5.660000000000000000e+03 -3.389999999999999518e-07
5.665000000000000000e+03 5.819999999999999970e-07
5.670000000000000000e+03 1.299999999999999994e-07
5.675000000000000000e+03 6.910000000000000333e-08
5.680000000000000000e+03 -1.290000000000000037e-07
5.685000000000000000e+03 -8.610000000000000997e-07
5.690000000000000000e+03 6.190000000000000239e-07
5.695000000000000000e+03 -2.559999999999999630e-07
5.700000000000000000e+03 9.309999999999999589e-07
5.705000000000000000e+03 -2.279999999999999770e-07
5.710000000000000000e+03 1.226610000000000103e-06
5.715000000000000000e+03 -1.582940000000000171e-06
5.720000000000000000e+03 -9.799999999999999345e-07
5.725000000000000000e+03 4.059999999999999562e-07
5.730000000000000000e+03 4.069999999999999784e-07
5.735000000000000000e+03 -1.149390000000000103e-06
5.740000000000000000e+03 -4.850000000000000151e-07
5.745000000000000000e+03 2.489999999999999665e-07
5.750000000000000000e+03 7.330000000000000124e-07
5.755000000000000000e+03 6.039999999999999557e-07
5.760000000000000000e+03 -1.470000000000000061e-07
5.765000000000000000e+03 1.131700000000000108e-06
5.770000000000000000e+03 -6.010000000000000215e-08
5.775000000000000000e+03 -1.400000000000000095e-07
5.780000000000000000e+03 -5.470000000000000012e-08
5.785000000000000000e+03 1.119660000000000008e-06
5.790000000000000000e+03 1.038420000000000004e-06
5.795000000000000000e+03 2.810000000000000347e-08
5.800000000000000000e+03 -4.500000000000000326e-07
5.805000000000000000e+03 -7.870000000000000327e-09
5.810000000000000000e+03 1.989999999999999952e-07
5.815000000000000000e+03 -1.102119999999999919e-06
5.820000000000000000e+03 -8.749999999999999869e-07
5.825000000000000000e+03 1.404970000000000119e-06
5.830000000000000000e+03 -5.770000000000000448e-07
5.835000000000000000e+03 -5.549999999999999802e-07
5.840000000000000000e+03 -8.369999999999999907e-07
5.845000000000000000e+03 -4.780000000000000186e-07
5.850000000000000000e+03 2.710000000000000311e-07
5.855000000000000000e+03 1.178410000000000081e-06
5.860000000000000000e+03 -1.099999999999999924e-07
5.865000000000000000e+03 5.019999999999999953e-08
5.870000000000000000e+03 -3.460000000000000013e-07
5.875000000000000000e+03 4.660000000000000170e-07
5.880000000000000000e+03 -1.595199999999999990e-06
5.885000000000000000e+03 -2.369999999999999914e-07
5.890000000000000000e+03 -3.429999999999999877e-07
5.895000000000000000e+03 -2.429999999999999922e-07
5.900000000000000000e+03 7.360000000000000260e-07
5.905000000000000000e+03 9.760000000000000045e-08
5.910000000000000000e+03 5.339999999999999907e-07
5.915000000000000000e+03 -5.409999999999999872e-07
5.920000000000000000e+03 1.030120000000000015e-06
5.925000000000000000e+03 8.320000000000000386e-07
5.930000000000000000e+03 -1.170000000000000021e-07
5.935000000000000000e+03 -3.320000000000000083e-07
5.940000000000000000e+03 -5.039999999999999603e-07
5.945000000000000000e+03 2.020000000000000089e-07
5.950000000000000000e+03 -2.119999999999999925e-07
5.955000000000000000e+03 5.209999999999999669e-07
5.960000000000000000e+03 -3.959999999999999990e-07
5.965000000000000000e+03 2.479999999999999972e-07
5.970000000000000000e+03 1.105769999999999875e-06
5.975000000000000000e+03 -2.780000000000000277e-07
5.980000000000000000e+03 1.044079999999999963e-06
5.985000000000000000e+03 -3.970000000000000212e-07
5.990000000000000000e+03 -6.290000000000000075e-08
5.995000000000000000e+03 2.169999999999999976e-07
6.000000000000000000e+03 -3.899999999999999718e-07
6.005000000000000000e+03 -3.550000000000000422e-07
6.010000000000000000e+03 -2.589999999999999766e-07
6.015000000000000000e+03 -7.150000000000000365e-07
6.020000000000000000e+03 -6.890000000000000154e-08
6.025000000000000000e+03 -7.669999999999999198e-08
6.030000000000000000e+03 5.390000000000000487e-07
6.035000000000000000e+03 1.013299999999999895e-06
6.040000000000000000e+03 -1.104699999999999986e-06
6.045000000000000000e+03 -1.209999999999999850e-07
6.050000000000000000e+03 -5.819999999999999970e-07
6.055000000000000000e+03 6.179999999999999752e-08
6.060000000000000000e+03 4.459999999999999968e-07
6.065000000000000000e+03 5.160000000000000148e-07
6.070000000000000000e+03 -5.850000000000000106e-08
6.075000000000000000e+03 -3.630000000000000079e-07
6.080000000000000000e+03 5.099999999999999875e-07
6.085000000000000000e+03 -5.099999999999999875e-07
6.090000000000000000e+03 2.449999999999999836e-07
6.095000000000000000e+03 -3.710000000000000266e-07
6.100000000000000000e+03 7.580000000000000377e-08
6.105000000000000000e+03 -9.320000000000000341e-07
6.110000000000000000e+03 3.490000000000000149e-07
6.115000000000000000e+03 -1.163810000000000043e-06
6.120000000000000000e+03 -6.400000000000000134e-07
6.125000000000000000e+03 -3.880000000000000333e-07
6.130000000000000000e+03 -9.890000000000000548e-08
6.135000000000000000e+03 -2.100000000000000011e-07
6.140000000000000000e+03 -5.330000000000000082e-08
6.145000000000000000e+03 -5.659999999999999728e-08
6.150000000000000000e+03 -7.190000000000000193e-08
6.155000000000000000e+03 -1.709999999999999827e-07
6.160000000000000000e+03 -4.409999999999999917e-07
6.165000000000000000e+03 2.180059999999999842e-06
6.170000000000000000e+03 5.920000000000000071e-07
6.175000000000000000e+03 -1.609999999999999726e-07
6.180000000000000000e+03 -4.279999999999999944e-08
6.185000000000000000e+03 -6.420000000000000578e-07
6.190000000000000000e+03 -2.510000000000000109e-07
6.195000000000000000e+03 9.779999999999999960e-07
6.200000000000000000e+03 -2.599999999999999988e-07
6.205000000000000000e+03 6.889999999999999889e-07
6.210000000000000000e+03 8.139999999999999568e-07
6.215000000000000000e+03 5.300000000000000078e-07
6.220000000000000000e+03 -2.209999999999999805e-07
6.225000000000000000e+03 7.169999999999999750e-07
6.230000000000000000e+03 -3.099999999999999966e-07
6.235000000000000000e+03 4.220000000000000465e-07
6.240000000000000000e+03 1.149999999999999974e-07
6.245000000000000000e+03 -4.599999999999999898e-07
6.250000000000000000e+03 1.226269999999999823e-06
6.255000000000000000e+03 1.390000000000000138e-07
6.260000000000000000e+03 -1.779999999999999792e-07
6.265000000000000000e+03 -1.440199999999999992e-06
6.270000000000000000e+03 -1.374430000000000112e-06
6.275000000000000000e+03 7.679999999999999949e-07
6.280000000000000000e+03 3.789999999999999924e-07
6.285000000000000000e+03 -1.480000000000000018e-07
6.290000000000000000e+03 -3.739999999999999873e-07
6.295000000000000000e+03 -4.130000000000000586e-08
6.300000000000000000e+03 1.010000000000000044e-07
6.305000000000000000e+03 -6.260000000000000468e-08
6.310000000000000000e+03 -7.459999999999999302e-08
6.315000000000000000e+03 -1.104030000000000126e-06
6.320000000000000000e+03 3.259999999999999810e-07
6.325000000000000000e+03 2.710000000000000311e-07
6.330000000000000000e+03 -7.590000000000000599e-07
6.335000000000000000e+03 3.529999999999999978e-07
6.340000000000000000e+03 1.495290000000000044e-06
6.345000000000000000e+03 1.363609999999999807e-06
6.350000000000000000e+03 1.120000000000000103e-08
6.355000000000000000e+03 2.416630000000000273e-06
6.360000000000000000e+03 8.640000000000000075e-07
6.365000000000000000e+03 2.920000000000000207e-07
6.370000000000000000e+03 5.060000000000000046e-07
6.375000000000000000e+03 1.739999999999999964e-07
6.380000000000000000e+03 -1.390000000000000138e-07
6.385000000000000000e+03 6.239999999999999760e-07
6.390000000000000000e+03 5.990000000000000036e-07
6.395000000000000000e+03 -6.360000000000000305e-07
6.400000000000000000e+03 1.128690000000000030e-06
6.405000000000000000e+03 2.489999999999999665e-07
6.410000000000000000e+03 -2.279999999999999770e-07
6.415000000000000000e+03 1.785989999999999861e-06
6.420000000000000000e+03 2.720000000000000004e-07
6.425000000000000000e+03 2.287139999999999925e-06
6.430000000000000000e+03 1.843190000000000135e-06
6.435000000000000000e+03 2.138030000000000094e-06
6.440000000000000000e+03 1.731530000000000047e-06
6.445000000000000000e+03 3.328539999999999814e-06
6.450000000000000000e+03 3.539980000000000283e-06
6.455000000000000000e+03 4.348600000000000174e-06
6.460000000000000000e+03 5.423169999999999612e-06
6.465000000000000000e+03 6.898370000000000328e-06
6.470000000000000000e+03 5.431819999999999944e-06
6.475000000000000000e+03 6.615940000000000729e-06
6.480000000000000000e+03 6.933939999999999209e-06
6.485000000000000000e+03 7.780730000000000296e-06
6.490000000000000000e+03 6.500870000000000322e-06
6.495000000000000000e+03 6.864799999999999055e-06
6.500000000000000000e+03 7.576129999999999747e-06
6.505000000000000000e+03 7.120729999999999839e-06
6.510000000000000000e+03 6.404100000000000230e-06
6.515000000000000000e+03 7.158750000000000704e-06
6.520000000000000000e+03 5.085089999999999962e-06
6.525000000000000000e+03 6.606469999999999785e-06
6.530000000000000000e+03 5.164370000000000497e-06
6.535000000000000000e+03 3.698390000000000177e-06
6.540000000000000000e+03 5.373930000000000740e-06
6.545000000000000000e+03 5.323679999999999824e-06
6.550000000000000000e+03 5.264440000000000201e-06
6.555000000000000000e+03 4.028279999999999487e-06
6.560000000000000000e+03 5.592629999999999172e-06
6.565000000000000000e+03 5.819729999999999928e-06
6.570000000000000000e+03 5.966259999999999692e-06
6.575000000000000000e+03 5.878779999999999812e-06
6.580000000000000000e+03 6.222709999999999583e-06
6.585000000000000000e+03 6.149149999999999393e-06
6.590000000000000000e+03 6.202529999999999888e-06
6.595000000000000000e+03 5.735719999999999694e-06
6.600000000000000000e+03 6.106920000000000477e-06
6.605000000000000000e+03 6.628050000000000009e-06
6.610000000000000000e+03 6.178050000000000082e-06
6.615000000000000000e+03 5.914470000000000312e-06
6.620000000000000000e+03 5.700790000000000691e-06
6.625000000000000000e+03 5.707540000000000245e-06
6.630000000000000000e+03 6.700479999999999923e-06
6.635000000000000000e+03 7.727090000000000247e-06
6.640000000000000000e+03 5.881149999999999587e-06
6.645000000000000000e+03 8.334329999999999535e-06
6.650000000000000000e+03 7.385990000000000243e-06
6.655000000000000000e+03 7.515690000000000035e-06
6.660000000000000000e+03 8.313939999999999549e-06
6.665000000000000000e+03 8.128659999999999521e-06
6.670000000000000000e+03 8.247750000000000781e-06
6.675000000000000000e+03 8.992790000000000682e-06
6.680000000000000000e+03 8.760900000000001111e-06
6.685000000000000000e+03 9.035430000000000328e-06
6.690000000000000000e+03 8.098500000000000474e-06
6.695000000000000000e+03 7.862429999999999869e-06
6.700000000000000000e+03 9.489510000000000222e-06
6.705000000000000000e+03 7.591829999999999445e-06
6.710000000000000000e+03 8.824440000000000845e-06
6.715000000000000000e+03 1.011963000000000089e-05
6.720000000000000000e+03 9.844089999999998782e-06
6.725000000000000000e+03 9.578310000000000117e-06
6.730000000000000000e+03 1.003060000000000015e-05
6.735000000000000000e+03 1.028651999999999854e-05
6.740000000000000000e+03 9.496939999999999912e-06
6.745000000000000000e+03 9.711960000000000100e-06
6.750000000000000000e+03 1.005451000000000074e-05
6.755000000000000000e+03 9.752339999999999195e-06
6.760000000000000000e+03 1.048684000000000038e-05
6.765000000000000000e+03 1.055731999999999941e-05
6.770000000000000000e+03 9.798150000000000370e-06
6.775000000000000000e+03 8.498159999999999964e-06
6.780000000000000000e+03 9.250010000000000228e-06
6.785000000000000000e+03 1.077320000000000046e-05
6.790000000000000000e+03 8.964539999999999724e-06
6.795000000000000000e+03 9.359169999999999705e-06
6.800000000000000000e+03 8.966680000000000351e-06
6.805000000000000000e+03 9.078899999999998744e-06
6.810000000000000000e+03 9.556989999999999447e-06
6.815000000000000000e+03 9.735120000000000738e-06
6.820000000000000000e+03 9.462139999999999839e-06
6.825000000000000000e+03 9.059469999999999847e-06
6.830000000000000000e+03 9.350079999999999085e-06
6.835000000000000000e+03 8.547309999999999316e-06
6.840000000000000000e+03 9.726230000000000558e-06
6.845000000000000000e+03 9.493680000000000556e-06
6.850000000000000000e+03 7.681019999999999517e-06
6.855000000000000000e+03 8.514909999999999423e-06
6.860000000000000000e+03 8.893479999999999086e-06
6.865000000000000000e+03 7.983380000000000803e-06
6.870000000000000000e+03 8.988489999999999723e-06
6.875000000000000000e+03 8.767469999999999932e-06
6.880000000000000000e+03 8.597570000000000085e-06
6.885000000000000000e+03 8.240179999999999768e-06
6.890000000000000000e+03 8.820490000000000654e-06
6.895000000000000000e+03 8.333229999999998818e-06
6.900000000000000000e+03 7.424680000000000545e-06
6.905000000000000000e+03 7.660959999999998900e-06
6.910000000000000000e+03 6.625900000000000377e-06
6.915000000000000000e+03 6.677670000000000052e-06
6.920000000000000000e+03 7.110060000000000498e-06
6.925000000000000000e+03 7.243150000000000269e-06
6.930000000000000000e+03 7.486310000000000496e-06
6.935000000000000000e+03 6.318930000000000163e-06
6.940000000000000000e+03 6.719250000000000084e-06
6.945000000000000000e+03 6.459999999999999983e-06
6.950000000000000000e+03 7.342939999999999868e-06
6.955000000000000000e+03 6.357340000000000359e-06
6.960000000000000000e+03 6.149130000000000535e-06
6.965000000000000000e+03 6.514570000000000716e-06
6.970000000000000000e+03 5.487740000000000249e-06
6.975000000000000000e+03 6.412949999999999307e-06
6.980000000000000000e+03 5.925939999999999713e-06
6.985000000000000000e+03 6.164130000000000392e-06
6.990000000000000000e+03 5.965630000000000513e-06
6.995000000000000000e+03 4.472869999999999579e-06
7.000000000000000000e+03 4.891919999999999404e-06
7.005000000000000000e+03 4.796809999999999395e-06
7.010000000000000000e+03 4.865000000000000007e-06
7.015000000000000000e+03 5.041380000000000003e-06
7.020000000000000000e+03 4.594159999999999734e-06
7.025000000000000000e+03 4.689590000000000106e-06
7.030000000000000000e+03 4.198470000000000140e-06
7.035000000000000000e+03 5.024229999999999667e-06
7.040000000000000000e+03 4.881930000000000199e-06
7.045000000000000000e+03 3.602319999999999927e-06
7.050000000000000000e+03 4.149830000000000043e-06
7.055000000000000000e+03 3.676919999999999602e-06
7.060000000000000000e+03 4.566950000000000379e-06
7.065000000000000000e+03 3.210210000000000051e-06
7.070000000000000000e+03 4.003710000000000161e-06
7.075000000000000000e+03 4.201299999999999908e-06
7.080000000000000000e+03 3.233159999999999975e-06
7.085000000000000000e+03 2.774920000000000022e-06
7.090000000000000000e+03 3.202510000000000107e-06
7.095000000000000000e+03 1.880990000000000010e-06
7.100000000000000000e+03 4.295980000000000329e-06
7.105000000000000000e+03 2.921430000000000081e-06
7.110000000000000000e+03 2.865699999999999939e-06
7.115000000000000000e+03 3.323279999999999884e-06
7.120000000000000000e+03 2.192150000000000264e-06
7.125000000000000000e+03 4.199059999999999909e-06
7.130000000000000000e+03 1.904380000000000010e-06
7.135000000000000000e+03 3.160719999999999784e-06
7.140000000000000000e+03 3.240830000000000360e-06
7.145000000000000000e+03 3.058589999999999967e-06
7.150000000000000000e+03 1.610130000000000032e-06
7.155000000000000000e+03 3.471920000000000294e-06
7.160000000000000000e+03 2.549559999999999862e-06
7.165000000000000000e+03 2.282720000000000313e-06
7.170000000000000000e+03 2.426989999999999950e-06
7.175000000000000000e+03 3.144849999999999629e-06
7.180000000000000000e+03 1.902279999999999852e-06
7.185000000000000000e+03 1.881669999999999935e-06
7.190000000000000000e+03 2.928410000000000055e-06
7.195000000000000000e+03 3.839309999999999669e-06
7.200000000000000000e+03 4.190000000000000329e-07
7.205000000000000000e+03 2.600689999999999659e-06
7.210000000000000000e+03 1.430550000000000008e-06
7.215000000000000000e+03 1.795730000000000000e-06
7.220000000000000000e+03 2.191069999999999674e-06
7.225000000000000000e+03 1.736549999999999916e-06
7.230000000000000000e+03 9.490000000000000407e-07
7.235000000000000000e+03 2.272770000000000095e-06
7.240000000000000000e+03 2.172000000000000126e-06
7.245000000000000000e+03 1.847209999999999929e-06
7.250000000000000000e+03 2.256039999999999918e-06
7.255000000000000000e+03 2.030979999999999992e-06
7.260000000000000000e+03 7.139999999999999613e-07
7.265000000000000000e+03 1.253740000000000002e-06
7.270000000000000000e+03 1.226560000000000205e-06
7.275000000000000000e+03 1.939160000000000167e-06
7.280000000000000000e+03 1.795180000000000065e-06
7.285000000000000000e+03 1.031129999999999943e-06
7.290000000000000000e+03 1.973089999999999942e-06
7.295000000000000000e+03 2.369559999999999891e-06
7.300000000000000000e+03 2.110329999999999919e-06
7.305000000000000000e+03 1.056650000000000082e-06
7.310000000000000000e+03 1.090259999999999917e-06
7.315000000000000000e+03 1.603490000000000126e-06
7.320000000000000000e+03 1.098880000000000057e-06
7.325000000000000000e+03 2.039750000000000249e-06
7.330000000000000000e+03 1.380719999999999886e-06
7.335000000000000000e+03 8.579999999999999802e-07
7.340000000000000000e+03 1.429999999999999967e-07
7.345000000000000000e+03 1.030859999999999902e-06
7.350000000000000000e+03 1.224809999999999967e-06
7.355000000000000000e+03 1.730000000000000006e-07
7.360000000000000000e+03 6.169999999999999795e-07
7.365000000000000000e+03 1.882429999999999949e-06
7.370000000000000000e+03 8.420000000000000487e-07
7.375000000000000000e+03 8.770000000000000313e-07
7.380000000000000000e+03 8.150000000000000319e-07
7.385000000000000000e+03 2.029999999999999781e-07
7.390000000000000000e+03 7.360000000000000260e-07
7.395000000000000000e+03 6.959999999999999854e-07
7.400000000000000000e+03 -8.590000000000000554e-07
7.405000000000000000e+03 3.880000000000000333e-08
7.410000000000000000e+03 9.919999999999999890e-07
7.415000000000000000e+03 1.951710000000000157e-06
7.420000000000000000e+03 1.040010000000000060e-06
7.425000000000000000e+03 1.781479999999999882e-06
7.430000000000000000e+03 7.369999999999999952e-07
7.435000000000000000e+03 6.360000000000000305e-07
7.440000000000000000e+03 2.019890000000000070e-06
7.445000000000000000e+03 5.619999999999999767e-07
7.450000000000000000e+03 7.899999999999999537e-07
7.455000000000000000e+03 -3.889999999999999760e-08
7.460000000000000000e+03 4.259999999999999765e-07
7.465000000000000000e+03 5.560000000000000553e-07
7.470000000000000000e+03 1.888690000000000165e-06
7.475000000000000000e+03 3.749999999999999566e-07
7.480000000000000000e+03 -1.600000000000000033e-07
7.485000000000000000e+03 -1.619999999999999948e-07
7.490000000000000000e+03 1.714259999999999999e-06
7.495000000000000000e+03 3.139999999999999794e-07
7.500000000000000000e+03 -5.140000000000000763e-07
7.505000000000000000e+03 9.060000000000000924e-07
7.510000000000000000e+03 -6.660000000000000609e-07
7.515000000000000000e+03 1.555820000000000124e-06
7.520000000000000000e+03 -3.460000000000000013e-07
7.525000000000000000e+03 1.592309999999999837e-06
7.530000000000000000e+03 6.470000000000000099e-07
7.535000000000000000e+03 6.819999999999999924e-07
7.540000000000000000e+03 -2.609999999999999879e-08
7.545000000000000000e+03 6.090000000000000137e-07
7.550000000000000000e+03 -3.359999999999999911e-07
7.555000000000000000e+03 1.926679999999999991e-06
7.560000000000000000e+03 1.930000000000000209e-07
7.565000000000000000e+03 -4.390000000000000532e-07
7.570000000000000000e+03 1.829860000000000002e-06
7.575000000000000000e+03 1.179400000000000092e-06
7.580000000000000000e+03 6.669999999999999243e-07
7.585000000000000000e+03 -4.269999999999999987e-07
7.590000000000000000e+03 1.549459999999999900e-06
7.595000000000000000e+03 -1.390000000000000138e-07
7.600000000000000000e+03 1.606839999999999849e-06
7.605000000000000000e+03 7.729999999999999470e-07
7.610000000000000000e+03 1.459420000000000081e-06
7.615000000000000000e+03 1.013110000000000156e-06
7.620000000000000000e+03 1.600000000000000033e-07
7.625000000000000000e+03 1.160000000000000064e-07
7.630000000000000000e+03 3.929999999999999854e-07
7.635000000000000000e+03 -2.199999999999999848e-07
7.640000000000000000e+03 2.979999999999999950e-07
7.645000000000000000e+03 1.130770000000000060e-06
7.650000000000000000e+03 3.150000000000000016e-07
7.655000000000000000e+03 5.500000000000000281e-07
7.660000000000000000e+03 1.390030000000000013e-06
7.665000000000000000e+03 -2.559999999999999630e-07
7.670000000000000000e+03 4.020000000000000263e-07
7.675000000000000000e+03 1.739999999999999964e-07
7.680000000000000000e+03 2.499999999999999887e-07
7.685000000000000000e+03 6.810000000000000232e-07
7.690000000000000000e+03 -3.449999999999999791e-07
7.695000000000000000e+03 6.070000000000000752e-08
7.700000000000000000e+03 -7.790000000000000272e-08
7.705000000000000000e+03 -1.618219999999999941e-06
7.710000000000000000e+03 6.349999999999999554e-07
7.715000000000000000e+03 1.120799999999999925e-06
7.720000000000000000e+03 -5.890000000000000464e-08
7.725000000000000000e+03 2.130719999999999905e-06
7.730000000000000000e+03 4.250000000000000072e-07
7.735000000000000000e+03 3.839999999999999974e-07
7.740000000000000000e+03 1.709999999999999827e-07
7.745000000000000000e+03 7.749999999999999914e-07
7.750000000000000000e+03 8.289999999999999191e-07
7.755000000000000000e+03 1.008359999999999905e-06
7.760000000000000000e+03 8.169999999999999704e-07
7.765000000000000000e+03 2.369999999999999914e-07
7.770000000000000000e+03 4.259999999999999765e-07
7.775000000000000000e+03 6.330000000000000434e-08
7.780000000000000000e+03 6.920000000000000026e-07
7.785000000000000000e+03 3.779999999999999702e-07
7.790000000000000000e+03 -2.770000000000000319e-08
7.795000000000000000e+03 -4.400000000000000357e-08
7.800000000000000000e+03 -1.237289999999999931e-06
7.805000000000000000e+03 3.229999999999999674e-07
7.810000000000000000e+03 1.431349999999999857e-06
7.815000000000000000e+03 1.284430000000000127e-06
7.820000000000000000e+03 1.799999999999999971e-07
7.825000000000000000e+03 1.989999999999999952e-07
7.830000000000000000e+03 6.559999999999999449e-07
7.835000000000000000e+03 -4.040000000000000177e-07
7.840000000000000000e+03 6.230000000000000067e-07
7.845000000000000000e+03 5.280000000000000693e-07
7.850000000000000000e+03 4.579999999999999983e-07
7.855000000000000000e+03 5.509999999999999973e-07
7.860000000000000000e+03 1.460000000000000103e-07
7.865000000000000000e+03 1.053710000000000030e-06
7.870000000000000000e+03 3.630000000000000079e-07
7.875000000000000000e+03 5.649999999999999903e-07
7.880000000000000000e+03 3.380000000000000355e-07
7.885000000000000000e+03 1.375340000000000032e-06
7.890000000000000000e+03 1.916629999999999978e-06
7.895000000000000000e+03 1.085889999999999991e-06
7.900000000000000000e+03 1.189999999999999936e-07
7.905000000000000000e+03 1.117349999999999983e-06
7.910000000000000000e+03 4.869999999999999536e-07
7.915000000000000000e+03 -4.369999999999999426e-08
7.920000000000000000e+03 3.049999999999999915e-07
7.925000000000000000e+03 7.779999999999998991e-07
7.930000000000000000e+03 -3.479999999999999927e-07
7.935000000000000000e+03 -2.440000000000000144e-07
7.940000000000000000e+03 3.270000000000000032e-07
7.945000000000000000e+03 -2.580000000000000074e-07
7.950000000000000000e+03 9.320000000000000341e-07
7.955000000000000000e+03 7.779999999999998991e-07
7.960000000000000000e+03 -2.759999999999999833e-07
7.965000000000000000e+03 1.119080000000000092e-06
7.970000000000000000e+03 1.827219999999999973e-06
7.975000000000000000e+03 6.230000000000000067e-07
7.980000000000000000e+03 9.320000000000000341e-07
7.985000000000000000e+03 7.210000000000000637e-07
7.990000000000000000e+03 3.470000000000000235e-07
7.995000000000000000e+03 1.249019999999999944e-06
8.000000000000000000e+03 3.429999999999999877e-07
8.005000000000000000e+03 -1.231709999999999850e-06
8.010000000000000000e+03 1.400000000000000095e-07
8.015000000000000000e+03 5.470000000000000144e-07
8.020000000000000000e+03 1.944770000000000016e-06
8.025000000000000000e+03 -5.379999999999999735e-07
8.030000000000000000e+03 5.810000000000000277e-07
8.035000000000000000e+03 6.550000000000000815e-07
8.040000000000000000e+03 8.640000000000000075e-07
8.045000000000000000e+03 4.610000000000000417e-09
8.050000000000000000e+03 4.649999999999999948e-07
8.055000000000000000e+03 5.110000000000000626e-07
8.060000000000000000e+03 1.490600000000000179e-06
8.065000000000000000e+03 1.180000000000000111e-07
8.070000000000000000e+03 2.640000000000000346e-07
8.075000000000000000e+03 9.199999999999999795e-07
8.080000000000000000e+03 1.875849999999999794e-06
8.085000000000000000e+03 8.619999999999999631e-07
8.090000000000000000e+03 1.800620000000000092e-06
8.095000000000000000e+03 1.370730000000000046e-06
8.100000000000000000e+03 9.250000000000000376e-07
8.105000000000000000e+03 6.389999999999999383e-07
8.110000000000000000e+03 1.418579999999999935e-06
8.115000000000000000e+03 5.880000000000000242e-07
8.120000000000000000e+03 1.508840000000000109e-06
8.125000000000000000e+03 1.369999999999999959e-07
8.130000000000000000e+03 2.589999999999999766e-07
8.135000000000000000e+03 1.111490000000000009e-06
8.140000000000000000e+03 -4.099999999999999920e-07
8.145000000000000000e+03 1.151639999999999955e-06
8.150000000000000000e+03 6.060000000000000001e-08
8.155000000000000000e+03 7.260000000000000159e-07
8.160000000000000000e+03 3.970000000000000212e-07
8.165000000000000000e+03 1.011939999999999835e-06
8.170000000000000000e+03 9.719999999999999687e-07
8.175000000000000000e+03 7.420000000000000532e-07
8.180000000000000000e+03 1.248590000000000145e-06
8.185000000000000000e+03 1.173860000000000057e-06
8.190000000000000000e+03 1.037419999999999929e-06
8.195000000000000000e+03 1.997950000000000073e-06
8.200000000000000000e+03 1.991469999999999925e-06
8.205000000000000000e+03 1.288309999999999868e-06
8.210000000000000000e+03 1.293180000000000043e-06
8.215000000000000000e+03 2.193170000000000044e-06
8.220000000000000000e+03 3.091960000000000378e-06
8.225000000000000000e+03 1.900240000000000080e-06
8.230000000000000000e+03 1.663749999999999953e-06
8.235000000000000000e+03 2.312469999999999901e-06
8.240000000000000000e+03 2.043449999999999892e-06
8.245000000000000000e+03 3.339190000000000296e-06
8.250000000000000000e+03 1.618339999999999866e-06
8.255000000000000000e+03 2.132460000000000078e-06
8.260000000000000000e+03 2.665109999999999967e-06
8.265000000000000000e+03 2.018990000000000214e-06
8.270000000000000000e+03 3.193049999999999862e-06
8.275000000000000000e+03 2.263180000000000073e-06
8.280000000000000000e+03 3.766800000000000087e-06
8.285000000000000000e+03 2.276650000000000047e-06
8.290000000000000000e+03 2.416249999999999948e-06
8.295000000000000000e+03 4.290489999999999980e-06
8.300000000000000000e+03 1.878589999999999830e-06
8.305000000000000000e+03 3.697129999999999702e-06
8.310000000000000000e+03 5.392049999999999476e-06
8.315000000000000000e+03 5.602829999999999515e-06
8.320000000000000000e+03 4.519209999999999715e-06
8.325000000000000000e+03 5.624719999999999401e-06
8.330000000000000000e+03 5.414029999999999730e-06
8.335000000000000000e+03 6.800960000000000357e-06
8.340000000000000000e+03 5.888750000000000158e-06
8.345000000000000000e+03 8.459969999999999911e-06
8.350000000000000000e+03 8.258939999999999229e-06
8.355000000000000000e+03 9.450690000000000143e-06
8.360000000000000000e+03 1.093986999999999966e-05
8.365000000000000000e+03 9.965700000000000147e-06
8.370000000000000000e+03 1.250078999999999996e-05
8.375000000000000000e+03 1.269472999999999933e-05
8.380000000000000000e+03 1.435011999999999975e-05
8.385000000000000000e+03 1.649466000000000040e-05
8.390000000000000000e+03 1.684073999999999895e-05
8.395000000000000000e+03 2.004475999999999882e-05
8.400000000000000000e+03 2.122390000000000190e-05
8.405000000000000000e+03 2.589936999999999933e-05
8.410000000000000000e+03 2.879998000000000069e-05
8.415000000000000000e+03 3.285763999999999802e-05
8.420000000000000000e+03 3.632217000000000057e-05
8.425000000000000000e+03 4.284854999999999822e-05
8.430000000000000000e+03 5.122624000000000372e-05
8.435000000000000000e+03 6.143356000000000478e-05
8.440000000000000000e+03 7.142197000000000628e-05
8.445000000000000000e+03 8.498711999999999955e-05
8.450000000000000000e+03 1.006522099999999855e-04
8.455000000000000000e+03 1.189248300000000057e-04
8.460000000000000000e+03 1.410966199999999949e-04
8.465000000000000000e+03 1.686518999999999768e-04
8.470000000000000000e+03 2.005265800000000109e-04
8.475000000000000000e+03 2.307427699999999937e-04
8.480000000000000000e+03 2.578824600000000273e-04
8.485000000000000000e+03 2.838780399999999977e-04
8.490000000000000000e+03 3.060002100000000394e-04
8.495000000000000000e+03 3.126239000000000275e-04
8.500000000000000000e+03 3.227781900000000186e-04
8.505000000000000000e+03 2.997862700000000248e-04
8.510000000000000000e+03 2.779729900000000296e-04
8.515000000000000000e+03 2.529479799999999898e-04
8.520000000000000000e+03 2.253832299999999824e-04
8.525000000000000000e+03 1.923974800000000009e-04
8.530000000000000000e+03 1.789975400000000047e-04
8.535000000000000000e+03 1.653110599999999940e-04
8.540000000000000000e+03 1.466597199999999891e-04
8.545000000000000000e+03 1.362834599999999876e-04
8.550000000000000000e+03 1.130703199999999952e-04
8.555000000000000000e+03 1.156530500000000022e-04
8.560000000000000000e+03 1.055135300000000008e-04
8.565000000000000000e+03 9.133135999999999490e-05
8.570000000000000000e+03 9.237192999999999771e-05
8.575000000000000000e+03 7.150207999999999965e-05
8.580000000000000000e+03 7.678327000000000524e-05
8.585000000000000000e+03 7.426806000000000531e-05
8.590000000000000000e+03 7.043106999999999515e-05
8.595000000000000000e+03 6.808328999999999846e-05
8.600000000000000000e+03 6.982982000000000154e-05
8.605000000000000000e+03 6.187798000000000484e-05
8.610000000000000000e+03 4.789976999999999625e-05
8.615000000000000000e+03 4.976140000000000099e-05
8.620000000000000000e+03 5.471590000000000243e-05
8.625000000000000000e+03 5.489127999999999938e-05
8.630000000000000000e+03 5.086614000000000017e-05
8.635000000000000000e+03 4.887624000000000081e-05
8.640000000000000000e+03 5.116657000000000366e-05
8.645000000000000000e+03 4.641364999999999564e-05
8.650000000000000000e+03 4.624424000000000297e-05
8.655000000000000000e+03 4.832190999999999624e-05
8.660000000000000000e+03 4.724157999999999705e-05
8.665000000000000000e+03 4.461945999999999919e-05
8.670000000000000000e+03 5.702838000000000303e-05
8.675000000000000000e+03 4.615687000000000316e-05
8.680000000000000000e+03 4.472117999999999997e-05
8.685000000000000000e+03 4.815029000000000482e-05
8.690000000000000000e+03 4.421562999999999936e-05
8.695000000000000000e+03 4.728786999999999623e-05
8.700000000000000000e+03 4.772626999999999528e-05
8.705000000000000000e+03 5.127615000000000542e-05
8.710000000000000000e+03 4.708485000000000372e-05
8.715000000000000000e+03 5.428988000000000206e-05
8.720000000000000000e+03 5.746158999999999815e-05
8.725000000000000000e+03 5.266414999999999958e-05
8.730000000000000000e+03 5.902306999999999866e-05
8.735000000000000000e+03 6.401679000000000614e-05
8.740000000000000000e+03 6.005442000000000023e-05
8.745000000000000000e+03 6.495822999999999962e-05
8.750000000000000000e+03 6.906900999999999958e-05
8.755000000000000000e+03 6.567772999999999840e-05
8.760000000000000000e+03 5.984588000000000104e-05
8.765000000000000000e+03 6.544393000000000074e-05
8.770000000000000000e+03 6.668442999999998997e-05
8.775000000000000000e+03 8.382074999999999194e-05
8.780000000000000000e+03 7.802468000000000391e-05
8.785000000000000000e+03 7.624724999999999407e-05
8.790000000000000000e+03 8.407248000000001062e-05
8.795000000000000000e+03 8.220735999999999213e-05
8.800000000000000000e+03 9.011458999999999876e-05
8.805000000000000000e+03 9.028103000000001406e-05
8.810000000000000000e+03 9.530514000000000617e-05
8.815000000000000000e+03 9.864141999999999518e-05
8.820000000000000000e+03 9.489643999999999770e-05
8.825000000000000000e+03 1.038240099999999879e-04
8.830000000000000000e+03 1.076305599999999963e-04
8.835000000000000000e+03 1.084062799999999978e-04
8.840000000000000000e+03 1.095206499999999998e-04
8.845000000000000000e+03 1.127689400000000134e-04
8.850000000000000000e+03 1.154283700000000056e-04
8.855000000000000000e+03 1.077961100000000036e-04
8.860000000000000000e+03 1.137737699999999961e-04
8.865000000000000000e+03 1.115716799999999997e-04
8.870000000000000000e+03 1.178091300000000055e-04
8.875000000000000000e+03 1.124265099999999923e-04
8.880000000000000000e+03 1.087117899999999975e-04
8.885000000000000000e+03 1.087997900000000007e-04
8.890000000000000000e+03 1.132377000000000085e-04
8.895000000000000000e+03 9.891386999999999966e-05
8.900000000000000000e+03 1.022261100000000010e-04
8.905000000000000000e+03 1.037903200000000027e-04
8.910000000000000000e+03 9.653660999999998712e-05
8.915000000000000000e+03 9.258376000000000344e-05
8.920000000000000000e+03 8.812660999999999141e-05
8.925000000000000000e+03 8.556958999999999399e-05
8.930000000000000000e+03 7.736774000000000407e-05
8.935000000000000000e+03 7.930987000000000236e-05
8.940000000000000000e+03 7.784779000000000297e-05
8.945000000000000000e+03 7.644620999999999394e-05
8.950000000000000000e+03 7.554925999999999569e-05
8.955000000000000000e+03 7.473906999999999524e-05
8.960000000000000000e+03 7.625652000000000558e-05
8.965000000000000000e+03 6.767069000000000176e-05
8.970000000000000000e+03 5.863488000000000196e-05
8.975000000000000000e+03 5.201324000000000144e-05
8.980000000000000000e+03 5.738563999999999764e-05
8.985000000000000000e+03 5.389271000000000057e-05
8.990000000000000000e+03 4.877966000000000046e-05
8.995000000000000000e+03 5.909378999999999923e-05
9.000000000000000000e+03 5.471567999999999381e-05
9.005000000000000000e+03 4.962006000000000007e-05
9.010000000000000000e+03 5.130810999999999825e-05
9.015000000000000000e+03 4.164026999999999968e-05
9.020000000000000000e+03 4.074816999999999513e-05
9.025000000000000000e+03 4.472060000000000005e-05
9.030000000000000000e+03 4.554135000000000062e-05
9.035000000000000000e+03 4.228312999999999711e-05
9.040000000000000000e+03 3.788056000000000176e-05
9.045000000000000000e+03 4.090410000000000026e-05
9.050000000000000000e+03 3.713766999999999980e-05
9.055000000000000000e+03 3.225818000000000088e-05
9.060000000000000000e+03 2.879481000000000155e-05
9.065000000000000000e+03 3.665853999999999749e-05
9.070000000000000000e+03 3.486776999999999634e-05
9.075000000000000000e+03 4.613413000000000480e-05
9.080000000000000000e+03 3.807377999999999988e-05
9.085000000000000000e+03 3.670921999999999884e-05
9.090000000000000000e+03 3.068150000000000093e-05
9.095000000000000000e+03 3.801820000000000134e-05
9.100000000000000000e+03 2.619737999999999955e-05
9.105000000000000000e+03 3.830862000000000254e-05
9.110000000000000000e+03 2.897926999999999673e-05
9.115000000000000000e+03 3.017510999999999916e-05
9.120000000000000000e+03 3.102449000000000016e-05
9.125000000000000000e+03 3.044041999999999882e-05
9.130000000000000000e+03 3.470798999999999971e-05
9.135000000000000000e+03 3.123018999999999719e-05
9.140000000000000000e+03 3.666242999999999857e-05
9.145000000000000000e+03 3.678453000000000202e-05
9.150000000000000000e+03 2.589906999999999867e-05
9.155000000000000000e+03 3.435873999999999623e-05
9.160000000000000000e+03 3.156416000000000240e-05
9.165000000000000000e+03 2.666111999999999928e-05
9.170000000000000000e+03 2.902370999999999863e-05
9.175000000000000000e+03 2.591038999999999775e-05
9.180000000000000000e+03 3.196835000000000030e-05
9.185000000000000000e+03 3.258526999999999913e-05
9.190000000000000000e+03 2.345397999999999800e-05
9.195000000000000000e+03 3.618058000000000249e-05
9.200000000000000000e+03 3.788077999999999682e-05
9.205000000000000000e+03 3.348926999999999590e-05
9.210000000000000000e+03 3.114262999999999764e-05
9.215000000000000000e+03 3.244217999999999776e-05
9.220000000000000000e+03 3.533318000000000109e-05
9.225000000000000000e+03 3.206654000000000486e-05
9.230000000000000000e+03 3.149852999999999876e-05
9.235000000000000000e+03 3.267776999999999867e-05
9.240000000000000000e+03 3.190735000000000207e-05
9.245000000000000000e+03 3.641084000000000323e-05
9.250000000000000000e+03 3.464787000000000205e-05
9.255000000000000000e+03 3.737510999999999460e-05
9.260000000000000000e+03 2.808557999999999953e-05
9.265000000000000000e+03 3.455135999999999982e-05
9.270000000000000000e+03 3.196520999999999748e-05
9.275000000000000000e+03 3.239579999999999907e-05
9.280000000000000000e+03 3.836735999999999852e-05
9.285000000000000000e+03 3.923696000000000117e-05
9.290000000000000000e+03 3.925551000000000458e-05
9.295000000000000000e+03 3.923939000000000176e-05
9.300000000000000000e+03 4.547332000000000528e-05
9.305000000000000000e+03 4.134205999999999564e-05
9.310000000000000000e+03 4.160009000000000103e-05
9.315000000000000000e+03 4.318665000000000096e-05
9.320000000000000000e+03 5.033804999999999487e-05
9.325000000000000000e+03 4.584179999999999874e-05
9.330000000000000000e+03 3.654746999999999992e-05
9.335000000000000000e+03 4.634359999999999451e-05
9.340000000000000000e+03 4.204004000000000009e-05
9.345000000000000000e+03 3.343561999999999684e-05
9.350000000000000000e+03 5.331339000000000287e-05
9.355000000000000000e+03 4.810322999999999921e-05
9.360000000000000000e+03 4.046977999999999524e-05
9.365000000000000000e+03 4.397800999999999875e-05
9.370000000000000000e+03 4.818124000000000153e-05
9.375000000000000000e+03 4.596125000000000655e-05
9.380000000000000000e+03 4.704953000000000623e-05
9.385000000000000000e+03 4.718637000000000406e-05
9.390000000000000000e+03 5.057398999999999993e-05
9.395000000000000000e+03 5.396953000000000096e-05
9.400000000000000000e+03 5.720799000000000451e-05
9.405000000000000000e+03 4.397535999999999633e-05
9.410000000000000000e+03 4.391415000000000374e-05
9.415000000000000000e+03 3.529148000000000452e-05
9.420000000000000000e+03 3.949791999999999469e-05
9.425000000000000000e+03 5.240246999999999635e-05
9.430000000000000000e+03 4.596183999999999361e-05
9.435000000000000000e+03 4.521790000000000629e-05
9.440000000000000000e+03 5.053257999999999654e-05
9.445000000000000000e+03 4.625976999999999840e-05
9.450000000000000000e+03 4.586297999999999639e-05
9.455000000000000000e+03 4.382289000000000285e-05
9.460000000000000000e+03 4.461805000000000220e-05
9.465000000000000000e+03 4.681489999999999794e-05
9.470000000000000000e+03 4.854665999999999777e-05
9.475000000000000000e+03 4.505465999999999800e-05
9.480000000000000000e+03 4.714196000000000087e-05
9.485000000000000000e+03 4.102172000000000202e-05
9.490000000000000000e+03 3.520910000000000142e-05
9.495000000000000000e+03 3.147165000000000216e-05
9.500000000000000000e+03 4.245536999999999803e-05
9.505000000000000000e+03 3.513395999999999658e-05
9.510000000000000000e+03 3.567476999999999725e-05
9.515000000000000000e+03 3.664184000000000153e-05
9.520000000000000000e+03 4.367689000000000120e-05
9.525000000000000000e+03 3.217526000000000067e-05
9.530000000000000000e+03 3.551377000000000337e-05
9.535000000000000000e+03 3.383971999999999523e-05
9.540000000000000000e+03 2.785302000000000052e-05
9.545000000000000000e+03 3.488183999999999805e-05
9.550000000000000000e+03 3.403986999999999703e-05
9.555000000000000000e+03 2.578745999999999721e-05
9.560000000000000000e+03 2.868219000000000058e-05
9.565000000000000000e+03 2.457570999999999988e-05
9.570000000000000000e+03 3.060657999999999792e-05
9.575000000000000000e+03 3.114860000000000193e-05
9.580000000000000000e+03 2.465817999999999911e-05
9.585000000000000000e+03 3.174152000000000234e-05
9.590000000000000000e+03 3.726720000000000125e-05
9.595000000000000000e+03 3.329186000000000282e-05
9.600000000000000000e+03 2.719944000000000195e-05
9.605000000000000000e+03 3.418884999999999709e-05
9.610000000000000000e+03 3.393251000000000150e-05
9.615000000000000000e+03 2.681312999999999785e-05
9.620000000000000000e+03 2.667095999999999985e-05
9.625000000000000000e+03 2.777534999999999827e-05
9.630000000000000000e+03 2.226461999999999826e-05
9.635000000000000000e+03 2.701881000000000025e-05
9.640000000000000000e+03 2.570127999999999934e-05
9.645000000000000000e+03 2.624173000000000193e-05
9.650000000000000000e+03 2.453566999999999746e-05
9.655000000000000000e+03 2.469565999999999862e-05
9.660000000000000000e+03 2.445399999999999999e-05
9.665000000000000000e+03 2.432296999999999864e-05
9.670000000000000000e+03 2.903190999999999967e-05
9.675000000000000000e+03 1.570207999999999858e-05
9.680000000000000000e+03 2.748941999999999946e-05
9.685000000000000000e+03 2.091804999999999872e-05
9.690000000000000000e+03 2.441033000000000113e-05
9.695000000000000000e+03 2.608869000000000246e-05
9.700000000000000000e+03 1.516732000000000101e-05
9.705000000000000000e+03 2.023621000000000187e-05
9.710000000000000000e+03 2.672106999999999860e-05
9.715000000000000000e+03 1.759570999999999894e-05
9.720000000000000000e+03 2.259394000000000005e-05
9.725000000000000000e+03 1.831890999999999907e-05
9.730000000000000000e+03 2.345868999999999884e-05
9.735000000000000000e+03 2.374854000000000082e-05
9.740000000000000000e+03 1.023858999999999983e-05
9.745000000000000000e+03 1.590530999999999900e-05
9.750000000000000000e+03 1.931774999999999982e-05
9.755000000000000000e+03 2.105313999999999948e-05
9.760000000000000000e+03 2.353532000000000288e-05
9.765000000000000000e+03 2.096632000000000088e-05
9.770000000000000000e+03 2.223685000000000039e-05
9.775000000000000000e+03 2.268875000000000194e-05
9.780000000000000000e+03 1.810186000000000087e-05
9.785000000000000000e+03 1.636205000000000032e-05
9.790000000000000000e+03 1.680251000000000119e-05
9.795000000000000000e+03 1.838252000000000031e-05
9.800000000000000000e+03 2.511493999999999844e-05
9.805000000000000000e+03 1.502470000000000033e-05
9.810000000000000000e+03 1.532623999999999846e-05
9.815000000000000000e+03 2.915224999999999859e-05
9.820000000000000000e+03 1.513568999999999908e-05
9.825000000000000000e+03 2.883030999999999807e-05
9.830000000000000000e+03 2.279106999999999726e-05
9.835000000000000000e+03 2.449710999999999694e-05
9.840000000000000000e+03 2.044587999999999880e-05
9.845000000000000000e+03 2.003106000000000266e-05
9.850000000000000000e+03 1.739150999999999843e-05
9.855000000000000000e+03 2.679821000000000105e-05
9.860000000000000000e+03 2.070456999999999953e-05
9.865000000000000000e+03 3.216495000000000449e-05
9.870000000000000000e+03 3.036608999999999982e-05
9.875000000000000000e+03 2.324219000000000184e-05
9.880000000000000000e+03 2.257512000000000147e-05
9.885000000000000000e+03 3.048072000000000249e-05
9.890000000000000000e+03 2.360174000000000080e-05
9.895000000000000000e+03 2.338525000000000112e-05
9.900000000000000000e+03 2.596782000000000034e-05
9.905000000000000000e+03 2.822877000000000112e-05
9.910000000000000000e+03 3.194227999999999938e-05
9.915000000000000000e+03 2.246541999999999810e-05
9.920000000000000000e+03 2.873353999999999798e-05
9.925000000000000000e+03 2.856398000000000159e-05
9.930000000000000000e+03 2.782733999999999978e-05
9.935000000000000000e+03 2.852649000000000138e-05
9.940000000000000000e+03 2.849239999999999846e-05
9.945000000000000000e+03 2.167914999999999724e-05
9.950000000000000000e+03 3.201256999999999698e-05
9.955000000000000000e+03 2.529543000000000050e-05
9.960000000000000000e+03 3.077354000000000217e-05
9.965000000000000000e+03 2.857690999999999809e-05
9.970000000000000000e+03 3.295895999999999792e-05
9.975000000000000000e+03 3.770978000000000134e-05
9.980000000000000000e+03 3.494992999999999760e-05
9.985000000000000000e+03 2.616898999999999896e-05
9.990000000000000000e+03 3.329844000000000234e-05
9.995000000000000000e+03 3.640048999999999748e-05
1.000000000000000000e+04 3.745893999999999748e-05
1.000500000000000000e+04 3.056027999999999805e-05
1.001000000000000000e+04 3.554513000000000166e-05
1.001500000000000000e+04 3.202269000000000019e-05
1.002000000000000000e+04 2.820705000000000296e-05
1.002500000000000000e+04 3.656270000000000147e-05
1.003000000000000000e+04 2.895045000000000333e-05
1.003500000000000000e+04 2.708061999999999755e-05
1.004000000000000000e+04 3.688997999999999946e-05
1.004500000000000000e+04 3.067314999999999956e-05
1.005000000000000000e+04 2.919293999999999904e-05
1.005500000000000000e+04 2.694566999999999980e-05
1.006000000000000000e+04 2.968634000000000011e-05
1.006500000000000000e+04 3.157580999999999745e-05
1.007000000000000000e+04 4.020021000000000250e-05
1.007500000000000000e+04 3.239012999999999544e-05
1.008000000000000000e+04 3.742184999999999815e-05
1.008500000000000000e+04 2.952883999999999696e-05
1.009000000000000000e+04 2.848822000000000081e-05
1.009500000000000000e+04 3.637595000000000195e-05
1.010000000000000000e+04 3.401241000000000052e-05
1.010500000000000000e+04 3.073268000000000337e-05
1.011000000000000000e+04 3.627730999999999979e-05
1.011500000000000000e+04 2.413323000000000340e-05
1.012000000000000000e+04 2.862233999999999810e-05
1.012500000000000000e+04 3.269371000000000245e-05
1.013000000000000000e+04 2.877103000000000158e-05
1.013500000000000000e+04 2.952071000000000081e-05
1.014000000000000000e+04 2.980913999999999832e-05
1.014500000000000000e+04 2.854557000000000120e-05
1.015000000000000000e+04 3.146220999999999908e-05
1.015500000000000000e+04 4.285692000000000098e-05
1.016000000000000000e+04 3.430671000000000209e-05
1.016500000000000000e+04 2.933060999999999733e-05
1.017000000000000000e+04 3.034316999999999903e-05
1.017500000000000000e+04 3.370249999999999792e-05
1.018000000000000000e+04 4.302941999999999976e-05
1.018500000000000000e+04 3.315887999999999719e-05
1.019000000000000000e+04 3.269393999999999821e-05
1.019500000000000000e+04 3.321015999999999985e-05
1.020000000000000000e+04 2.932156000000000120e-05
1.020500000000000000e+04 3.194152000000000043e-05
1.021000000000000000e+04 3.365798000000000059e-05
1.021500000000000000e+04 3.070217999999999748e-05
1.022000000000000000e+04 2.966761000000000105e-05
1.022500000000000000e+04 3.077167000000000010e-05
1.023000000000000000e+04 2.939914000000000055e-05
1.023500000000000000e+04 3.331321999999999951e-05
1.024000000000000000e+04 2.850891999999999877e-05
1.024500000000000000e+04 2.869810999999999958e-05
1.025000000000000000e+04 3.121985999999999961e-05
1.025500000000000000e+04 3.049117000000000168e-05
1.026000000000000000e+04 2.856081000000000006e-05
1.026500000000000000e+04 2.291510000000000020e-05
1.027000000000000000e+04 3.199731000000000011e-05
1.027500000000000000e+04 2.608932999999999980e-05
1.028000000000000000e+04 2.077402999999999666e-05
1.028500000000000000e+04 3.353260999999999877e-05
1.029000000000000000e+04 2.554101999999999962e-05
1.029500000000000000e+04 2.546778999999999964e-05
1.030000000000000000e+04 3.000805000000000147e-05
1.030500000000000000e+04 2.243623999999999985e-05
1.031000000000000000e+04 2.539520000000000040e-05
1.031500000000000000e+04 2.976377000000000252e-05
1.032000000000000000e+04 3.340894000000000068e-05
1.032500000000000000e+04 2.956527999999999825e-05
1.033000000000000000e+04 2.563684000000000102e-05
1.033500000000000000e+04 2.839949000000000073e-05
1.034000000000000000e+04 2.664329999999999951e-05
1.034500000000000000e+04 2.267363999999999862e-05
1.035000000000000000e+04 2.067761999999999804e-05
1.035500000000000000e+04 2.311581000000000052e-05
1.036000000000000000e+04 2.565070000000000159e-05
1.036500000000000000e+04 2.774959999999999940e-05
1.037000000000000000e+04 2.689939000000000132e-05
1.037500000000000000e+04 2.335240000000000024e-05
1.038000000000000000e+04 1.787970999999999826e-05
1.038500000000000000e+04 1.788237000000000138e-05
1.039000000000000000e+04 2.209117000000000079e-05
1.039500000000000000e+04 1.480331000000000176e-05
1.040000000000000000e+04 2.246217000000000114e-05
1.040500000000000000e+04 1.811982000000000027e-05
1.041000000000000000e+04 2.530960999999999975e-05
1.041500000000000000e+04 1.731871000000000143e-05
1.042000000000000000e+04 1.934420000000000022e-05
1.042500000000000000e+04 1.514598999999999964e-05
1.043000000000000000e+04 1.727157000000000038e-05
1.043500000000000000e+04 2.111853999999999720e-05
1.044000000000000000e+04 1.665014000000000115e-05
1.044500000000000000e+04 2.151052000000000153e-05
1.045000000000000000e+04 2.435097000000000243e-05
1.045500000000000000e+04 2.287974999999999723e-05
1.046000000000000000e+04 2.363229000000000002e-05
1.046500000000000000e+04 1.995544000000000151e-05
1.047000000000000000e+04 2.034170000000000211e-05
1.047500000000000000e+04 1.559577999999999927e-05
1.048000000000000000e+04 1.840994000000000080e-05
1.048500000000000000e+04 3.231957999999999999e-05
1.049000000000000000e+04 2.073798999999999963e-05
1.049500000000000000e+04 2.105089000000000133e-05
1.050000000000000000e+04 1.545142000000000054e-05
1.050500000000000000e+04 1.996760000000000174e-05
1.051000000000000000e+04 1.920828999999999969e-05
1.051500000000000000e+04 1.503643999999999998e-05
1.052000000000000000e+04 2.352818000000000146e-05
1.052500000000000000e+04 2.115987000000000176e-05
1.053000000000000000e+04 2.376248000000000021e-05
1.053500000000000000e+04 1.531243000000000138e-05
1.054000000000000000e+04 1.964293000000000338e-05
1.054500000000000000e+04 1.908902999999999840e-05
1.055000000000000000e+04 1.590904999999999975e-05
1.055500000000000000e+04 1.863045000000000049e-05
1.056000000000000000e+04 2.463888000000000083e-05
1.056500000000000000e+04 1.648794000000000125e-05
1.057000000000000000e+04 1.768524999999999809e-05
1.057500000000000000e+04 2.085734000000000044e-05
1.058000000000000000e+04 2.029564999999999939e-05
1.058500000000000000e+04 1.870345000000000132e-05
1.059000000000000000e+04 1.997201999999999924e-05
1.059500000000000000e+04 1.982490000000000055e-05
1.060000000000000000e+04 1.956929000000000182e-05
1.060500000000000000e+04 2.043109000000000093e-05
1.061000000000000000e+04 2.243908999999999932e-05
1.061500000000000000e+04 1.586015000000000095e-05
1.062000000000000000e+04 1.714886999999999900e-05
1.062500000000000000e+04 2.161713999999999951e-05
1.063000000000000000e+04 2.681610999999999964e-05
1.063500000000000000e+04 2.866343999999999674e-05
1.064000000000000000e+04 1.952448000000000115e-05
1.064500000000000000e+04 2.081954999999999957e-05
1.065000000000000000e+04 2.161024999999999863e-05
1.065500000000000000e+04 1.146829000000000095e-05
1.066000000000000000e+04 1.617584999999999862e-05
1.066500000000000000e+04 2.276017999999999797e-05
1.067000000000000000e+04 2.217100000000000169e-05
1.067500000000000000e+04 2.057705999999999709e-05
1.068000000000000000e+04 1.716642999999999753e-05
1.068500000000000000e+04 2.407083999999999941e-05
1.069000000000000000e+04 2.250531000000000019e-05
1.069500000000000000e+04 2.296962999999999983e-05
1.070000000000000000e+04 2.074697999999999834e-05
1.070500000000000000e+04 2.262030000000000093e-05
1.071000000000000000e+04 1.972564999999999977e-05
1.071500000000000000e+04 2.613860000000000077e-05
1.072000000000000000e+04 1.960475000000000233e-05
1.072500000000000000e+04 1.731092999999999928e-05
1.073000000000000000e+04 2.585876000000000109e-05
1.073500000000000000e+04 2.114172000000000262e-05
1.074000000000000000e+04 2.480267999999999747e-05
1.074500000000000000e+04 1.494701000000000006e-05
1.075000000000000000e+04 2.607967999999999897e-05
1.075500000000000000e+04 2.471383999999999986e-05
1.076000000000000000e+04 2.501212999999999934e-05
1.076500000000000000e+04 2.509913999999999768e-05
1.077000000000000000e+04 1.754543999999999917e-05
1.077500000000000000e+04 1.815064999999999875e-05
1.078000000000000000e+04 1.830189999999999836e-05
1.078500000000000000e+04 2.190250999999999979e-05
1.079000000000000000e+04 2.092016000000000063e-05
1.079500000000000000e+04 2.289469000000000221e-05
1.080000000000000000e+04 2.084451000000000077e-05
1.080500000000000000e+04 2.108434000000000013e-05
1.081000000000000000e+04 1.876543000000000034e-05
1.081500000000000000e+04 2.349032999999999978e-05
1.082000000000000000e+04 1.293282000000000063e-05
1.082500000000000000e+04 1.800839999999999855e-05
1.083000000000000000e+04 2.690159000000000276e-05
1.083500000000000000e+04 2.231096000000000094e-05
1.084000000000000000e+04 2.310730999999999883e-05
1.084500000000000000e+04 2.790721999999999740e-05
1.085000000000000000e+04 2.235195999999999936e-05
1.085500000000000000e+04 8.771570000000000452e-06
1.086000000000000000e+04 2.243251999999999711e-05
1.086500000000000000e+04 2.023554999999999636e-05
1.087000000000000000e+04 2.595727999999999824e-05
1.087500000000000000e+04 1.729739000000000076e-05
1.088000000000000000e+04 1.951742999999999924e-05
1.088500000000000000e+04 2.721168000000000100e-05
1.089000000000000000e+04 2.138555999999999790e-05
1.089500000000000000e+04 1.736427999999999767e-05
1.090000000000000000e+04 3.097813000000000286e-05
1.090500000000000000e+04 2.285425000000000230e-05
1.091000000000000000e+04 1.998319000000000137e-05
1.091500000000000000e+04 2.019656999999999694e-05
1.092000000000000000e+04 2.895918000000000079e-05
1.092500000000000000e+04 2.078983000000000081e-05
1.093000000000000000e+04 1.980770000000000349e-05
1.093500000000000000e+04 1.654564000000000241e-05
1.094000000000000000e+04 1.871562999999999957e-05
1.094500000000000000e+04 2.015351000000000010e-05
1.095000000000000000e+04 2.456194999999999952e-05
1.095500000000000000e+04 3.317357000000000162e-05
1.096000000000000000e+04 1.929486999999999844e-05
1.096500000000000000e+04 2.397383999999999678e-05
1.097000000000000000e+04 2.154702000000000025e-05
1.097500000000000000e+04 2.708543999999999931e-05
1.098000000000000000e+04 2.890270999999999758e-05
1.098500000000000000e+04 1.962291000000000217e-05
1.099000000000000000e+04 1.956867999999999981e-05
1.099500000000000000e+04 2.208484999999999913e-05
1.100000000000000000e+04 1.970076000000000008e-05
