3.000000000000000000e+03 7.471401000000000398e-05
3.005000000000000000e+03 7.367348999999999112e-05
3.010000000000000000e+03 7.293886999999999170e-05
3.015000000000000000e+03 7.375736000000000358e-05
3.020000000000000000e+03 7.396449999999999293e-05
3.025000000000000000e+03 7.368220000000000412e-05
3.030000000000000000e+03 7.439434000000000303e-05
3.035000000000000000e+03 7.476910999999999605e-05
3.040000000000000000e+03 7.508162999999999827e-05
3.045000000000000000e+03 7.633675999999999450e-05
3.050000000000000000e+03 7.540496999999999846e-05
3.055000000000000000e+03 7.538109999999999559e-05
3.060000000000000000e+03 7.486779000000000101e-05
3.065000000000000000e+03 7.826161000000000369e-05
3.070000000000000000e+03 7.657012000000000204e-05
3.075000000000000000e+03 7.783352999999999474e-05
3.080000000000000000e+03 7.662886000000000480e-05
3.085000000000000000e+03 7.734783999999999432e-05
3.090000000000000000e+03 7.639171999999999033e-05
3.095000000000000000e+03 7.951990000000000414e-05
3.100000000000000000e+03 7.712027999999999950e-05
3.105000000000000000e+03 7.722114000000000788e-05
3.110000000000000000e+03 7.831532999999999409e-05
3.115000000000000000e+03 7.827528999999999845e-05
3.120000000000000000e+03 7.842103000000000225e-05
3.125000000000000000e+03 7.866559999999999438e-05
3.130000000000000000e+03 8.001737999999998909e-05
3.135000000000000000e+03 7.906862999999999923e-05
3.140000000000000000e+03 7.865884999999999652e-05
3.145000000000000000e+03 8.000221999999999921e-05
3.150000000000000000e+03 8.036197999999999931e-05
3.155000000000000000e+03 7.996437000000000770e-05
3.160000000000000000e+03 7.989215999999999776e-05
3.165000000000000000e+03 8.264521000000000692e-05
3.170000000000000000e+03 8.005836000000000983e-05
3.175000000000000000e+03 8.248356000000000145e-05
3.180000000000000000e+03 8.084058000000000519e-05
3.185000000000000000e+03 8.201807000000000466e-05
3.190000000000000000e+03 8.237243999999999361e-05
3.195000000000000000e+03 8.127135999999999974e-05
3.200000000000000000e+03 8.107131999999999208e-05
3.205000000000000000e+03 8.313877000000000224e-05
3.210000000000000000e+03 8.169878000000000318e-05
3.215000000000000000e+03 8.458263000000000099e-05
3.220000000000000000e+03 8.315749000000001077e-05
3.225000000000000000e+03 8.287340000000000516e-05
3.230000000000000000e+03 8.503211999999998980e-05
3.235000000000000000e+03 8.323306999999999895e-05
3.240000000000000000e+03 8.371669000000000365e-05
3.245000000000000000e+03 8.310127000000000811e-05
3.250000000000000000e+03 8.412648999999999420e-05
3.255000000000000000e+03 8.491523999999999915e-05
3.260000000000000000e+03 8.383707000000000875e-05
3.265000000000000000e+03 8.374159000000001081e-05
3.270000000000000000e+03 8.373156000000000034e-05
3.275000000000000000e+03 8.437475999999998768e-05
3.280000000000000000e+03 8.559010000000000576e-05
3.285000000000000000e+03 8.531501999999999348e-05
3.290000000000000000e+03 8.441660000000000082e-05
3.295000000000000000e+03 8.627927000000001055e-05
3.300000000000000000e+03 8.538731999999999616e-05
3.305000000000000000e+03 8.536827000000000521e-05
3.310000000000000000e+03 8.612646999999998721e-05
3.315000000000000000e+03 8.521601000000000609e-05
3.320000000000000000e+03 8.606977999999999233e-05
3.325000000000000000e+03 8.606943000000000850e-05
3.330000000000000000e+03 8.632202999999999318e-05
3.335000000000000000e+03 8.488730999999999686e-05
3.340000000000000000e+03 8.636850999999999209e-05
3.345000000000000000e+03 8.684344999999999944e-05
3.350000000000000000e+03 8.612912000000000996e-05
3.355000000000000000e+03 8.676681999999999201e-05
3.360000000000000000e+03 8.622167999999999337e-05
3.365000000000000000e+03 8.520191999999999620e-05
3.370000000000000000e+03 8.784370000000000058e-05
3.375000000000000000e+03 8.687268999999999851e-05
3.380000000000000000e+03 8.602438000000000120e-05
3.385000000000000000e+03 8.700744999999999313e-05
3.390000000000000000e+03 8.757439999999999962e-05
3.395000000000000000e+03 8.693978999999998978e-05
3.400000000000000000e+03 8.827385999999999241e-05
3.405000000000000000e+03 8.505237999999999763e-05
3.410000000000000000e+03 8.733772000000000377e-05
3.415000000000000000e+03 8.841599000000000116e-05
3.420000000000000000e+03 8.750816000000000074e-05
3.425000000000000000e+03 8.836194000000000123e-05
3.430000000000000000e+03 8.846170000000000042e-05
3.435000000000000000e+03 8.838511999999999649e-05
3.440000000000000000e+03 8.833387999999998985e-05
3.445000000000000000e+03 8.730527999999999770e-05
3.450000000000000000e+03 8.826891999999999920e-05
3.455000000000000000e+03 8.631965999999999001e-05
3.460000000000000000e+03 8.725504000000000680e-05
3.465000000000000000e+03 8.738828000000000351e-05
3.470000000000000000e+03 8.770632999999999956e-05
3.475000000000000000e+03 8.605168999999998722e-05
3.480000000000000000e+03 8.743222000000000092e-05
3.485000000000000000e+03 8.408844000000000225e-05
3.490000000000000000e+03 8.987436999999998566e-05
3.495000000000000000e+03 8.723200999999999492e-05
3.500000000000000000e+03 8.665387000000000523e-05
3.505000000000000000e+03 8.547313000000000881e-05
3.510000000000000000e+03 8.609495000000000483e-05
3.515000000000000000e+03 8.438407000000000199e-05
3.520000000000000000e+03 8.461868000000000211e-05
3.525000000000000000e+03 8.476587999999999961e-05
3.530000000000000000e+03 8.589889999999999169e-05
3.535000000000000000e+03 8.517356000000000449e-05
3.540000000000000000e+03 8.455999000000000284e-05
3.545000000000000000e+03 8.561100000000000415e-05
3.550000000000000000e+03 8.508090000000000054e-05
3.555000000000000000e+03 8.371807000000000532e-05
3.560000000000000000e+03 8.369965000000000423e-05
3.565000000000000000e+03 8.453520000000000337e-05
3.570000000000000000e+03 8.565204000000000198e-05
3.575000000000000000e+03 8.574483000000000148e-05
3.580000000000000000e+03 8.451386000000000130e-05
3.585000000000000000e+03 8.420630999999999440e-05
3.590000000000000000e+03 8.357896000000000455e-05
3.595000000000000000e+03 8.510758999999999740e-05
3.600000000000000000e+03 8.489322000000000372e-05
3.605000000000000000e+03 8.401508999999999388e-05
3.610000000000000000e+03 8.542170000000000242e-05
3.615000000000000000e+03 8.328696999999998839e-05
3.620000000000000000e+03 8.485301000000000974e-05
3.625000000000000000e+03 8.530808000000000943e-05
3.630000000000000000e+03 8.446466000000000184e-05
3.635000000000000000e+03 8.457324999999999533e-05
3.640000000000000000e+03 8.530810999999999798e-05
3.645000000000000000e+03 8.346793000000000300e-05
3.650000000000000000e+03 8.331885999999999665e-05
3.655000000000000000e+03 8.454144999999999336e-05
3.660000000000000000e+03 8.505184000000000051e-05
3.665000000000000000e+03 8.382096000000000663e-05
3.670000000000000000e+03 8.451085999999999473e-05
3.675000000000000000e+03 8.360295000000000226e-05
3.680000000000000000e+03 8.271161000000000344e-05
3.685000000000000000e+03 8.356807000000000167e-05
3.690000000000000000e+03 8.468055000000000699e-05
3.695000000000000000e+03 8.524369000000000445e-05
3.700000000000000000e+03 8.307457999999999770e-05
3.705000000000000000e+03 8.326102000000000264e-05
3.710000000000000000e+03 8.499302999999999286e-05
3.715000000000000000e+03 8.259982000000000294e-05
3.720000000000000000e+03 8.434198999999999917e-05
3.725000000000000000e+03 8.324745000000000202e-05
3.730000000000000000e+03 8.381018000000001146e-05
3.735000000000000000e+03 8.441024000000000313e-05
3.740000000000000000e+03 8.468585000000001183e-05
3.745000000000000000e+03 8.482002000000000584e-05
3.750000000000000000e+03 8.445430999999999609e-05
3.755000000000000000e+03 8.571541999999999053e-05
3.760000000000000000e+03 8.413326999999999416e-05
3.765000000000000000e+03 8.415683000000000245e-05
3.770000000000000000e+03 8.476091000000000430e-05
3.775000000000000000e+03 8.373030000000000707e-05
3.780000000000000000e+03 8.548632000000000995e-05
3.785000000000000000e+03 8.380960999999999869e-05
3.790000000000000000e+03 8.383272000000000260e-05
3.795000000000000000e+03 8.355130000000000759e-05
3.800000000000000000e+03 8.432363000000000228e-05
3.805000000000000000e+03 8.630580000000000977e-05
3.810000000000000000e+03 8.586066000000000000e-05
3.815000000000000000e+03 8.479416999999999998e-05
3.820000000000000000e+03 8.481666000000000118e-05
3.825000000000000000e+03 8.559295000000000184e-05
3.830000000000000000e+03 8.745175999999999904e-05
3.835000000000000000e+03 8.764887000000000502e-05
3.840000000000000000e+03 8.998493999999999569e-05
3.845000000000000000e+03 9.613846000000001195e-05
3.850000000000000000e+03 1.014719600000000042e-04
3.855000000000000000e+03 1.170193700000000112e-04
3.860000000000000000e+03 1.417826699999999982e-04
3.865000000000000000e+03 1.890464099999999937e-04
3.870000000000000000e+03 2.716157799999999807e-04
3.875000000000000000e+03 4.180631800000000247e-04
3.880000000000000000e+03 6.680838799999999330e-04
3.885000000000000000e+03 1.087433320000000085e-03
3.890000000000000000e+03 1.793402879999999883e-03
3.895000000000000000e+03 2.901168470000000266e-03
3.900000000000000000e+03 4.634299280000000326e-03
3.905000000000000000e+03 7.278871540000000570e-03
3.910000000000000000e+03 1.111267328000000061e-02
3.915000000000000000e+03 1.653520346000000169e-02
3.920000000000000000e+03 2.416541576000000302e-02
3.925000000000000000e+03 3.425698995999999774e-02
3.930000000000000000e+03 4.726894378999999674e-02
3.935000000000000000e+03 6.343876361999999103e-02
3.940000000000000000e+03 8.319787979000001221e-02
3.945000000000000000e+03 1.063459682000000017e-01
3.950000000000000000e+03 1.331665706999999865e-01
3.955000000000000000e+03 1.633286857999999842e-01
3.960000000000000000e+03 1.958895302000000227e-01
3.965000000000000000e+03 2.301569747999999971e-01
3.970000000000000000e+03 2.667626761999999929e-01
3.975000000000000000e+03 3.034663582000000082e-01
3.980000000000000000e+03 3.408855057000000355e-01
3.985000000000000000e+03 3.788042067999999873e-01
3.990000000000000000e+03 4.151578140000000139e-01
3.995000000000000000e+03 4.502625274999999538e-01
4.000000000000000000e+03 4.843284225000000220e-01
4.005000000000000000e+03 5.163587952000000536e-01
4.010000000000000000e+03 5.466661453000000170e-01
4.015000000000000000e+03 5.748833465999999559e-01
4.020000000000000000e+03 6.012542724999999644e-01
4.025000000000000000e+03 6.254386138999999956e-01
4.030000000000000000e+03 6.471895598999999333e-01
4.035000000000000000e+03 6.671495056000000812e-01
4.040000000000000000e+03 6.848451233000000249e-01
4.045000000000000000e+03 7.007254790999999372e-01
4.050000000000000000e+03 7.146498870999999919e-01
4.055000000000000000e+03 7.267182922000000600e-01
4.060000000000000000e+03 7.369028472999999968e-01
4.065000000000000000e+03 7.456983185000000125e-01
4.070000000000000000e+03 7.530692290999999594e-01
4.075000000000000000e+03 7.591175078999999881e-01
4.080000000000000000e+03 7.644379424999999673e-01
4.085000000000000000e+03 7.689698029000000545e-01
4.090000000000000000e+03 7.728671265000000012e-01
4.095000000000000000e+03 7.763441466999999596e-01
4.100000000000000000e+03 7.795846557999999149e-01
4.105000000000000000e+03 7.826226044000000881e-01
4.110000000000000000e+03 7.857054137999999188e-01
4.115000000000000000e+03 7.889906311000000061e-01
4.120000000000000000e+03 7.923442841000000181e-01
4.125000000000000000e+03 7.957650756999999908e-01
4.130000000000000000e+03 7.995319365999999928e-01
4.135000000000000000e+03 8.032108306999999892e-01
4.140000000000000000e+03 8.070616913000000503e-01
4.145000000000000000e+03 8.110176085999999396e-01
4.150000000000000000e+03 8.147500610000000254e-01
4.155000000000000000e+03 8.184242248999999969e-01
4.160000000000000000e+03 8.217203521999999483e-01
4.165000000000000000e+03 8.247441100999999275e-01
4.170000000000000000e+03 8.275338745000000440e-01
4.175000000000000000e+03 8.297164153999999625e-01
4.180000000000000000e+03 8.315319060999999401e-01
4.185000000000000000e+03 8.330592345999999759e-01
4.190000000000000000e+03 8.335572815000000801e-01
4.195000000000000000e+03 8.339292145000000156e-01
4.200000000000000000e+03 8.338103485000000203e-01
4.205000000000000000e+03 8.334913634999999710e-01
4.210000000000000000e+03 8.329617310000000385e-01
4.215000000000000000e+03 8.323484801999999627e-01
4.220000000000000000e+03 8.315783691000000477e-01
4.225000000000000000e+03 8.309106445000000729e-01
4.230000000000000000e+03 8.305508423000000917e-01
4.235000000000000000e+03 8.303589630000000055e-01
4.240000000000000000e+03 8.304597472999999397e-01
4.245000000000000000e+03 8.311019897000000434e-01
4.250000000000000000e+03 8.319448852999999922e-01
4.255000000000000000e+03 8.332293701000000885e-01
4.260000000000000000e+03 8.350091552999999722e-01
4.265000000000000000e+03 8.371689606000000117e-01
4.270000000000000000e+03 8.396345520000000340e-01
4.275000000000000000e+03 8.428131104000000651e-01
4.280000000000000000e+03 8.456214905000000170e-01
4.285000000000000000e+03 8.488585663000001169e-01
4.290000000000000000e+03 8.521454619999999647e-01
4.295000000000000000e+03 8.555353546000000753e-01
4.300000000000000000e+03 8.587480926999999653e-01
4.305000000000000000e+03 8.618707274999999335e-01
4.310000000000000000e+03 8.646054839999999242e-01
4.315000000000000000e+03 8.670144653000000368e-01
4.320000000000000000e+03 8.689202118000000086e-01
4.325000000000000000e+03 8.704689788999999678e-01
4.330000000000000000e+03 8.716347503999999358e-01
4.335000000000000000e+03 8.722320557000000640e-01
4.340000000000000000e+03 8.722861480999999362e-01
4.345000000000000000e+03 8.719709014999998953e-01
4.350000000000000000e+03 8.713143157999999611e-01
4.355000000000000000e+03 8.703080749999999588e-01
4.360000000000000000e+03 8.690679169000000703e-01
4.365000000000000000e+03 8.676168060000000182e-01
4.370000000000000000e+03 8.661186980999999729e-01
4.375000000000000000e+03 8.646710204999998872e-01
4.380000000000000000e+03 8.633464813000000238e-01
4.385000000000000000e+03 8.623879241999999890e-01
4.390000000000000000e+03 8.611040497000000959e-01
4.395000000000000000e+03 8.603995514000000178e-01
4.400000000000000000e+03 8.601459502999999618e-01
4.405000000000000000e+03 8.601628875999999257e-01
4.410000000000000000e+03 8.605196380999999839e-01
4.415000000000000000e+03 8.614453887999999893e-01
4.420000000000000000e+03 8.625824737999999714e-01
4.425000000000000000e+03 8.641956329000000103e-01
4.430000000000000000e+03 8.661846160999999711e-01
4.435000000000000000e+03 8.685006713999999794e-01
4.440000000000000000e+03 8.711129760999999361e-01
4.445000000000000000e+03 8.738638305999999467e-01
4.450000000000000000e+03 8.766777038999999938e-01
4.455000000000000000e+03 8.796227263999999435e-01
4.460000000000000000e+03 8.825572205000000725e-01
4.465000000000000000e+03 8.855337523999999849e-01
4.470000000000000000e+03 8.882624816999999950e-01
4.475000000000000000e+03 8.909468079000000262e-01
4.480000000000000000e+03 8.933159636999999931e-01
4.485000000000000000e+03 8.953438567999999487e-01
4.490000000000000000e+03 8.971652985000000413e-01
4.495000000000000000e+03 8.987281035999999945e-01
4.500000000000000000e+03 8.998406982000000109e-01
4.505000000000000000e+03 9.007022095000000173e-01
4.510000000000000000e+03 9.012120056000000323e-01
4.515000000000000000e+03 9.014236449999999401e-01
4.520000000000000000e+03 9.014475249999999162e-01
4.525000000000000000e+03 9.011888123000000306e-01
4.530000000000000000e+03 9.007970428000000584e-01
4.535000000000000000e+03 9.002316283999999280e-01
4.540000000000000000e+03 8.996566009999998892e-01
4.545000000000000000e+03 8.990784454000000370e-01
4.550000000000000000e+03 8.984038544000000348e-01
4.555000000000000000e+03 8.978814697000000455e-01
4.560000000000000000e+03 8.974008179000000363e-01
4.565000000000000000e+03 8.972715759000000624e-01
4.570000000000000000e+03 8.971045684999999770e-01
4.575000000000000000e+03 8.973290253000000272e-01
4.580000000000000000e+03 8.976206207000000381e-01
4.585000000000000000e+03 8.981394957999999651e-01
4.590000000000000000e+03 8.988927459999999092e-01
4.595000000000000000e+03 8.999437713999999255e-01
4.600000000000000000e+03 9.010823059000000468e-01
4.605000000000000000e+03 9.025730133000000599e-01
4.610000000000000000e+03 9.039654541000000654e-01
4.615000000000000000e+03 9.056899260999999868e-01
4.620000000000000000e+03 9.072834014999999752e-01
4.625000000000000000e+03 9.090676879999999294e-01
4.630000000000000000e+03 9.109067534999999438e-01
4.635000000000000000e+03 9.127059936999999401e-01
4.640000000000000000e+03 9.145416259999999964e-01
4.645000000000000000e+03 9.157803345000000705e-01
4.650000000000000000e+03 9.172106933999999434e-01
4.655000000000000000e+03 9.184127807999999948e-01
4.660000000000000000e+03 9.194078063999999717e-01
4.665000000000000000e+03 9.202685547000000188e-01
4.670000000000000000e+03 9.208787537000000523e-01
4.675000000000000000e+03 9.212802886999998941e-01
4.680000000000000000e+03 9.214329528999999352e-01
4.685000000000000000e+03 9.214015197999999573e-01
4.690000000000000000e+03 9.211524199999999718e-01
4.695000000000000000e+03 9.206457519999999839e-01
4.700000000000000000e+03 9.200590515000000025e-01
4.705000000000000000e+03 9.194149016999999535e-01
4.710000000000000000e+03 9.184796143000000246e-01
4.715000000000000000e+03 9.176432800000000611e-01
4.720000000000000000e+03 9.166863250999999213e-01
4.725000000000000000e+03 9.157723235999999378e-01
4.730000000000000000e+03 9.149597167999999892e-01
4.735000000000000000e+03 9.141040039000000172e-01
4.740000000000000000e+03 9.133792877000000976e-01
4.745000000000000000e+03 9.128202819999999829e-01
4.750000000000000000e+03 9.124560547000000188e-01
4.755000000000000000e+03 9.121630858999999480e-01
4.760000000000000000e+03 9.120471191000000255e-01
4.765000000000000000e+03 9.122006226000000106e-01
4.770000000000000000e+03 9.124768065999999678e-01
4.775000000000000000e+03 9.129933167000000571e-01
4.780000000000000000e+03 9.137049103000000061e-01
4.785000000000000000e+03 9.145800780999999713e-01
4.790000000000000000e+03 9.157143401999999766e-01
4.795000000000000000e+03 9.169299316000000255e-01
4.800000000000000000e+03 9.182388306000000000e-01
4.805000000000000000e+03 9.196543884000000224e-01
4.810000000000000000e+03 9.212468718999999862e-01
4.815000000000000000e+03 9.228466797000000055e-01
4.820000000000000000e+03 9.244140625000000222e-01
4.825000000000000000e+03 9.260311890000000323e-01
4.830000000000000000e+03 9.275375366000000454e-01
4.835000000000000000e+03 9.291313170999999649e-01
4.840000000000000000e+03 9.307089996000000864e-01
4.845000000000000000e+03 9.314858245999999564e-01
4.850000000000000000e+03 9.326232146999999806e-01
4.855000000000000000e+03 9.334762573000000563e-01
4.860000000000000000e+03 9.342355346999999810e-01
4.865000000000000000e+03 9.346622466999999768e-01
4.870000000000000000e+03 9.348255156999999427e-01
4.875000000000000000e+03 9.349214935000000892e-01
4.880000000000000000e+03 9.347812652999999417e-01
4.885000000000000000e+03 9.343642425999999501e-01
4.890000000000000000e+03 9.337271880999999940e-01
4.895000000000000000e+03 9.329831695999999397e-01
4.900000000000000000e+03 9.320023346000000375e-01
4.905000000000000000e+03 9.309489440999999532e-01
4.910000000000000000e+03 9.297777557000000970e-01
4.915000000000000000e+03 9.285095977999999750e-01
4.920000000000000000e+03 9.271489716000000936e-01
4.925000000000000000e+03 9.258505248999999715e-01
4.930000000000000000e+03 9.245397948999999338e-01
4.935000000000000000e+03 9.232986450000000289e-01
4.940000000000000000e+03 9.221527099999999866e-01
4.945000000000000000e+03 9.209748840000000492e-01
4.950000000000000000e+03 9.201204681000000329e-01
4.955000000000000000e+03 9.193655396000000035e-01
4.960000000000000000e+03 9.187485504000000303e-01
4.965000000000000000e+03 9.183825683999999878e-01
4.970000000000000000e+03 9.182259369000000948e-01
4.975000000000000000e+03 9.181432342999999996e-01
4.980000000000000000e+03 9.184481812000000467e-01
4.985000000000000000e+03 9.188361358999999062e-01
4.990000000000000000e+03 9.196157836999999668e-01
4.995000000000000000e+03 9.204013062000000467e-01
5.000000000000000000e+03 9.214013671999999877e-01
5.005000000000000000e+03 9.226301574999999922e-01
5.010000000000000000e+03 9.239516449000000353e-01
5.015000000000000000e+03 9.253980255000000543e-01
5.020000000000000000e+03 9.269941711000000417e-01
5.025000000000000000e+03 9.285279846000000781e-01
5.030000000000000000e+03 9.301490784000000511e-01
5.035000000000000000e+03 9.317346190999999944e-01
5.040000000000000000e+03 9.333415985000000914e-01
5.045000000000000000e+03 9.348040009000000428e-01
5.050000000000000000e+03 9.361682892000000589e-01
5.055000000000000000e+03 9.373509215999998867e-01
5.060000000000000000e+03 9.383676146999999634e-01
5.065000000000000000e+03 9.391783141999999751e-01
5.070000000000000000e+03 9.397374725000000595e-01
5.075000000000000000e+03 9.400057219999999880e-01
5.080000000000000000e+03 9.400399016999999580e-01
5.085000000000000000e+03 9.397637939000000884e-01
5.090000000000000000e+03 9.392317963000000880e-01
5.095000000000000000e+03 9.384705353000000194e-01
5.100000000000000000e+03 9.372810364000000449e-01
5.105000000000000000e+03 9.359111022999999641e-01
5.110000000000000000e+03 9.342540741000000537e-01
5.115000000000000000e+03 9.322825622999999506e-01
5.120000000000000000e+03 9.300819396999999711e-01
5.125000000000000000e+03 9.279361724999999339e-01
5.130000000000000000e+03 9.254001617000000568e-01
5.135000000000000000e+03 9.227864074999999611e-01
5.140000000000000000e+03 9.200662993999999539e-01
5.145000000000000000e+03 9.172503662000000002e-01
5.150000000000000000e+03 9.143315124999999988e-01
5.155000000000000000e+03 9.115525818000000946e-01
5.160000000000000000e+03 9.087231445000000241e-01
5.165000000000000000e+03 9.059220886000000084e-01
5.170000000000000000e+03 9.032337952000000225e-01
5.175000000000000000e+03 9.005808258000000954e-01
5.180000000000000000e+03 8.981445313000000485e-01
5.185000000000000000e+03 8.958202362000000640e-01
5.190000000000000000e+03 8.936816405999999935e-01
5.195000000000000000e+03 8.917177581999999880e-01
5.200000000000000000e+03 8.899434661999999774e-01
5.205000000000000000e+03 8.884341431000000178e-01
5.210000000000000000e+03 8.871101378999999287e-01
5.215000000000000000e+03 8.859583281999999782e-01
5.220000000000000000e+03 8.851577758999999990e-01
5.225000000000000000e+03 8.844422912999999609e-01
5.230000000000000000e+03 8.840361022999999596e-01
5.235000000000000000e+03 8.839145659999999571e-01
5.240000000000000000e+03 8.840614318999999721e-01
5.245000000000000000e+03 8.843898009999999754e-01
5.250000000000000000e+03 8.850244140999999898e-01
5.255000000000000000e+03 8.858626555999999930e-01
5.260000000000000000e+03 8.869797515999999771e-01
5.265000000000000000e+03 8.881676482999999456e-01
5.270000000000000000e+03 8.896911620999999881e-01
5.275000000000000000e+03 8.912753295999999992e-01
5.280000000000000000e+03 8.930633545000000728e-01
5.285000000000000000e+03 8.949871825999999864e-01
5.290000000000000000e+03 8.971640777999999594e-01
5.295000000000000000e+03 8.993103026999998972e-01
5.300000000000000000e+03 9.014812468999999773e-01
5.305000000000000000e+03 9.036662291999999486e-01
5.310000000000000000e+03 9.057970428000000629e-01
5.315000000000000000e+03 9.078475951999999127e-01
5.320000000000000000e+03 9.097793579000000852e-01
5.325000000000000000e+03 9.114383698000000367e-01
5.330000000000000000e+03 9.129531096999999873e-01
5.335000000000000000e+03 9.141830443999999778e-01
5.340000000000000000e+03 9.150102997000000293e-01
5.345000000000000000e+03 9.154309845000000445e-01
5.350000000000000000e+03 9.154003143000000176e-01
5.355000000000000000e+03 9.149182129000000829e-01
5.360000000000000000e+03 9.138244629000000785e-01
5.365000000000000000e+03 9.123136901999999715e-01
5.370000000000000000e+03 9.102422332999999810e-01
5.375000000000000000e+03 9.076615906000000678e-01
5.380000000000000000e+03 9.047258759000000872e-01
5.385000000000000000e+03 9.014044189000000040e-01
5.390000000000000000e+03 8.977182007000000796e-01
5.395000000000000000e+03 8.937197113000000526e-01
5.400000000000000000e+03 8.896226500999999676e-01
5.405000000000000000e+03 8.853010559000000779e-01
5.410000000000000000e+03 8.810878753999999979e-01
5.415000000000000000e+03 8.769130706999999081e-01
5.420000000000000000e+03 8.726280212000000480e-01
5.425000000000000000e+03 8.685189818999999867e-01
5.430000000000000000e+03 8.642551421999999928e-01
5.435000000000000000e+03 8.596103668000000253e-01
5.440000000000000000e+03 8.543502044999999878e-01
5.445000000000000000e+03 8.480241393999999877e-01
5.450000000000000000e+03 8.400839233000000350e-01
5.455000000000000000e+03 8.295989227000000188e-01
5.460000000000000000e+03 8.157288361000000210e-01
5.465000000000000000e+03 7.973679352000000442e-01
5.470000000000000000e+03 7.732179259999999443e-01
5.475000000000000000e+03 7.430488586000000284e-01
5.480000000000000000e+03 7.069020844000000192e-01
5.485000000000000000e+03 6.632789612000000723e-01
5.490000000000000000e+03 6.144441985999999911e-01
5.495000000000000000e+03 5.606701279000000371e-01
5.500000000000000000e+03 5.026109695000000599e-01
5.505000000000000000e+03 4.451863861000000533e-01
5.510000000000000000e+03 3.890700911999999678e-01
5.515000000000000000e+03 3.350829315000000141e-01
5.520000000000000000e+03 2.856600952000000193e-01
5.525000000000000000e+03 2.412813759000000113e-01
5.530000000000000000e+03 2.024718856999999927e-01
5.535000000000000000e+03 1.688196564000000177e-01
5.540000000000000000e+03 1.402890205000000001e-01
5.545000000000000000e+03 1.168107033000000128e-01
5.550000000000000000e+03 9.678874969000000883e-02
5.555000000000000000e+03 8.043651581000001161e-02
5.560000000000000000e+03 6.693875789999999271e-02
5.565000000000000000e+03 5.559083462000000142e-02
5.570000000000000000e+03 4.645309925000000451e-02
5.575000000000000000e+03 3.893729209999999968e-02
5.580000000000000000e+03 3.268859148000000103e-02
5.585000000000000000e+03 2.754335880000000070e-02
5.590000000000000000e+03 2.330266953000000030e-02
5.595000000000000000e+03 1.975641608000000202e-02
5.600000000000000000e+03 1.679614781999999931e-02
5.605000000000000000e+03 1.433858514000000035e-02
5.610000000000000000e+03 1.228421329999999922e-02
5.615000000000000000e+03 1.054185390000000021e-02
5.620000000000000000e+03 9.084666369999999311e-03
5.625000000000000000e+03 7.849383349999999177e-03
5.630000000000000000e+03 6.784625649999999862e-03
5.635000000000000000e+03 5.894883279999999816e-03
5.640000000000000000e+03 5.138856770000000199e-03
5.645000000000000000e+03 4.485621450000000336e-03
5.650000000000000000e+03 3.932621780000000213e-03
5.655000000000000000e+03 3.455705940000000035e-03
5.660000000000000000e+03 3.038176300000000173e-03
5.665000000000000000e+03 2.673434020000000060e-03
5.670000000000000000e+03 2.363871339999999970e-03
5.675000000000000000e+03 2.096985730000000114e-03
5.680000000000000000e+03 1.858309810000000062e-03
5.685000000000000000e+03 1.652743070000000074e-03
5.690000000000000000e+03 1.475061630000000035e-03
5.695000000000000000e+03 1.312752960000000213e-03
5.700000000000000000e+03 1.179752200000000126e-03
5.705000000000000000e+03 1.057625709999999953e-03
5.710000000000000000e+03 9.492589499999999148e-04
5.715000000000000000e+03 8.532624699999998875e-04
5.720000000000000000e+03 7.700870199999999485e-04
5.725000000000000000e+03 6.950739800000000322e-04
5.730000000000000000e+03 6.293219299999999305e-04
5.735000000000000000e+03 5.675188799999999903e-04
5.740000000000000000e+03 5.169055199999999942e-04
5.745000000000000000e+03 4.706409200000000442e-04
5.750000000000000000e+03 4.284013400000000172e-04
5.755000000000000000e+03 3.902130899999999513e-04
5.760000000000000000e+03 3.557817600000000541e-04
5.765000000000000000e+03 3.257927299999999974e-04
5.770000000000000000e+03 2.979847799999999717e-04
5.775000000000000000e+03 2.745229400000000100e-04
5.780000000000000000e+03 2.503458199999999923e-04
5.785000000000000000e+03 2.324221700000000035e-04
5.790000000000000000e+03 2.135309800000000113e-04
5.795000000000000000e+03 1.967969899999999787e-04
5.800000000000000000e+03 1.811917699999999933e-04
5.805000000000000000e+03 1.680269300000000179e-04
5.810000000000000000e+03 1.539817500000000136e-04
5.815000000000000000e+03 1.412751400000000150e-04
5.820000000000000000e+03 1.318694999999999882e-04
5.825000000000000000e+03 1.237597899999999930e-04
5.830000000000000000e+03 1.130857100000000012e-04
5.835000000000000000e+03 1.054772200000000086e-04
5.840000000000000000e+03 9.975291000000001255e-05
5.845000000000000000e+03 9.113542000000000301e-05
5.850000000000000000e+03 8.587077000000000251e-05
5.855000000000000000e+03 8.093855000000000114e-05
5.860000000000000000e+03 7.419542999999999310e-05
5.865000000000000000e+03 6.932897999999999838e-05
5.870000000000000000e+03 6.498737000000000524e-05
5.875000000000000000e+03 6.228521000000000534e-05
5.880000000000000000e+03 5.677958000000000636e-05
5.885000000000000000e+03 5.382103000000000061e-05
5.890000000000000000e+03 5.148716999999999514e-05
5.895000000000000000e+03 4.770210999999999923e-05
5.900000000000000000e+03 4.560502000000000268e-05
5.905000000000000000e+03 4.275583000000000362e-05
5.910000000000000000e+03 4.095745999999999935e-05
5.915000000000000000e+03 3.778964000000000433e-05
5.920000000000000000e+03 3.742832000000000353e-05
5.925000000000000000e+03 3.444012999999999784e-05
5.930000000000000000e+03 3.191490000000000169e-05
5.935000000000000000e+03 3.020526000000000089e-05
5.940000000000000000e+03 2.768939000000000223e-05
5.945000000000000000e+03 2.735261000000000035e-05
5.950000000000000000e+03 2.579155000000000212e-05
5.955000000000000000e+03 2.538714000000000237e-05
5.960000000000000000e+03 2.336748999999999876e-05
5.965000000000000000e+03 2.210945000000000225e-05
5.970000000000000000e+03 2.159488000000000084e-05
5.975000000000000000e+03 1.918173999999999907e-05
5.980000000000000000e+03 2.108258999999999969e-05
5.985000000000000000e+03 1.840302000000000122e-05
5.990000000000000000e+03 1.709310000000000072e-05
5.995000000000000000e+03 1.531118999999999934e-05
6.000000000000000000e+03 1.695382999999999892e-05
6.005000000000000000e+03 1.490004999999999975e-05
6.010000000000000000e+03 1.314810000000000037e-05
6.015000000000000000e+03 1.362480999999999941e-05
6.020000000000000000e+03 1.408617000000000036e-05
6.025000000000000000e+03 1.268942999999999956e-05
6.030000000000000000e+03 1.410828999999999939e-05
6.035000000000000000e+03 1.163397999999999936e-05
6.040000000000000000e+03 1.021640000000000098e-05
6.045000000000000000e+03 1.092795999999999998e-05
6.050000000000000000e+03 1.184516999999999928e-05
6.055000000000000000e+03 1.010091999999999985e-05
6.060000000000000000e+03 9.917400000000000965e-06
6.065000000000000000e+03 9.071730000000000302e-06
6.070000000000000000e+03 9.587330000000000922e-06
6.075000000000000000e+03 8.276719999999999591e-06
6.080000000000000000e+03 8.918860000000000866e-06
6.085000000000000000e+03 7.668689999999999247e-06
6.090000000000000000e+03 8.237609999999999553e-06
6.095000000000000000e+03 7.076749999999999626e-06
6.100000000000000000e+03 6.793519999999999968e-06
6.105000000000000000e+03 8.077569999999999981e-06
6.110000000000000000e+03 7.699889999999999897e-06
6.115000000000000000e+03 6.460280000000000089e-06
6.120000000000000000e+03 7.043830000000000626e-06
6.125000000000000000e+03 6.682870000000000443e-06
6.130000000000000000e+03 5.786530000000000822e-06
6.135000000000000000e+03 6.477919999999999974e-06
6.140000000000000000e+03 5.689360000000000700e-06
6.145000000000000000e+03 5.647820000000000078e-06
6.150000000000000000e+03 5.372769999999999213e-06
6.155000000000000000e+03 4.131599999999999542e-06
6.160000000000000000e+03 5.255130000000000285e-06
6.165000000000000000e+03 6.255279999999999510e-06
6.170000000000000000e+03 4.739249999999999560e-06
6.175000000000000000e+03 4.402969999999999622e-06
6.180000000000000000e+03 5.739260000000000002e-06
6.185000000000000000e+03 4.496929999999999650e-06
6.190000000000000000e+03 4.551560000000000345e-06
6.195000000000000000e+03 4.782890000000000551e-06
6.200000000000000000e+03 3.412159999999999870e-06
6.205000000000000000e+03 4.505150000000000395e-06
6.210000000000000000e+03 4.613279999999999815e-06
6.215000000000000000e+03 4.531999999999999977e-06
6.220000000000000000e+03 3.808829999999999835e-06
6.225000000000000000e+03 4.319530000000000299e-06
6.230000000000000000e+03 2.744420000000000060e-06
6.235000000000000000e+03 3.669309999999999602e-06
6.240000000000000000e+03 3.834529999999999860e-06
6.245000000000000000e+03 2.820829999999999723e-06
6.250000000000000000e+03 3.282320000000000449e-06
6.255000000000000000e+03 3.371439999999999860e-06
6.260000000000000000e+03 3.105300000000000152e-06
6.265000000000000000e+03 1.851800000000000210e-06
6.270000000000000000e+03 2.731899999999999627e-06
6.275000000000000000e+03 4.009179999999999958e-06
6.280000000000000000e+03 3.811519999999999974e-06
6.285000000000000000e+03 3.015380000000000257e-06
6.290000000000000000e+03 2.345059999999999957e-06
6.295000000000000000e+03 2.172920000000000111e-06
6.300000000000000000e+03 3.524390000000000234e-06
6.305000000000000000e+03 3.299630000000000119e-06
6.310000000000000000e+03 3.559939999999999834e-06
6.315000000000000000e+03 2.697919999999999743e-06
6.320000000000000000e+03 1.907129999999999899e-06
6.325000000000000000e+03 2.614529999999999682e-06
6.330000000000000000e+03 2.691799999999999791e-06
6.335000000000000000e+03 2.558280000000000009e-06
6.340000000000000000e+03 3.897690000000000116e-06
6.345000000000000000e+03 2.470169999999999679e-06
6.350000000000000000e+03 1.090020000000000069e-06
6.355000000000000000e+03 3.335539999999999916e-06
6.360000000000000000e+03 1.594250000000000025e-06
6.365000000000000000e+03 5.869999999999999491e-07
6.370000000000000000e+03 2.399100000000000036e-06
6.375000000000000000e+03 2.051949999999999895e-06
6.380000000000000000e+03 1.019859999999999922e-06
6.385000000000000000e+03 1.608039999999999939e-06
6.390000000000000000e+03 1.093440000000000029e-06
6.395000000000000000e+03 4.540000000000000155e-07
6.400000000000000000e+03 1.456650000000000063e-06
6.405000000000000000e+03 5.509999999999999973e-07
6.410000000000000000e+03 1.069999999999999920e-07
6.415000000000000000e+03 1.285789999999999975e-06
6.420000000000000000e+03 1.024530000000000082e-06
6.425000000000000000e+03 5.459999999999999393e-07
6.430000000000000000e+03 7.799999999999999435e-07
6.435000000000000000e+03 4.169999999999999885e-07
6.440000000000000000e+03 1.845580000000000039e-06
6.445000000000000000e+03 1.213249999999999988e-06
6.450000000000000000e+03 7.169999999999999750e-07
6.455000000000000000e+03 7.530000000000000326e-07
6.460000000000000000e+03 8.470000000000000008e-07
6.465000000000000000e+03 1.306070000000000101e-06
6.470000000000000000e+03 9.160000000000000628e-09
6.475000000000000000e+03 3.789999999999999924e-07
6.480000000000000000e+03 -2.680000000000000175e-08
6.485000000000000000e+03 7.350000000000000303e-08
6.490000000000000000e+03 9.140000000000001111e-08
6.495000000000000000e+03 -3.099999999999999966e-07
6.500000000000000000e+03 1.489999999999999975e-07
6.505000000000000000e+03 1.983199999999999918e-06
6.510000000000000000e+03 8.959999999999999764e-07
6.515000000000000000e+03 8.330000000000000806e-09
6.520000000000000000e+03 -6.600000000000000337e-07
6.525000000000000000e+03 5.619999999999999767e-07
6.530000000000000000e+03 -1.860000000000000244e-07
6.535000000000000000e+03 9.020000000000000037e-07
6.540000000000000000e+03 1.449999999999999881e-07
6.545000000000000000e+03 5.479999999999999837e-07
6.550000000000000000e+03 8.709999999999999246e-08
6.555000000000000000e+03 -7.190000000000000193e-08
6.560000000000000000e+03 -6.910000000000000333e-07
6.565000000000000000e+03 6.090000000000000137e-07
6.570000000000000000e+03 9.909999999999999139e-07
6.575000000000000000e+03 7.100000000000000843e-07
6.580000000000000000e+03 4.850000000000000151e-07
6.585000000000000000e+03 4.869999999999999536e-07
6.590000000000000000e+03 -1.830000000000000108e-07
6.595000000000000000e+03 7.819999999999999879e-07
6.600000000000000000e+03 9.349999999999999418e-07
6.605000000000000000e+03 2.209999999999999805e-07
6.610000000000000000e+03 1.057470000000000058e-06
6.615000000000000000e+03 6.519999999999999620e-07
6.620000000000000000e+03 2.279999999999999770e-07
6.625000000000000000e+03 -5.880000000000000242e-07
6.630000000000000000e+03 -2.220000000000000027e-08
6.635000000000000000e+03 4.929999999999999809e-07
6.640000000000000000e+03 2.999999999999999864e-07
6.645000000000000000e+03 1.124380000000000067e-06
6.650000000000000000e+03 2.100000000000000011e-07
6.655000000000000000e+03 5.379999999999999735e-07
6.660000000000000000e+03 3.419999999999999655e-07
6.665000000000000000e+03 4.449999999999999746e-07
6.670000000000000000e+03 -8.909999999999999713e-08
6.675000000000000000e+03 -8.450000000000000888e-08
6.680000000000000000e+03 -3.219999999999999452e-07
6.685000000000000000e+03 1.003770000000000047e-06
6.690000000000000000e+03 -6.669999999999999243e-07
6.695000000000000000e+03 -2.019939999999999756e-06
6.700000000000000000e+03 3.580000000000000029e-07
6.705000000000000000e+03 -2.850000000000000242e-07
6.710000000000000000e+03 -1.739999999999999964e-07
6.715000000000000000e+03 5.149999999999999396e-07
6.720000000000000000e+03 -4.510000000000000018e-08
6.725000000000000000e+03 -4.069999999999999784e-07
6.730000000000000000e+03 -1.439020000000000031e-06
6.735000000000000000e+03 2.069999999999999875e-07
6.740000000000000000e+03 8.649999999999999767e-07
6.745000000000000000e+03 -4.269999999999999987e-07
6.750000000000000000e+03 -2.150000000000000062e-07
6.755000000000000000e+03 -4.449999999999999746e-07
6.760000000000000000e+03 1.610000000000000189e-08
6.765000000000000000e+03 6.339999999999999861e-07
6.770000000000000000e+03 1.569999999999999897e-07
6.775000000000000000e+03 -4.650000000000000610e-08
6.780000000000000000e+03 -5.450000000000000759e-07
6.785000000000000000e+03 1.310519999999999906e-06
6.790000000000000000e+03 -7.870000000000000459e-07
6.795000000000000000e+03 -1.309999999999999951e-07
6.800000000000000000e+03 1.760000000000000143e-07
6.805000000000000000e+03 -8.890000000000000858e-07
6.810000000000000000e+03 5.749999999999999872e-08
6.815000000000000000e+03 -8.999999999999999857e-08
6.820000000000000000e+03 8.610000000000000997e-07
6.825000000000000000e+03 1.549999999999999983e-07
6.830000000000000000e+03 3.720000000000000488e-07
6.835000000000000000e+03 -9.170000000000000718e-08
6.840000000000000000e+03 4.690000000000000307e-07
6.845000000000000000e+03 8.660000000000000519e-07
6.850000000000000000e+03 -5.169999999999999840e-07
6.855000000000000000e+03 7.210000000000000637e-07
6.860000000000000000e+03 1.716490000000000146e-06
6.865000000000000000e+03 4.859999999999999844e-07
6.870000000000000000e+03 3.069999999999999829e-07
6.875000000000000000e+03 9.779999999999998901e-08
6.880000000000000000e+03 1.410000000000000053e-07
6.885000000000000000e+03 2.139999999999999972e-08
6.890000000000000000e+03 3.619999999999999990e-08
6.895000000000000000e+03 1.218999999999999891e-06
6.900000000000000000e+03 1.780000000000000057e-08
6.905000000000000000e+03 9.760000000000000575e-07
6.910000000000000000e+03 -3.550000000000000422e-07
6.915000000000000000e+03 2.619999999999999903e-07
6.920000000000000000e+03 5.910000000000000378e-07
6.925000000000000000e+03 2.630000000000000125e-07
6.930000000000000000e+03 8.380000000000000658e-07
6.935000000000000000e+03 -9.219999999999999180e-08
6.940000000000000000e+03 4.110000000000000142e-07
6.945000000000000000e+03 -1.414399999999999960e-06
6.950000000000000000e+03 2.770000000000000055e-07
6.955000000000000000e+03 -7.700000000000000393e-07
6.960000000000000000e+03 3.330000000000000305e-07
6.965000000000000000e+03 3.739999999999999873e-07
6.970000000000000000e+03 1.110000000000000013e-07
6.975000000000000000e+03 1.272769999999999928e-06
6.980000000000000000e+03 -1.160000000000000064e-07
6.985000000000000000e+03 7.870000000000000459e-07
6.990000000000000000e+03 1.160239999999999966e-06
6.995000000000000000e+03 -4.780000000000000451e-09
7.000000000000000000e+03 -5.549999999999999802e-07
7.005000000000000000e+03 -5.819999999999999970e-07
7.010000000000000000e+03 2.549999999999999938e-07
7.015000000000000000e+03 1.140399999999999915e-06
7.020000000000000000e+03 2.479999999999999972e-07
7.025000000000000000e+03 4.289999999999999901e-07
7.030000000000000000e+03 -3.359999999999999911e-07
7.035000000000000000e+03 5.700000000000000483e-07
7.040000000000000000e+03 -1.979999999999999995e-07
7.045000000000000000e+03 4.029999999999999955e-07
7.050000000000000000e+03 -2.570000000000000381e-07
7.055000000000000000e+03 -2.119999999999999925e-07
7.060000000000000000e+03 4.289999999999999901e-07
7.065000000000000000e+03 -7.459999999999999302e-08
7.070000000000000000e+03 4.640000000000000256e-07
7.075000000000000000e+03 6.760000000000000711e-07
7.080000000000000000e+03 6.880000000000000726e-08
7.085000000000000000e+03 -3.049999999999999915e-07
7.090000000000000000e+03 4.099999999999999656e-08
7.095000000000000000e+03 3.270000000000000032e-07
7.100000000000000000e+03 3.270000000000000032e-07
7.105000000000000000e+03 2.969999999999999794e-08
7.110000000000000000e+03 9.029999999999999729e-07
7.115000000000000000e+03 6.640000000000000165e-07
7.120000000000000000e+03 -1.030620000000000053e-06
7.125000000000000000e+03 9.420000000000000442e-07
7.130000000000000000e+03 -7.029999999999999820e-07
7.135000000000000000e+03 2.000000000000000174e-07
7.140000000000000000e+03 4.850000000000000151e-07
7.145000000000000000e+03 4.929999999999999809e-07
7.150000000000000000e+03 -4.899999999999999672e-07
7.155000000000000000e+03 3.729999999999999651e-07
7.160000000000000000e+03 4.160000000000000193e-07
7.165000000000000000e+03 1.163569999999999983e-06
7.170000000000000000e+03 -2.570000000000000381e-07
7.175000000000000000e+03 9.609999999999999893e-07
7.180000000000000000e+03 1.040000000000000048e-07
7.185000000000000000e+03 3.510000000000000064e-07
7.190000000000000000e+03 6.609999999999998970e-07
7.195000000000000000e+03 1.209889999999999990e-06
7.200000000000000000e+03 -1.264659999999999891e-06
7.205000000000000000e+03 -1.210000000000000164e-09
7.210000000000000000e+03 -6.499999999999999176e-07
7.215000000000000000e+03 -7.140000000000000407e-08
7.220000000000000000e+03 6.179999999999999487e-07
7.225000000000000000e+03 -9.629999999999999212e-09
7.230000000000000000e+03 4.840000000000000326e-08
7.235000000000000000e+03 1.754839999999999956e-06
7.240000000000000000e+03 -7.850000000000000015e-07
7.245000000000000000e+03 1.709999999999999827e-07
7.250000000000000000e+03 -5.149999999999999793e-08
7.255000000000000000e+03 7.050000000000000263e-07
7.260000000000000000e+03 5.820000000000000499e-08
7.265000000000000000e+03 5.940000000000000515e-07
7.270000000000000000e+03 9.560000000000000372e-07
7.275000000000000000e+03 4.380000000000000310e-07
7.280000000000000000e+03 1.940000000000000166e-07
7.285000000000000000e+03 -7.640000000000000120e-07
7.290000000000000000e+03 5.519999999999999666e-07
7.295000000000000000e+03 7.570000000000000155e-07
7.300000000000000000e+03 2.200000000000000178e-08
7.305000000000000000e+03 -6.669999999999999508e-08
7.310000000000000000e+03 7.029999999999999820e-07
7.315000000000000000e+03 1.350799999999999840e-06
7.320000000000000000e+03 5.899999999999999627e-07
7.325000000000000000e+03 -1.489999999999999975e-07
7.330000000000000000e+03 -3.109999999999999658e-07
7.335000000000000000e+03 5.149999999999999396e-07
7.340000000000000000e+03 -5.029999999999999910e-07
7.345000000000000000e+03 -1.259999999999999901e-07
7.350000000000000000e+03 -3.330000000000000305e-07
7.355000000000000000e+03 -9.000000000000000652e-07
7.360000000000000000e+03 8.270000000000000865e-07
7.365000000000000000e+03 2.349999999999999735e-07
7.370000000000000000e+03 -2.600000000000000121e-09
7.375000000000000000e+03 -6.570000000000000200e-07
7.380000000000000000e+03 -3.520000000000000285e-07
7.385000000000000000e+03 -1.454670000000000042e-06
7.390000000000000000e+03 4.089999999999999698e-07
7.395000000000000000e+03 -2.220000000000000027e-07
7.400000000000000000e+03 -8.449999999999999565e-07
7.405000000000000000e+03 6.090000000000000137e-07
7.410000000000000000e+03 9.170000000000000718e-07
7.415000000000000000e+03 3.259999999999999810e-07
7.420000000000000000e+03 8.449999999999999565e-07
7.425000000000000000e+03 8.890000000000000858e-07
7.430000000000000000e+03 4.339999999999999952e-07
7.435000000000000000e+03 -4.010000000000000041e-07
7.440000000000000000e+03 8.789999999999999698e-07
7.445000000000000000e+03 -8.570000000000000110e-07
7.450000000000000000e+03 4.720000000000000443e-07
7.455000000000000000e+03 -1.012869999999999884e-06
7.460000000000000000e+03 3.359999999999999911e-07
7.465000000000000000e+03 2.700000000000000090e-07
7.470000000000000000e+03 7.360000000000000260e-07
7.475000000000000000e+03 -1.170000000000000021e-07
7.480000000000000000e+03 -1.919999999999999987e-07
7.485000000000000000e+03 -7.590000000000000599e-07
7.490000000000000000e+03 8.679999999999999904e-07
7.495000000000000000e+03 -6.250000000000000511e-07
7.500000000000000000e+03 -1.359660000000000040e-06
7.505000000000000000e+03 7.080000000000000400e-07
7.510000000000000000e+03 -1.335650000000000078e-06
7.515000000000000000e+03 5.500000000000000281e-07
7.520000000000000000e+03 -8.409999999999999736e-07
7.525000000000000000e+03 2.289999999999999992e-07
7.530000000000000000e+03 4.649999999999999948e-07
7.535000000000000000e+03 7.309999999999999680e-07
7.540000000000000000e+03 -7.349999999999999509e-07
7.545000000000000000e+03 -8.020000000000000082e-07
7.550000000000000000e+03 -8.470000000000000008e-07
7.555000000000000000e+03 1.686549999999999971e-06
7.560000000000000000e+03 2.129999999999999882e-07
7.565000000000000000e+03 3.729999999999999651e-07
7.570000000000000000e+03 1.699999999999999870e-07
7.575000000000000000e+03 5.889999999999999935e-07
7.580000000000000000e+03 -7.830000000000000630e-07
7.585000000000000000e+03 8.989999999999999900e-07
7.590000000000000000e+03 6.179999999999999487e-07
7.595000000000000000e+03 -9.619999999999998527e-07
7.600000000000000000e+03 -1.410000000000000053e-07
7.605000000000000000e+03 1.579829999999999873e-06
7.610000000000000000e+03 2.013289999999999997e-06
7.615000000000000000e+03 4.329999999999999730e-08
7.620000000000000000e+03 -5.290000000000000385e-08
7.625000000000000000e+03 -4.169999999999999885e-07
7.630000000000000000e+03 4.069999999999999784e-07
7.635000000000000000e+03 4.279999999999999679e-07
7.640000000000000000e+03 -8.720000000000000791e-07
7.645000000000000000e+03 8.550000000000000725e-07
7.650000000000000000e+03 9.299999999999999897e-07
7.655000000000000000e+03 -5.349999999999999599e-07
7.660000000000000000e+03 1.336489999999999972e-06
7.665000000000000000e+03 -5.840000000000000016e-08
7.670000000000000000e+03 5.160000000000000148e-07
7.675000000000000000e+03 -2.260000000000000120e-07
7.680000000000000000e+03 -8.890000000000000858e-07
7.685000000000000000e+03 5.099999999999999875e-07
7.690000000000000000e+03 -6.850000000000000061e-07
7.695000000000000000e+03 -4.419999999999999609e-07
7.700000000000000000e+03 9.219999999999999180e-08
7.705000000000000000e+03 -5.999999999999999728e-07
7.710000000000000000e+03 1.799999999999999905e-08
7.715000000000000000e+03 1.317000000000000054e-06
7.720000000000000000e+03 2.049999999999999960e-07
7.725000000000000000e+03 1.038479999999999966e-06
7.730000000000000000e+03 6.940000000000000469e-07
7.735000000000000000e+03 -2.279999999999999770e-07
7.740000000000000000e+03 -7.530000000000000326e-07
7.745000000000000000e+03 -5.850000000000000271e-09
7.750000000000000000e+03 3.169999999999999931e-07
7.755000000000000000e+03 -8.339999999999999771e-07
7.760000000000000000e+03 1.230000000000000029e-07
7.765000000000000000e+03 -2.059999999999999917e-07
7.770000000000000000e+03 1.369999999999999959e-07
7.775000000000000000e+03 -4.360000000000000396e-07
7.780000000000000000e+03 1.059629999999999967e-06
7.785000000000000000e+03 1.779999999999999792e-07
7.790000000000000000e+03 -8.810000000000000141e-07
7.795000000000000000e+03 -5.190000000000000284e-07
7.800000000000000000e+03 -5.519999999999999666e-07
7.805000000000000000e+03 -4.649999999999999948e-07
7.810000000000000000e+03 1.024779999999999995e-06
7.815000000000000000e+03 -3.289999999999999682e-08
7.820000000000000000e+03 1.010200000000000086e-06
7.825000000000000000e+03 6.760000000000000711e-07
7.830000000000000000e+03 9.590000000000000508e-07
7.835000000000000000e+03 -3.350000000000000219e-07
7.840000000000000000e+03 5.209999999999999669e-07
7.845000000000000000e+03 3.580000000000000029e-07
7.850000000000000000e+03 2.330000000000000085e-07
7.855000000000000000e+03 -2.850000000000000242e-07
7.860000000000000000e+03 2.260000000000000120e-07
7.865000000000000000e+03 1.332910000000000042e-06
7.870000000000000000e+03 7.080000000000000400e-07
7.875000000000000000e+03 3.370000000000000133e-07
7.880000000000000000e+03 4.959999999999999945e-07
7.885000000000000000e+03 1.140290000000000055e-06
7.890000000000000000e+03 8.670000000000000211e-07
7.895000000000000000e+03 2.770000000000000055e-07
7.900000000000000000e+03 -6.509999999999999928e-07
7.905000000000000000e+03 8.700000000000000347e-07
7.910000000000000000e+03 -1.760000000000000143e-07
7.915000000000000000e+03 -4.390000000000000532e-07
7.920000000000000000e+03 -1.900000000000000073e-07
7.925000000000000000e+03 -1.170000000000000021e-07
7.930000000000000000e+03 -1.948210000000000106e-06
7.935000000000000000e+03 2.920000000000000207e-07
7.940000000000000000e+03 -2.360000000000000221e-07
7.945000000000000000e+03 1.158720000000000148e-06
7.950000000000000000e+03 3.529999999999999978e-07
7.955000000000000000e+03 6.179999999999999487e-07
7.960000000000000000e+03 -5.090000000000000414e-09
7.965000000000000000e+03 7.839999999999999264e-07
7.970000000000000000e+03 1.782029999999999818e-06
7.975000000000000000e+03 1.460000000000000103e-07
7.980000000000000000e+03 7.689999999999999377e-08
7.985000000000000000e+03 8.050000000000000218e-07
7.990000000000000000e+03 -2.859999999999999934e-07
7.995000000000000000e+03 1.370370000000000061e-06
8.000000000000000000e+03 4.059999999999999562e-07
8.005000000000000000e+03 -5.500000000000000281e-07
8.010000000000000000e+03 4.370000000000000088e-07
8.015000000000000000e+03 2.689999999999999868e-07
8.020000000000000000e+03 1.423689999999999959e-06
8.025000000000000000e+03 4.449999999999999746e-07
8.030000000000000000e+03 3.949999999999999768e-07
8.035000000000000000e+03 -3.069999999999999697e-08
8.040000000000000000e+03 2.220670000000000204e-06
8.045000000000000000e+03 3.990000000000000126e-07
8.050000000000000000e+03 7.649999999999999813e-07
8.055000000000000000e+03 1.082129999999999963e-06
8.060000000000000000e+03 1.752980000000000071e-06
8.065000000000000000e+03 1.534390000000000017e-06
8.070000000000000000e+03 1.459680000000000058e-06
8.075000000000000000e+03 2.114839999999999898e-06
8.080000000000000000e+03 2.314240000000000055e-06
8.085000000000000000e+03 2.006699999999999778e-06
8.090000000000000000e+03 3.442189999999999988e-06
8.095000000000000000e+03 3.027250000000000112e-06
8.100000000000000000e+03 3.593410000000000041e-06
8.105000000000000000e+03 4.235999999999999762e-06
8.110000000000000000e+03 5.101150000000000279e-06
8.115000000000000000e+03 5.447800000000000594e-06
8.120000000000000000e+03 5.920759999999999874e-06
8.125000000000000000e+03 4.966270000000000649e-06
8.130000000000000000e+03 6.408849999999999634e-06
8.135000000000000000e+03 5.121060000000000568e-06
8.140000000000000000e+03 4.225609999999999680e-06
8.145000000000000000e+03 4.215590000000000071e-06
8.150000000000000000e+03 3.882230000000000267e-06
8.155000000000000000e+03 3.453299999999999615e-06
8.160000000000000000e+03 3.766589999999999796e-06
8.165000000000000000e+03 3.626460000000000089e-06
8.170000000000000000e+03 3.176359999999999943e-06
8.175000000000000000e+03 2.792060000000000081e-06
8.180000000000000000e+03 2.929489999999999797e-06
8.185000000000000000e+03 1.636739999999999977e-06
8.190000000000000000e+03 2.789469999999999739e-06
8.195000000000000000e+03 2.445969999999999978e-06
8.200000000000000000e+03 1.955319999999999856e-06
8.205000000000000000e+03 2.226489999999999921e-06
8.210000000000000000e+03 8.700000000000000347e-07
8.215000000000000000e+03 1.275290000000000033e-06
8.220000000000000000e+03 3.338239999999999907e-06
8.225000000000000000e+03 1.185059999999999840e-06
8.230000000000000000e+03 2.516419999999999871e-06
8.235000000000000000e+03 1.237769999999999840e-06
8.240000000000000000e+03 8.849999999999999970e-07
8.245000000000000000e+03 4.040000000000000177e-07
8.250000000000000000e+03 -3.249999999999999588e-07
8.255000000000000000e+03 6.799999999999999481e-07
8.260000000000000000e+03 1.442269999999999957e-06
8.265000000000000000e+03 2.640000000000000346e-07
8.270000000000000000e+03 1.307349999999999858e-06
8.275000000000000000e+03 -3.809999999999999838e-07
8.280000000000000000e+03 6.949999999999999103e-07
8.285000000000000000e+03 -3.180000000000000020e-08
8.290000000000000000e+03 -9.510000000000000454e-09
8.295000000000000000e+03 1.626119999999999899e-06
8.300000000000000000e+03 -1.869999999999999937e-07
8.305000000000000000e+03 5.570000000000000246e-07
8.310000000000000000e+03 9.190000000000000103e-07
8.315000000000000000e+03 1.738060000000000093e-06
8.320000000000000000e+03 8.770000000000000313e-07
8.325000000000000000e+03 1.126220000000000035e-06
8.330000000000000000e+03 3.690000000000000352e-07
8.335000000000000000e+03 1.326090000000000038e-06
8.340000000000000000e+03 4.139999999999999749e-07
8.345000000000000000e+03 1.737999999999999919e-06
8.350000000000000000e+03 9.000000000000000652e-07
8.355000000000000000e+03 1.422379999999999797e-06
8.360000000000000000e+03 2.336189999999999904e-06
8.365000000000000000e+03 6.369999999999999998e-07
8.370000000000000000e+03 2.407069999999999808e-06
8.375000000000000000e+03 2.489999999999999665e-07
8.380000000000000000e+03 1.327769999999999825e-06
8.385000000000000000e+03 2.048540000000000210e-06
8.390000000000000000e+03 1.114890000000000052e-06
8.395000000000000000e+03 1.213469999999999920e-06
8.400000000000000000e+03 6.930000000000000777e-07
8.405000000000000000e+03 2.148940000000000130e-06
8.410000000000000000e+03 1.757700000000000129e-06
8.415000000000000000e+03 3.270000000000000032e-07
8.420000000000000000e+03 1.233030000000000077e-06
8.425000000000000000e+03 6.320000000000000476e-07
8.430000000000000000e+03 2.295390000000000227e-06
8.435000000000000000e+03 3.111570000000000009e-06
8.440000000000000000e+03 1.810419999999999981e-06
8.445000000000000000e+03 1.243709999999999905e-06
8.450000000000000000e+03 3.002459999999999795e-06
8.455000000000000000e+03 2.450379999999999738e-06
8.460000000000000000e+03 9.540000000000000987e-07
8.465000000000000000e+03 2.315460000000000274e-06
8.470000000000000000e+03 2.217350000000000039e-06
8.475000000000000000e+03 2.194820000000000274e-06
8.480000000000000000e+03 3.247209999999999866e-06
8.485000000000000000e+03 3.273620000000000008e-06
8.490000000000000000e+03 3.595620000000000059e-06
8.495000000000000000e+03 3.707429999999999840e-06
8.500000000000000000e+03 1.194773000000000123e-05
8.505000000000000000e+03 5.604479999999999744e-06
8.510000000000000000e+03 2.985989999999999595e-06
8.515000000000000000e+03 9.867890000000000147e-06
8.520000000000000000e+03 5.878689999999999445e-06
8.525000000000000000e+03 5.083950000000000681e-06
8.530000000000000000e+03 7.628710000000000182e-06
8.535000000000000000e+03 2.938699999999999918e-06
8.540000000000000000e+03 7.545030000000000164e-06
8.545000000000000000e+03 1.542854999999999986e-05
8.550000000000000000e+03 -1.614820000000000109e-06
8.555000000000000000e+03 2.176719999999999973e-06
8.560000000000000000e+03 7.203700000000000164e-06
8.565000000000000000e+03 8.493839999999999301e-06
8.570000000000000000e+03 9.703160000000001133e-06
8.575000000000000000e+03 -3.119929999999999959e-06
8.580000000000000000e+03 4.206469999999999894e-06
8.585000000000000000e+03 1.023463000000000064e-05
8.590000000000000000e+03 9.209310000000000770e-06
8.595000000000000000e+03 9.619999999999998527e-07
8.600000000000000000e+03 1.473492000000000156e-05
8.605000000000000000e+03 9.049389999999999428e-06
8.610000000000000000e+03 -1.766980000000000064e-06
8.615000000000000000e+03 2.793340000000000262e-06
8.620000000000000000e+03 4.963469999999999592e-06
8.625000000000000000e+03 4.288799999999999493e-06
8.630000000000000000e+03 4.175279999999999943e-06
8.635000000000000000e+03 3.775280000000000385e-06
8.640000000000000000e+03 5.557500000000000577e-06
8.645000000000000000e+03 -1.694000000000000002e-06
8.650000000000000000e+03 5.768780000000000018e-06
8.655000000000000000e+03 5.290199999999999765e-06
8.660000000000000000e+03 -1.968230000000000043e-06
8.665000000000000000e+03 5.149999999999999396e-07
8.670000000000000000e+03 5.934370000000000748e-06
8.675000000000000000e+03 2.599249999999999720e-06
8.680000000000000000e+03 -2.330000000000000085e-07
8.685000000000000000e+03 9.562600000000000567e-06
8.690000000000000000e+03 5.629730000000000053e-06
8.695000000000000000e+03 2.917600000000000238e-06
8.700000000000000000e+03 2.019710000000000183e-06
8.705000000000000000e+03 2.699889999999999912e-06
8.710000000000000000e+03 5.850000000000000106e-07
8.715000000000000000e+03 3.889999999999999496e-07
8.720000000000000000e+03 -5.065119999999999711e-06
8.725000000000000000e+03 -8.870000000000000414e-07
8.730000000000000000e+03 -1.742009999999999861e-06
8.735000000000000000e+03 7.083509999999999880e-06
8.740000000000000000e+03 -3.346070000000000051e-06
8.745000000000000000e+03 -1.278770000000000167e-06
8.750000000000000000e+03 8.750840000000000398e-06
8.755000000000000000e+03 1.512239999999999941e-06
8.760000000000000000e+03 -2.044659999999999834e-06
8.765000000000000000e+03 -2.791529999999999851e-06
8.770000000000000000e+03 7.850000000000000015e-07
8.775000000000000000e+03 1.793660000000000035e-06
8.780000000000000000e+03 4.299600000000000305e-06
8.785000000000000000e+03 4.644749999999999872e-06
8.790000000000000000e+03 -1.061079999999999970e-06
8.795000000000000000e+03 -2.639340000000000127e-06
8.800000000000000000e+03 3.725989999999999710e-06
8.805000000000000000e+03 9.012400000000000313e-06
8.810000000000000000e+03 7.830000000000000630e-07
8.815000000000000000e+03 2.525499999999999791e-06
8.820000000000000000e+03 1.020000000000000035e-08
8.825000000000000000e+03 4.528739999999999774e-06
8.830000000000000000e+03 2.109999999999999952e-10
8.835000000000000000e+03 -8.590000000000000554e-07
8.840000000000000000e+03 7.676750000000000658e-06
8.845000000000000000e+03 -5.959999999999999900e-07
8.850000000000000000e+03 6.379559999999999615e-06
8.855000000000000000e+03 -8.137179999999999229e-06
8.860000000000000000e+03 1.509489999999999840e-06
8.865000000000000000e+03 -7.644719999999999543e-06
8.870000000000000000e+03 2.030789999999999830e-06
8.875000000000000000e+03 -1.173899999999999891e-06
8.880000000000000000e+03 -2.843209999999999583e-06
8.885000000000000000e+03 7.284779999999999564e-06
8.890000000000000000e+03 1.118289000000000026e-05
8.895000000000000000e+03 1.272839999999999955e-06
8.900000000000000000e+03 3.465450000000000422e-06
8.905000000000000000e+03 2.544420000000000281e-06
8.910000000000000000e+03 8.889999999999999534e-08
8.915000000000000000e+03 -3.652920000000000340e-06
8.920000000000000000e+03 5.322150000000000365e-06
8.925000000000000000e+03 1.998030000000000164e-06
8.930000000000000000e+03 -3.020419999999999620e-06
8.935000000000000000e+03 3.030000000000000001e-07
8.940000000000000000e+03 1.254259999999999956e-06
8.945000000000000000e+03 3.491600000000000163e-06
8.950000000000000000e+03 7.446930000000000205e-06
8.955000000000000000e+03 -2.225949999999999838e-06
8.960000000000000000e+03 1.810560000000000034e-06
8.965000000000000000e+03 5.352689999999999738e-06
8.970000000000000000e+03 -7.218800000000000240e-06
8.975000000000000000e+03 -1.126980000000000050e-06
8.980000000000000000e+03 6.380830000000000367e-06
8.985000000000000000e+03 -2.348350000000000140e-06
8.990000000000000000e+03 -1.152889999999999943e-06
8.995000000000000000e+03 9.146019999999999890e-06
9.000000000000000000e+03 3.757679999999999910e-06
9.005000000000000000e+03 5.135740000000000061e-06
9.010000000000000000e+03 9.740350000000000687e-06
9.015000000000000000e+03 9.420000000000000442e-07
9.020000000000000000e+03 8.194509999999999915e-06
9.025000000000000000e+03 3.514320000000000092e-06
9.030000000000000000e+03 7.858880000000000555e-06
9.035000000000000000e+03 3.972269999999999663e-06
9.040000000000000000e+03 4.384680000000000005e-06
9.045000000000000000e+03 4.080830000000000365e-06
9.050000000000000000e+03 3.591499999999999834e-06
9.055000000000000000e+03 5.349089999999999467e-06
9.060000000000000000e+03 5.065490000000000183e-06
9.065000000000000000e+03 2.201449999999999904e-06
9.070000000000000000e+03 1.224139999999999896e-06
9.075000000000000000e+03 1.069823999999999974e-05
9.080000000000000000e+03 3.683440000000000007e-06
9.085000000000000000e+03 4.125729999999999715e-06
9.090000000000000000e+03 8.790739999999999795e-06
9.095000000000000000e+03 5.724260000000000146e-06
9.100000000000000000e+03 -1.555589999999999916e-06
9.105000000000000000e+03 1.619733000000000032e-05
9.110000000000000000e+03 3.114649999999999902e-06
9.115000000000000000e+03 7.520959999999999393e-06
9.120000000000000000e+03 7.143759999999999854e-06
9.125000000000000000e+03 -3.383710000000000168e-06
9.130000000000000000e+03 5.462480000000000087e-06
9.135000000000000000e+03 1.674667999999999871e-05
9.140000000000000000e+03 9.474280000000000369e-06
9.145000000000000000e+03 1.375299999999999987e-06
9.150000000000000000e+03 3.403519999999999814e-06
9.155000000000000000e+03 1.682262999999999922e-05
9.160000000000000000e+03 8.116209999999999327e-06
9.165000000000000000e+03 2.251769999999999788e-06
9.170000000000000000e+03 3.596180000000000270e-06
9.175000000000000000e+03 -1.538310000000000015e-06
9.180000000000000000e+03 3.314160000000000131e-06
9.185000000000000000e+03 1.272817000000000082e-05
9.190000000000000000e+03 4.714860000000000120e-06
9.195000000000000000e+03 5.207290000000000249e-06
9.200000000000000000e+03 9.317450000000000043e-06
9.205000000000000000e+03 6.260610000000000525e-06
9.210000000000000000e+03 8.495299999999999792e-06
9.215000000000000000e+03 1.067659999999999913e-06
9.220000000000000000e+03 8.139849999999999663e-06
9.225000000000000000e+03 3.426829999999999935e-06
9.230000000000000000e+03 7.028240000000000153e-06
9.235000000000000000e+03 5.647160000000000494e-06
9.240000000000000000e+03 1.794152999999999964e-05
9.245000000000000000e+03 7.599350000000000348e-06
9.250000000000000000e+03 9.770810000000000392e-06
9.255000000000000000e+03 6.533310000000000472e-06
9.260000000000000000e+03 7.469669999999999415e-06
9.265000000000000000e+03 1.144295999999999928e-05
9.270000000000000000e+03 5.152060000000000779e-06
9.275000000000000000e+03 -3.039510000000000143e-06
9.280000000000000000e+03 1.035010000000000107e-05
9.285000000000000000e+03 8.615499999999999081e-06
9.290000000000000000e+03 5.975000000000000391e-06
9.295000000000000000e+03 9.849620000000001082e-06
9.300000000000000000e+03 9.720380000000001283e-06
9.305000000000000000e+03 1.404400000000000055e-06
9.310000000000000000e+03 1.270814000000000061e-05
9.315000000000000000e+03 9.527610000000000755e-06
9.320000000000000000e+03 8.538830000000000711e-06
9.325000000000000000e+03 1.286721999999999909e-05
9.330000000000000000e+03 4.990650000000000236e-06
9.335000000000000000e+03 9.783719999999998884e-06
9.340000000000000000e+03 5.115210000000000446e-06
9.345000000000000000e+03 -1.809999999999999995e-08
9.350000000000000000e+03 9.515779999999999887e-06
9.355000000000000000e+03 7.241279999999999896e-06
9.360000000000000000e+03 2.591330000000000057e-06
9.365000000000000000e+03 8.218069999999999737e-06
9.370000000000000000e+03 1.099815999999999975e-05
9.375000000000000000e+03 8.787569999999999960e-06
9.380000000000000000e+03 6.574289999999999189e-06
9.385000000000000000e+03 1.087786000000000024e-05
9.390000000000000000e+03 4.770639999999999949e-06
9.395000000000000000e+03 2.334259999999999992e-06
9.400000000000000000e+03 9.327519999999999762e-06
9.405000000000000000e+03 5.886639999999999936e-06
9.410000000000000000e+03 4.257500000000000318e-06
9.415000000000000000e+03 3.584269999999999735e-06
9.420000000000000000e+03 9.269999999999998966e-08
9.425000000000000000e+03 1.168783999999999955e-05
9.430000000000000000e+03 4.080160000000000082e-06
9.435000000000000000e+03 2.440000000000000144e-07
9.440000000000000000e+03 1.217023999999999852e-05
9.445000000000000000e+03 7.139320000000000113e-06
9.450000000000000000e+03 1.121496999999999979e-05
9.455000000000000000e+03 1.087779999999999858e-06
9.460000000000000000e+03 7.994980000000000828e-06
9.465000000000000000e+03 3.440099999999999894e-06
9.470000000000000000e+03 1.144024000000000043e-05
9.475000000000000000e+03 6.538940000000000450e-06
9.480000000000000000e+03 8.672720000000000543e-06
9.485000000000000000e+03 -1.155299999999999976e-06
9.490000000000000000e+03 4.326890000000000174e-06
9.495000000000000000e+03 -1.049999999999999972e-08
9.500000000000000000e+03 7.420490000000000506e-06
9.505000000000000000e+03 7.632579999999999012e-06
9.510000000000000000e+03 2.603160000000000077e-06
9.515000000000000000e+03 7.152680000000000439e-06
9.520000000000000000e+03 1.483380000000000018e-05
9.525000000000000000e+03 1.091043999999999917e-05
9.530000000000000000e+03 4.971609999999999822e-06
9.535000000000000000e+03 5.071570000000000301e-06
9.540000000000000000e+03 6.158370000000000636e-06
9.545000000000000000e+03 6.493869999999999372e-06
9.550000000000000000e+03 3.099999999999999966e-07
9.555000000000000000e+03 2.689999999999999934e-08
9.560000000000000000e+03 4.943390000000000116e-06
9.565000000000000000e+03 8.264600000000000459e-06
9.570000000000000000e+03 8.986789999999999384e-06
9.575000000000000000e+03 6.686959999999999416e-06
9.580000000000000000e+03 7.958210000000000162e-06
9.585000000000000000e+03 5.957819999999999651e-06
9.590000000000000000e+03 1.012400000000000166e-05
9.595000000000000000e+03 8.230509999999999232e-06
9.600000000000000000e+03 1.005398999999999994e-05
9.605000000000000000e+03 1.446852000000000018e-05
9.610000000000000000e+03 1.034317000000000079e-05
9.615000000000000000e+03 7.446880000000000096e-06
9.620000000000000000e+03 7.884450000000000380e-06
9.625000000000000000e+03 1.261242000000000113e-05
9.630000000000000000e+03 7.336709999999999421e-06
9.635000000000000000e+03 1.489379999999999960e-05
9.640000000000000000e+03 1.380684000000000078e-05
9.645000000000000000e+03 9.305840000000001013e-06
9.650000000000000000e+03 1.432815000000000104e-05
9.655000000000000000e+03 1.156233999999999881e-05
9.660000000000000000e+03 9.368469999999999768e-06
9.665000000000000000e+03 1.087829999999999883e-05
9.670000000000000000e+03 9.919280000000000344e-06
9.675000000000000000e+03 6.911610000000000729e-06
9.680000000000000000e+03 1.893839000000000080e-05
9.685000000000000000e+03 8.164220000000000244e-06
9.690000000000000000e+03 1.591329999999999890e-05
9.695000000000000000e+03 1.775204000000000156e-05
9.700000000000000000e+03 1.219791999999999857e-05
9.705000000000000000e+03 1.349644000000000118e-05
9.710000000000000000e+03 1.408349999999999992e-05
9.715000000000000000e+03 1.145182000000000075e-05
9.720000000000000000e+03 1.582324000000000065e-05
9.725000000000000000e+03 1.319547999999999957e-05
9.730000000000000000e+03 8.368279999999999439e-06
9.735000000000000000e+03 1.455988000000000128e-05
9.740000000000000000e+03 1.198543000000000088e-05
9.745000000000000000e+03 6.032560000000000227e-06
9.750000000000000000e+03 1.620143000000000253e-05
9.755000000000000000e+03 1.467084999999999863e-05
9.760000000000000000e+03 1.889472999999999926e-05
9.765000000000000000e+03 1.475849999999999939e-05
9.770000000000000000e+03 1.192163999999999891e-05
9.775000000000000000e+03 1.389166000000000008e-05
9.780000000000000000e+03 1.575739999999999926e-05
9.785000000000000000e+03 6.841649999999999963e-06
9.790000000000000000e+03 2.284205999999999997e-05
9.795000000000000000e+03 1.370123999999999962e-05
9.800000000000000000e+03 2.015872999999999935e-05
9.805000000000000000e+03 1.310020000000000038e-05
9.810000000000000000e+03 1.371942999999999987e-05
9.815000000000000000e+03 2.840621000000000327e-05
9.820000000000000000e+03 2.560328000000000129e-05
9.825000000000000000e+03 2.777681999999999946e-05
9.830000000000000000e+03 2.956084999999999667e-05
9.835000000000000000e+03 2.044392000000000060e-05
9.840000000000000000e+03 2.371986000000000027e-05
9.845000000000000000e+03 2.146841000000000000e-05
9.850000000000000000e+03 2.265126000000000173e-05
9.855000000000000000e+03 2.495354999999999760e-05
9.860000000000000000e+03 2.935019000000000164e-05
9.865000000000000000e+03 3.143614999999999886e-05
9.870000000000000000e+03 3.543492000000000327e-05
9.875000000000000000e+03 3.026295999999999866e-05
9.880000000000000000e+03 3.298488000000000190e-05
9.885000000000000000e+03 3.052093000000000324e-05
9.890000000000000000e+03 2.695529999999999923e-05
9.895000000000000000e+03 3.110574999999999945e-05
9.900000000000000000e+03 3.134590000000000087e-05
9.905000000000000000e+03 2.773486999999999895e-05
9.910000000000000000e+03 3.587669000000000090e-05
9.915000000000000000e+03 2.844976000000000051e-05
9.920000000000000000e+03 3.145375999999999749e-05
9.925000000000000000e+03 3.438928999999999885e-05
9.930000000000000000e+03 3.001053000000000217e-05
9.935000000000000000e+03 3.748291000000000058e-05
9.940000000000000000e+03 3.075322000000000369e-05
9.945000000000000000e+03 2.005663999999999979e-05
9.950000000000000000e+03 3.852542000000000358e-05
9.955000000000000000e+03 3.611173999999999791e-05
9.960000000000000000e+03 3.139182000000000127e-05
9.965000000000000000e+03 2.936497999999999951e-05
9.970000000000000000e+03 3.525640999999999741e-05
9.975000000000000000e+03 3.806155999999999884e-05
9.980000000000000000e+03 3.910499999999999914e-05
9.985000000000000000e+03 3.524891000000000130e-05
9.990000000000000000e+03 3.432638999999999645e-05
9.995000000000000000e+03 3.317032000000000465e-05
1.000000000000000000e+04 3.534897000000000115e-05
1.000500000000000000e+04 3.041968999999999877e-05
1.001000000000000000e+04 3.167407000000000013e-05
1.001500000000000000e+04 3.089134999999999689e-05
1.002000000000000000e+04 2.562574000000000039e-05
1.002500000000000000e+04 3.098827000000000070e-05
1.003000000000000000e+04 2.627645000000000149e-05
1.003500000000000000e+04 2.961472000000000095e-05
1.004000000000000000e+04 4.108228999999999728e-05
1.004500000000000000e+04 2.795215000000000308e-05
1.005000000000000000e+04 3.739772000000000419e-05
1.005500000000000000e+04 2.908813999999999963e-05
1.006000000000000000e+04 3.772695999999999699e-05
1.006500000000000000e+04 2.999353999999999947e-05
1.007000000000000000e+04 3.375075999999999939e-05
1.007500000000000000e+04 2.954805999999999980e-05
1.008000000000000000e+04 3.502491999999999872e-05
1.008500000000000000e+04 3.010676999999999906e-05
1.009000000000000000e+04 3.067390000000000459e-05
1.009500000000000000e+04 4.175338999999999835e-05
1.010000000000000000e+04 3.656792000000000072e-05
1.010500000000000000e+04 2.805043000000000038e-05
1.011000000000000000e+04 3.266991999999999840e-05
1.011500000000000000e+04 3.646079000000000095e-05
1.012000000000000000e+04 3.714717000000000030e-05
1.012500000000000000e+04 3.271268999999999528e-05
1.013000000000000000e+04 3.460746000000000086e-05
1.013500000000000000e+04 3.045319999999999839e-05
1.014000000000000000e+04 2.706067999999999855e-05
1.014500000000000000e+04 3.378540000000000351e-05
1.015000000000000000e+04 3.657919999999999699e-05
1.015500000000000000e+04 4.344134999999999701e-05
1.016000000000000000e+04 3.448850000000000022e-05
1.016500000000000000e+04 3.162007999999999762e-05
1.017000000000000000e+04 3.337549999999999919e-05
1.017500000000000000e+04 3.388688000000000106e-05
1.018000000000000000e+04 3.818818000000000001e-05
1.018500000000000000e+04 3.541946999999999988e-05
1.019000000000000000e+04 3.225117999999999908e-05
1.019500000000000000e+04 3.134998000000000168e-05
1.020000000000000000e+04 3.626873000000000266e-05
1.020500000000000000e+04 3.558983999999999873e-05
1.021000000000000000e+04 3.046273999999999830e-05
1.021500000000000000e+04 3.855284999999999799e-05
1.022000000000000000e+04 3.329227000000000439e-05
1.022500000000000000e+04 3.952319000000000063e-05
1.023000000000000000e+04 3.496626000000000156e-05
1.023500000000000000e+04 3.707096000000000192e-05
1.024000000000000000e+04 3.408298999999999807e-05
1.024500000000000000e+04 3.964421000000000308e-05
1.025000000000000000e+04 3.444140999999999929e-05
1.025500000000000000e+04 4.276363000000000039e-05
1.026000000000000000e+04 3.136975000000000234e-05
1.026500000000000000e+04 3.528488000000000360e-05
1.027000000000000000e+04 4.037435000000000080e-05
1.027500000000000000e+04 4.447415999999999907e-05
1.028000000000000000e+04 3.878364000000000193e-05
1.028500000000000000e+04 4.477614000000000258e-05
1.029000000000000000e+04 3.746540999999999609e-05
1.029500000000000000e+04 4.080109999999999802e-05
1.030000000000000000e+04 4.568509999999999395e-05
1.030500000000000000e+04 4.240701000000000312e-05
1.031000000000000000e+04 4.538493999999999580e-05
1.031500000000000000e+04 4.396128000000000069e-05
1.032000000000000000e+04 4.741709999999999702e-05
1.032500000000000000e+04 4.635079000000000282e-05
1.033000000000000000e+04 4.699963999999999916e-05
1.033500000000000000e+04 4.567188999999999819e-05
1.034000000000000000e+04 4.382488000000000654e-05
1.034500000000000000e+04 5.605571000000000002e-05
1.035000000000000000e+04 5.246247999999999987e-05
1.035500000000000000e+04 4.602307000000000116e-05
1.036000000000000000e+04 4.517588999999999481e-05
1.036500000000000000e+04 5.115447000000000424e-05
1.037000000000000000e+04 5.176420999999999545e-05
1.037500000000000000e+04 5.008504999999999576e-05
1.038000000000000000e+04 5.082345000000000211e-05
1.038500000000000000e+04 5.708160999999999980e-05
1.039000000000000000e+04 5.410273999999999558e-05
1.039500000000000000e+04 4.967904999999999999e-05
1.040000000000000000e+04 5.205905999999999484e-05
1.040500000000000000e+04 5.426425999999999873e-05
1.041000000000000000e+04 6.063136000000000084e-05
1.041500000000000000e+04 5.730205000000000476e-05
1.042000000000000000e+04 5.952410000000000155e-05
1.042500000000000000e+04 5.719813999999999986e-05
1.043000000000000000e+04 5.199170999999999963e-05
1.043500000000000000e+04 6.022417999999999706e-05
1.044000000000000000e+04 5.822034000000000508e-05
1.044500000000000000e+04 6.752296999999999499e-05
1.045000000000000000e+04 6.648601000000000077e-05
1.045500000000000000e+04 6.179411000000000593e-05
1.046000000000000000e+04 6.388142999999999664e-05
1.046500000000000000e+04 6.744161999999999618e-05
1.047000000000000000e+04 6.432481000000000526e-05
1.047500000000000000e+04 7.109291999999999966e-05
1.048000000000000000e+04 7.485040000000000421e-05
1.048500000000000000e+04 8.016555999999998739e-05
1.049000000000000000e+04 7.300539999999999731e-05
1.049500000000000000e+04 6.657659999999999544e-05
1.050000000000000000e+04 7.129736000000000341e-05
1.050500000000000000e+04 7.170924000000000395e-05
1.051000000000000000e+04 7.478211999999999815e-05
1.051500000000000000e+04 8.101239999999999028e-05
1.052000000000000000e+04 9.106995999999999093e-05
1.052500000000000000e+04 8.724940000000000527e-05
1.053000000000000000e+04 9.131634000000000127e-05
1.053500000000000000e+04 8.468692000000000537e-05
1.054000000000000000e+04 8.807985000000001356e-05
1.054500000000000000e+04 8.779355000000000242e-05
1.055000000000000000e+04 9.643549000000000121e-05
1.055500000000000000e+04 9.535111000000001007e-05
1.056000000000000000e+04 1.033656099999999992e-04
1.056500000000000000e+04 9.510041999999999638e-05
1.057000000000000000e+04 1.057468899999999948e-04
1.057500000000000000e+04 1.032228199999999984e-04
1.058000000000000000e+04 9.707455999999999778e-05
1.058500000000000000e+04 1.048474599999999992e-04
1.059000000000000000e+04 1.104792199999999990e-04
1.059500000000000000e+04 1.149387299999999999e-04
1.060000000000000000e+04 1.164132200000000136e-04
1.060500000000000000e+04 1.100259600000000039e-04
1.061000000000000000e+04 1.192580100000000031e-04
1.061500000000000000e+04 1.126208799999999963e-04
1.062000000000000000e+04 1.222642399999999832e-04
1.062500000000000000e+04 1.274919799999999902e-04
1.063000000000000000e+04 1.288209500000000020e-04
1.063500000000000000e+04 1.338057300000000075e-04
1.064000000000000000e+04 1.344233199999999922e-04
1.064500000000000000e+04 1.334167300000000083e-04
1.065000000000000000e+04 1.420601099999999994e-04
1.065500000000000000e+04 1.362595799999999976e-04
1.066000000000000000e+04 1.370490599999999858e-04
1.066500000000000000e+04 1.483431299999999947e-04
1.067000000000000000e+04 1.452328299999999849e-04
1.067500000000000000e+04 1.502943500000000190e-04
1.068000000000000000e+04 1.510891900000000028e-04
1.068500000000000000e+04 1.633963899999999923e-04
1.069000000000000000e+04 1.610131000000000051e-04
1.069500000000000000e+04 1.679320299999999928e-04
1.070000000000000000e+04 1.627593999999999786e-04
1.070500000000000000e+04 1.680291299999999821e-04
1.071000000000000000e+04 1.795222100000000215e-04
1.071500000000000000e+04 1.868786299999999987e-04
1.072000000000000000e+04 1.744530399999999807e-04
1.072500000000000000e+04 1.784053599999999950e-04
1.073000000000000000e+04 1.879637500000000145e-04
1.073500000000000000e+04 1.864615800000000024e-04
1.074000000000000000e+04 1.901634600000000070e-04
1.074500000000000000e+04 1.882417299999999993e-04
1.075000000000000000e+04 2.019923900000000002e-04
1.075500000000000000e+04 1.958551800000000000e-04
1.076000000000000000e+04 2.005274199999999883e-04
1.076500000000000000e+04 2.097412800000000160e-04
1.077000000000000000e+04 2.087138799999999994e-04
1.077500000000000000e+04 2.081568699999999971e-04
1.078000000000000000e+04 2.110155999999999859e-04
1.078500000000000000e+04 2.102972900000000026e-04
1.079000000000000000e+04 2.217674799999999993e-04
1.079500000000000000e+04 2.215236199999999890e-04
1.080000000000000000e+04 2.274540400000000108e-04
1.080500000000000000e+04 2.274466099999999924e-04
1.081000000000000000e+04 2.274007000000000198e-04
1.081500000000000000e+04 2.337731400000000093e-04
1.082000000000000000e+04 2.302653500000000162e-04
1.082500000000000000e+04 2.284594100000000177e-04
1.083000000000000000e+04 2.386494200000000140e-04
1.083500000000000000e+04 2.431039700000000203e-04
1.084000000000000000e+04 2.471181200000000097e-04
1.084500000000000000e+04 2.488320500000000090e-04
1.085000000000000000e+04 2.485824600000000181e-04
1.085500000000000000e+04 2.463972600000000242e-04
1.086000000000000000e+04 2.546618699999999864e-04
1.086500000000000000e+04 2.476704299999999814e-04
1.087000000000000000e+04 2.611050399999999771e-04
1.087500000000000000e+04 2.588859400000000240e-04
1.088000000000000000e+04 2.634013599999999924e-04
1.088500000000000000e+04 2.662494000000000059e-04
1.089000000000000000e+04 2.711299400000000376e-04
1.089500000000000000e+04 2.732636600000000080e-04
1.090000000000000000e+04 2.749301099999999927e-04
1.090500000000000000e+04 2.785093199999999947e-04
1.091000000000000000e+04 2.781751800000000115e-04
1.091500000000000000e+04 2.831315999999999846e-04
1.092000000000000000e+04 2.865327700000000000e-04
1.092500000000000000e+04 2.847488799999999855e-04
1.093000000000000000e+04 2.801174100000000168e-04
1.093500000000000000e+04 2.840135999999999941e-04
1.094000000000000000e+04 2.898620999999999772e-04
1.094500000000000000e+04 2.868810999999999866e-04
1.095000000000000000e+04 3.021724199999999681e-04
1.095500000000000000e+04 3.021857700000000211e-04
1.096000000000000000e+04 2.942654499999999796e-04
1.096500000000000000e+04 2.950642599999999836e-04
1.097000000000000000e+04 3.069448799999999742e-04
1.097500000000000000e+04 3.041714399999999752e-04
1.098000000000000000e+04 3.060901900000000185e-04
1.098500000000000000e+04 3.035837799999999836e-04
1.099000000000000000e+04 3.007759499999999777e-04
1.099500000000000000e+04 3.027741600000000231e-04
1.100000000000000000e+04 3.136536899999999538e-04
