3.260000000000000000e+03 2.334659279749103089e-01
3.265000000000000000e+03 2.420945139695529491e-01
3.270000000000000000e+03 2.509629302635781878e-01
3.275000000000000000e+03 2.598572553321126799e-01
3.280000000000000000e+03 2.689861126719587103e-01
3.285000000000000000e+03 2.782807893827594636e-01
3.290000000000000000e+03 2.878134503906650266e-01
3.295000000000000000e+03 2.976779839144479967e-01
3.300000000000000000e+03 3.077943256826741747e-01
3.305000000000000000e+03 3.183419789960141300e-01
3.310000000000000000e+03 3.291616584295948278e-01
3.315000000000000000e+03 3.405958252782189111e-01
3.320000000000000000e+03 3.523340172861620934e-01
3.325000000000000000e+03 3.646574774758266080e-01
3.330000000000000000e+03 3.773158618710872880e-01
3.335000000000000000e+03 3.905295748974761394e-01
3.340000000000000000e+03 4.041074441446416143e-01
3.345000000000000000e+03 4.130070139567193488e-01
3.350000000000000000e+03 4.220727902758866779e-01
3.355000000000000000e+03 4.314935314243028563e-01
3.360000000000000000e+03 4.410947684175304251e-01
3.365000000000000000e+03 4.509747465896230545e-01
3.370000000000000000e+03 4.610463123143421771e-01
3.375000000000000000e+03 4.711937341864072537e-01
3.380000000000000000e+03 4.815352603339486670e-01
3.385000000000000000e+03 4.919660711341891646e-01
3.390000000000000000e+03 5.025936176982820358e-01
3.395000000000000000e+03 5.131225019654660491e-01
3.400000000000000000e+03 5.238430038085994944e-01
3.405000000000000000e+03 5.344222014261859055e-01
3.410000000000000000e+03 5.451861570336112850e-01
3.415000000000000000e+03 5.558601889585873534e-01
3.420000000000000000e+03 5.667139441953406021e-01
3.425000000000000000e+03 5.771820993100774677e-01
3.430000000000000000e+03 5.878145178240584690e-01
3.435000000000000000e+03 5.979584519515340757e-01
3.440000000000000000e+03 6.082485420622799621e-01
3.445000000000000000e+03 6.177943805093857321e-01
3.450000000000000000e+03 6.274617753988708246e-01
3.455000000000000000e+03 6.365258048907594945e-01
3.460000000000000000e+03 6.456927638821245985e-01
3.465000000000000000e+03 6.542202079679511062e-01
3.470000000000000000e+03 6.628325343858482155e-01
3.475000000000000000e+03 6.707922890812274552e-01
3.480000000000000000e+03 6.788201640888824606e-01
3.485000000000000000e+03 6.861897220014516741e-01
3.490000000000000000e+03 6.936120837929240501e-01
3.495000000000000000e+03 7.004232769865014196e-01
3.500000000000000000e+03 7.072743880406199279e-01
3.505000000000000000e+03 7.094305307461699073e-01
3.510000000000000000e+03 7.115954233619705693e-01
3.515000000000000000e+03 7.132709300706699951e-01
3.520000000000000000e+03 7.149446490766954154e-01
3.525000000000000000e+03 7.162028640094797449e-01
3.530000000000000000e+03 7.174577097018288718e-01
3.535000000000000000e+03 7.184107957290774005e-01
3.540000000000000000e+03 7.193596728843464350e-01
3.545000000000000000e+03 7.200544299371460788e-01
3.550000000000000000e+03 7.207372173732262688e-01
3.555000000000000000e+03 7.213331277865773217e-01
3.560000000000000000e+03 7.219242534668098843e-01
3.565000000000000000e+03 7.224236356083365562e-01
3.570000000000000000e+03 7.229180289954891814e-01
3.575000000000000000e+03 7.235286466615873380e-01
3.580000000000000000e+03 7.241344979028299100e-01
3.585000000000000000e+03 7.249468750657631633e-01
3.590000000000000000e+03 7.257533058263494485e-01
3.595000000000000000e+03 7.269381544223854075e-01
3.600000000000000000e+03 7.281198540977876776e-01
3.605000000000000000e+03 7.296566839320764997e-01
3.610000000000000000e+03 7.311917112549151110e-01
3.615000000000000000e+03 7.331400281037772082e-01
3.620000000000000000e+03 7.350885070392466636e-01
3.625000000000000000e+03 7.374892210047319097e-01
3.630000000000000000e+03 7.398931466280124214e-01
3.635000000000000000e+03 7.428098069490973732e-01
3.640000000000000000e+03 7.457329161927764849e-01
3.645000000000000000e+03 7.491388950368054189e-01
3.650000000000000000e+03 7.525552893680426125e-01
3.655000000000000000e+03 7.551191611854739527e-01
3.660000000000000000e+03 7.576891905334797173e-01
3.665000000000000000e+03 7.607255521688915945e-01
3.670000000000000000e+03 7.637713592739365787e-01
3.675000000000000000e+03 7.672483472453781594e-01
3.680000000000000000e+03 7.707374145904587470e-01
3.685000000000000000e+03 7.746595253277412940e-01
3.690000000000000000e+03 7.785984515236658021e-01
3.695000000000000000e+03 7.829326378479437576e-01
3.700000000000000000e+03 7.872876093626182126e-01
3.705000000000000000e+03 7.913163715902387096e-01
3.710000000000000000e+03 7.953630092933205997e-01
3.715000000000000000e+03 7.996911292230169943e-01
3.720000000000000000e+03 8.040388812712158106e-01
3.725000000000000000e+03 8.086071761650065470e-01
3.730000000000000000e+03 8.131984085882940638e-01
3.735000000000000000e+03 8.179404422763048021e-01
3.740000000000000000e+03 8.227070405186104329e-01
3.745000000000000000e+03 8.275525676292871946e-01
3.750000000000000000e+03 8.324235285196792677e-01
3.755000000000000000e+03 8.373112772840659579e-01
3.760000000000000000e+03 8.422246417646575001e-01
3.765000000000000000e+03 8.470674878144783815e-01
3.770000000000000000e+03 8.519351879915514347e-01
3.775000000000000000e+03 8.566581493617314580e-01
3.780000000000000000e+03 8.613978485825084519e-01
3.785000000000000000e+03 8.659213427537553187e-01
3.790000000000000000e+03 8.704659096626905512e-01
3.795000000000000000e+03 8.747265039320842872e-01
3.800000000000000000e+03 8.790054696142287627e-01
3.805000000000000000e+03 8.825431224792257279e-01
3.810000000000000000e+03 8.860931403755544222e-01
3.815000000000000000e+03 8.892601231433895359e-01
3.820000000000000000e+03 8.924367401749577766e-01
3.825000000000000000e+03 8.951903883177881882e-01
3.830000000000000000e+03 8.979510137905750700e-01
3.835000000000000000e+03 9.002561451156528838e-01
3.840000000000000000e+03 9.025643528299419627e-01
3.845000000000000000e+03 9.043956325409499009e-01
3.850000000000000000e+03 9.062293390718606512e-01
3.855000000000000000e+03 9.075914961745538134e-01
3.860000000000000000e+03 9.089544191461027545e-01
3.865000000000000000e+03 9.098110994546997343e-01
3.870000000000000000e+03 9.106673026612019939e-01
3.875000000000000000e+03 9.110246492104701055e-01
3.880000000000000000e+03 9.113808029083011464e-01
3.885000000000000000e+03 9.112547087912733490e-01
3.890000000000000000e+03 9.111272126183749265e-01
3.895000000000000000e+03 9.105669393965546421e-01
3.900000000000000000e+03 9.100062852236012745e-01
3.905000000000000000e+03 9.087098938946309712e-01
3.910000000000000000e+03 9.074138507433965328e-01
3.915000000000000000e+03 9.057483623896821490e-01
3.920000000000000000e+03 9.040843038780469465e-01
3.925000000000000000e+03 9.020936268837457250e-01
3.930000000000000000e+03 9.001055841289115067e-01
3.935000000000000000e+03 8.978372141100435799e-01
3.940000000000000000e+03 8.955727051997667276e-01
3.945000000000000000e+03 8.930819905524879365e-01
3.950000000000000000e+03 8.905962727861411743e-01
3.955000000000000000e+03 8.879216130004299323e-01
3.960000000000000000e+03 8.852529950005691983e-01
3.965000000000000000e+03 8.824526942148229747e-01
3.970000000000000000e+03 8.796592433558134694e-01
3.975000000000000000e+03 8.767832563550626013e-01
3.980000000000000000e+03 8.739096311400657013e-01
3.985000000000000000e+03 8.709904495915964384e-01
3.990000000000000000e+03 8.680790857450234599e-01
3.995000000000000000e+03 8.650681291768272940e-01
4.000000000000000000e+03 8.620656426046279242e-01
4.005000000000000000e+03 8.591291719009463979e-01
4.010000000000000000e+03 8.562010162619237974e-01
4.015000000000000000e+03 8.533654937907774185e-01
4.020000000000000000e+03 8.505378115434211184e-01
4.025000000000000000e+03 8.476571494366236248e-01
4.030000000000000000e+03 8.447846698713361580e-01
4.035000000000000000e+03 8.422573531763037913e-01
4.040000000000000000e+03 8.397363708708149854e-01
4.045000000000000000e+03 8.373993495513568641e-01
4.050000000000000000e+03 8.350677704225737408e-01
4.055000000000000000e+03 8.328587943590268772e-01
4.060000000000000000e+03 8.306532400991547549e-01
4.065000000000000000e+03 8.286708890785275949e-01
4.070000000000000000e+03 8.266925357522320050e-01
4.075000000000000000e+03 8.249607340301425840e-01
4.080000000000000000e+03 8.232319688849365491e-01
4.085000000000000000e+03 8.217477195668877465e-01
4.090000000000000000e+03 8.202656714219708212e-01
4.095000000000000000e+03 8.190266254412409408e-01
4.100000000000000000e+03 8.177890689293971782e-01
4.105000000000000000e+03 8.168080230402056108e-01
4.110000000000000000e+03 8.158278474184573748e-01
4.115000000000000000e+03 8.151058960719277380e-01
4.120000000000000000e+03 8.143843293868313626e-01
4.125000000000000000e+03 8.139176055483876571e-01
4.130000000000000000e+03 8.134509254337308759e-01
4.135000000000000000e+03 8.132047487445204226e-01
4.140000000000000000e+03 8.129584067770202482e-01
4.145000000000000000e+03 8.129950232403261312e-01
4.150000000000000000e+03 8.130314124717922253e-01
4.155000000000000000e+03 8.132961639692342093e-01
4.160000000000000000e+03 8.135607420897122966e-01
4.165000000000000000e+03 8.140403129292363982e-01
4.170000000000000000e+03 8.145198608377841598e-01
4.175000000000000000e+03 8.151993235845154118e-01
4.180000000000000000e+03 8.158789904759051748e-01
4.185000000000000000e+03 8.167383205005036562e-01
4.190000000000000000e+03 8.175981308448866391e-01
4.195000000000000000e+03 8.186210101692921182e-01
4.200000000000000000e+03 8.196501392960687804e-01
4.205000000000000000e+03 8.208086655210656835e-01
4.210000000000000000e+03 8.219682575671469760e-01
4.215000000000000000e+03 8.232529058777768860e-01
4.220000000000000000e+03 8.245389172922372722e-01
4.225000000000000000e+03 8.259230455424669826e-01
4.230000000000000000e+03 8.273087895335263786e-01
4.235000000000000000e+03 8.287656973218094913e-01
4.240000000000000000e+03 8.302244066248259946e-01
4.245000000000000000e+03 8.317433961689384425e-01
4.250000000000000000e+03 8.332643454260063587e-01
4.255000000000000000e+03 8.348243858400536954e-01
4.260000000000000000e+03 8.363864799765904356e-01
4.265000000000000000e+03 8.379741027409212117e-01
4.270000000000000000e+03 8.395638260716808965e-01
4.275000000000000000e+03 8.411523165769065891e-01
4.280000000000000000e+03 8.427395023005013197e-01
4.285000000000000000e+03 8.442916906234566587e-01
4.290000000000000000e+03 8.458457872535420918e-01
4.295000000000000000e+03 8.473610226644172627e-01
4.300000000000000000e+03 8.488780140191874990e-01
4.305000000000000000e+03 8.503388097309582117e-01
4.310000000000000000e+03 8.518011622469153776e-01
4.315000000000000000e+03 8.531915827443734557e-01
4.320000000000000000e+03 8.545833261628884570e-01
4.325000000000000000e+03 8.558888139686468000e-01
4.330000000000000000e+03 8.571953679258624836e-01
4.335000000000000000e+03 8.584029689621308634e-01
4.340000000000000000e+03 8.596113684187431936e-01
4.345000000000000000e+03 8.607098221987711240e-01
4.350000000000000000e+03 8.618088084199319043e-01
4.355000000000000000e+03 8.627961937441659401e-01
4.360000000000000000e+03 8.637859297320847896e-01
4.365000000000000000e+03 8.646479782243207124e-01
4.370000000000000000e+03 8.655100922188029289e-01
4.375000000000000000e+03 8.662388928090857254e-01
4.380000000000000000e+03 8.669675562208377650e-01
4.385000000000000000e+03 8.675590846231905351e-01
4.390000000000000000e+03 8.681503110899009279e-01
4.395000000000000000e+03 8.686022439398969341e-01
4.400000000000000000e+03 8.690537534829485544e-01
4.405000000000000000e+03 8.693653982216981158e-01
4.410000000000000000e+03 8.696761810885924593e-01
4.415000000000000000e+03 8.698480080718727914e-01
4.420000000000000000e+03 8.700193040624201180e-01
4.425000000000000000e+03 8.700540172023180086e-01
4.430000000000000000e+03 8.700882126876433587e-01
4.435000000000000000e+03 8.699914712203097311e-01
4.440000000000000000e+03 8.698942648428783508e-01
4.445000000000000000e+03 8.696775938610261658e-01
4.450000000000000000e+03 8.694605466757681089e-01
4.455000000000000000e+03 8.691266645993274143e-01
4.460000000000000000e+03 8.687925190324188307e-01
4.465000000000000000e+03 8.683737699420408518e-01
4.470000000000000000e+03 8.679548788193961473e-01
4.475000000000000000e+03 8.674449422304890689e-01
4.480000000000000000e+03 8.669400942988536585e-01
4.485000000000000000e+03 8.663467856412198076e-01
4.490000000000000000e+03 8.657535986446245335e-01
4.495000000000000000e+03 8.650451136245266293e-01
4.500000000000000000e+03 8.643369328480225988e-01
4.505000000000000000e+03 8.635584285123055759e-01
4.510000000000000000e+03 8.627803701541315595e-01
4.515000000000000000e+03 8.619635813466536289e-01
4.520000000000000000e+03 8.611473346214556512e-01
4.525000000000000000e+03 8.602849792031697085e-01
4.530000000000000000e+03 8.594224512256327664e-01
4.535000000000000000e+03 8.584881310813079480e-01
4.540000000000000000e+03 8.575546079610721906e-01
4.545000000000000000e+03 8.565957040753839902e-01
4.550000000000000000e+03 8.556376568765857726e-01
4.555000000000000000e+03 8.546765649406259380e-01
4.560000000000000000e+03 8.537163397545225463e-01
4.565000000000000000e+03 8.527529356233761737e-01
4.570000000000000000e+03 8.517904008709449304e-01
4.575000000000000000e+03 8.508818839090385167e-01
4.580000000000000000e+03 8.499741261274555981e-01
4.585000000000000000e+03 8.490830212769007179e-01
4.590000000000000000e+03 8.481926285796741460e-01
4.595000000000000000e+03 8.473281916850862183e-01
4.600000000000000000e+03 8.464723760008944220e-01
4.605000000000000000e+03 8.456357995660692684e-01
4.610000000000000000e+03 8.447997791963540726e-01
4.615000000000000000e+03 8.440051648055028055e-01
4.620000000000000000e+03 8.432110057530723957e-01
4.625000000000000000e+03 8.424538323257886319e-01
4.630000000000000000e+03 8.416970183577067166e-01
4.635000000000000000e+03 8.409961638840229847e-01
4.640000000000000000e+03 8.402955475389936035e-01
4.645000000000000000e+03 8.396952847094364403e-01
4.650000000000000000e+03 8.390895188133897786e-01
4.655000000000000000e+03 8.385477511873021816e-01
4.660000000000000000e+03 8.380059564489227286e-01
4.665000000000000000e+03 8.375319816680432128e-01
4.670000000000000000e+03 8.370578730957547453e-01
4.675000000000000000e+03 8.366269232530298972e-01
4.680000000000000000e+03 8.361957537593615042e-01
4.685000000000000000e+03 8.358409973738558651e-01
4.690000000000000000e+03 8.354859271820092026e-01
4.695000000000000000e+03 8.352011319475030060e-01
4.700000000000000000e+03 8.349159429298874668e-01
4.705000000000000000e+03 8.347135293961083224e-01
4.710000000000000000e+03 8.345106543639559948e-01
4.715000000000000000e+03 8.344235082294139128e-01
4.720000000000000000e+03 8.343358698514926619e-01
4.725000000000000000e+03 8.343252482907433931e-01
4.730000000000000000e+03 8.343141139578590382e-01
4.735000000000000000e+03 8.343792729122555540e-01
4.740000000000000000e+03 8.344439163733398113e-01
4.745000000000000000e+03 8.345632994903989799e-01
4.750000000000000000e+03 8.346821573548078854e-01
4.755000000000000000e+03 8.348782510495601494e-01
4.760000000000000000e+03 8.350738492819214098e-01
4.765000000000000000e+03 8.353608808052083168e-01
4.770000000000000000e+03 8.356474912285571932e-01
4.775000000000000000e+03 8.360012358114840003e-01
4.780000000000000000e+03 8.363584446563792074e-01
4.785000000000000000e+03 8.367802820922233265e-01
4.790000000000000000e+03 8.372018356112884696e-01
4.795000000000000000e+03 8.376733059273118176e-01
4.800000000000000000e+03 8.381445467254469150e-01
4.805000000000000000e+03 8.386752633108516264e-01
4.810000000000000000e+03 8.392058422658846828e-01
4.815000000000000000e+03 8.398000781951138194e-01
4.820000000000000000e+03 8.403942977733283026e-01
4.825000000000000000e+03 8.410367425971926325e-01
4.830000000000000000e+03 8.416792663867906921e-01
4.835000000000000000e+03 8.423653587059698467e-01
4.840000000000000000e+03 8.430513138661283046e-01
4.845000000000000000e+03 8.437730372829042036e-01
4.850000000000000000e+03 8.444950154303794143e-01
4.855000000000000000e+03 8.452452176228708591e-01
4.860000000000000000e+03 8.459957551800080244e-01
4.865000000000000000e+03 8.467759712461712107e-01
4.870000000000000000e+03 8.475566117619823814e-01
4.875000000000000000e+03 8.483595045795221390e-01
4.880000000000000000e+03 8.491628917373157392e-01
4.885000000000000000e+03 8.499836045439415066e-01
4.890000000000000000e+03 8.508048721260348390e-01
4.895000000000000000e+03 8.516707793360013268e-01
4.900000000000000000e+03 8.525373441499723981e-01
4.905000000000000000e+03 8.534127152043616826e-01
4.910000000000000000e+03 8.542887860569570169e-01
4.915000000000000000e+03 8.551208208342323536e-01
4.920000000000000000e+03 8.559535028979236015e-01
4.925000000000000000e+03 8.567815979759532130e-01
4.930000000000000000e+03 8.576103488909668782e-01
4.935000000000000000e+03 8.584294396409968275e-01
4.940000000000000000e+03 8.592491819546537180e-01
4.945000000000000000e+03 8.600780287649268940e-01
4.950000000000000000e+03 8.609075493716994432e-01
4.955000000000000000e+03 8.617186001661562011e-01
4.960000000000000000e+03 8.625302961746948993e-01
4.965000000000000000e+03 8.633189048938167964e-01
4.970000000000000000e+03 8.641081185147535537e-01
4.975000000000000000e+03 8.648602080904969069e-01
4.980000000000000000e+03 8.656128365674239378e-01
4.985000000000000000e+03 8.663324737147279908e-01
4.990000000000000000e+03 8.670481077811236226e-01
4.995000000000000000e+03 8.677380901482274478e-01
5.000000000000000000e+03 8.684284900530434559e-01
5.005000000000000000e+03 8.690497836692402389e-01
5.010000000000000000e+03 8.696713759378118525e-01
5.015000000000000000e+03 8.702518761670308134e-01
5.020000000000000000e+03 8.708326017566946353e-01
5.025000000000000000e+03 8.713474761654113054e-01
5.030000000000000000e+03 8.718624797388331293e-01
5.035000000000000000e+03 8.723314665719220651e-01
5.040000000000000000e+03 8.728005092632852291e-01
5.045000000000000000e+03 8.732213724345951888e-01
5.050000000000000000e+03 8.736422191204569199e-01
5.055000000000000000e+03 8.740344799723884783e-01
5.060000000000000000e+03 8.744353816952715741e-01
5.065000000000000000e+03 8.747892343461677322e-01
5.070000000000000000e+03 8.751429550058241746e-01
5.075000000000000000e+03 8.754433670935438672e-01
5.080000000000000000e+03 8.757435818610097567e-01
5.085000000000000000e+03 8.759725527080195473e-01
5.090000000000000000e+03 8.762012486679392476e-01
5.095000000000000000e+03 8.763723506008593844e-01
5.100000000000000000e+03 8.765431257103688534e-01
5.105000000000000000e+03 8.766763490347602161e-01
5.110000000000000000e+03 8.768092194804120165e-01
5.115000000000000000e+03 8.768868572886605595e-01
5.120000000000000000e+03 8.769641075262510910e-01
5.125000000000000000e+03 8.769861376914203088e-01
5.130000000000000000e+03 8.770077555117511414e-01
5.135000000000000000e+03 8.769588596709129158e-01
5.140000000000000000e+03 8.769095446736769883e-01
5.145000000000000000e+03 8.768076828077810969e-01
5.150000000000000000e+03 8.767053974678443717e-01
5.155000000000000000e+03 8.763902610272228388e-01
5.160000000000000000e+03 8.762350283900921522e-01
5.165000000000000000e+03 8.760433597219949853e-01
5.170000000000000000e+03 8.758512738868842185e-01
5.175000000000000000e+03 8.756085044578862941e-01
5.180000000000000000e+03 8.753653398936733776e-01
5.185000000000000000e+03 8.750731863008741618e-01
5.190000000000000000e+03 8.747806673359697083e-01
5.195000000000000000e+03 8.744293904310970200e-01
5.200000000000000000e+03 8.740778009684140315e-01
5.205000000000000000e+03 8.736822312626051357e-01
5.210000000000000000e+03 8.732863928340014459e-01
5.215000000000000000e+03 8.728484069940729562e-01
5.220000000000000000e+03 8.724058757858770274e-01
5.225000000000000000e+03 8.719221385239163125e-01
5.230000000000000000e+03 8.714382406039962170e-01
5.235000000000000000e+03 8.709154159711032239e-01
5.240000000000000000e+03 8.703924905618793950e-01
5.245000000000000000e+03 8.698331644664846207e-01
5.250000000000000000e+03 8.692738001274075144e-01
5.255000000000000000e+03 8.686668631401791574e-01
5.260000000000000000e+03 8.680599713898147218e-01
5.265000000000000000e+03 8.674220605605155177e-01
5.270000000000000000e+03 8.667842591736937274e-01
5.275000000000000000e+03 8.661175258148001710e-01
5.280000000000000000e+03 8.654651933039875233e-01
5.285000000000000000e+03 8.647954215004525214e-01
5.290000000000000000e+03 8.641258533358109339e-01
5.295000000000000000e+03 8.634324821964917129e-01
5.300000000000000000e+03 8.627393738190864969e-01
5.305000000000000000e+03 8.620247478254486895e-01
5.310000000000000000e+03 8.613104413911440993e-01
5.315000000000000000e+03 8.605741588613848858e-01
5.320000000000000000e+03 8.598382499225940556e-01
5.325000000000000000e+03 8.590832284198046676e-01
5.330000000000000000e+03 8.583210400050252931e-01
5.335000000000000000e+03 8.575433280919873003e-01
5.340000000000000000e+03 8.567661055370562329e-01
5.345000000000000000e+03 8.559804328567108822e-01
5.350000000000000000e+03 8.551952864310775615e-01
5.355000000000000000e+03 8.544002280059006527e-01
5.360000000000000000e+03 8.536057303042110522e-01
5.365000000000000000e+03 8.528033906246205165e-01
5.370000000000000000e+03 8.520016408543549247e-01
5.375000000000000000e+03 8.511957640980459816e-01
5.380000000000000000e+03 8.503904972988242106e-01
5.385000000000000000e+03 8.495810090118477431e-01
5.390000000000000000e+03 8.487721489753837778e-01
5.395000000000000000e+03 8.479610473471853593e-01
5.400000000000000000e+03 8.471505861011640048e-01
5.405000000000000000e+03 8.463597238648461474e-01
5.410000000000000000e+03 8.455694761023191397e-01
5.415000000000000000e+03 8.447815908370986948e-01
5.420000000000000000e+03 8.439943193271355337e-01
5.425000000000000000e+03 8.432104309245473939e-01
5.430000000000000000e+03 8.424271510542284958e-01
5.435000000000000000e+03 8.416490264402834987e-01
5.440000000000000000e+03 8.408714995904215117e-01
5.445000000000000000e+03 8.400799935809994956e-01
5.450000000000000000e+03 8.392943237728820449e-01
5.455000000000000000e+03 8.385178182620499632e-01
5.460000000000000000e+03 8.377418947574701846e-01
5.465000000000000000e+03 8.369610662035645854e-01
5.470000000000000000e+03 8.361808211863678286e-01
5.475000000000000000e+03 8.354176437191142002e-01
5.480000000000000000e+03 8.346550123878647698e-01
5.485000000000000000e+03 8.339040758332988412e-01
5.490000000000000000e+03 8.331536542590662897e-01
5.495000000000000000e+03 8.324158171095821235e-01
5.500000000000000000e+03 8.316784611172446384e-01
5.505000000000000000e+03 8.309474395634361965e-01
5.510000000000000000e+03 8.302168733755183050e-01
5.515000000000000000e+03 8.294956723631671247e-01
5.520000000000000000e+03 8.287738667083166533e-01
5.525000000000000000e+03 8.280676358282582639e-01
5.530000000000000000e+03 8.273617931644081658e-01
5.535000000000000000e+03 8.266923683827976932e-01
5.540000000000000000e+03 8.260232631525125102e-01
5.545000000000000000e+03 8.253706282343525880e-01
5.550000000000000000e+03 8.247182730048988608e-01
5.555000000000000000e+03 8.240830407059047680e-01
5.560000000000000000e+03 8.234480481820525277e-01
5.565000000000000000e+03 8.228304536359170029e-01
5.570000000000000000e+03 8.222130593917914565e-01
5.575000000000000000e+03 8.216005717149948984e-01
5.580000000000000000e+03 8.209882613143403285e-01
5.585000000000000000e+03 8.203942959781242994e-01
5.590000000000000000e+03 8.198004697056953116e-01
5.595000000000000000e+03 8.192251843056650440e-01
5.600000000000000000e+03 8.186500016390014789e-01
5.605000000000000000e+03 8.180934371299001251e-01
5.610000000000000000e+03 8.175369402780090500e-01
5.615000000000000000e+03 8.169992237948866531e-01
5.620000000000000000e+03 8.164615419494137827e-01
5.625000000000000000e+03 8.159426442115210731e-01
5.630000000000000000e+03 8.154237508008856938e-01
5.635000000000000000e+03 8.149358324023286970e-01
5.640000000000000000e+03 8.144478784086038869e-01
5.645000000000000000e+03 8.139785137334784038e-01
5.650000000000000000e+03 8.135090888284152166e-01
5.655000000000000000e+03 8.130578624888561423e-01
5.660000000000000000e+03 8.126065536301954051e-01
5.665000000000000000e+03 8.121733088590772365e-01
5.670000000000000000e+03 8.117399624151614423e-01
5.675000000000000000e+03 8.113129947508385120e-01
5.680000000000000000e+03 8.108859183719293595e-01
5.685000000000000000e+03 8.104767099650105333e-01
5.690000000000000000e+03 8.100673782770700937e-01
5.695000000000000000e+03 8.096756355505771996e-01
5.700000000000000000e+03 8.092837573904233528e-01
5.705000000000000000e+03 8.089165131737185988e-01
5.710000000000000000e+03 8.085491239233800753e-01
5.715000000000000000e+03 8.081976720401967684e-01
5.720000000000000000e+03 8.078460695049671791e-01
5.725000000000000000e+03 8.075125725725871284e-01
5.730000000000000000e+03 8.071803797187415697e-01
5.735000000000000000e+03 8.068629949095977860e-01
5.740000000000000000e+03 8.065454514299132960e-01
5.745000000000000000e+03 8.062480218394202369e-01
5.750000000000000000e+03 8.059504268467138077e-01
5.755000000000000000e+03 8.056676885151294876e-01
5.760000000000000000e+03 8.053847873942144853e-01
5.765000000000000000e+03 8.051164686988099284e-01
5.770000000000000000e+03 8.048479915191067979e-01
5.775000000000000000e+03 8.045936604029559902e-01
5.780000000000000000e+03 8.043391762582678961e-01
5.785000000000000000e+03 8.040909715015935877e-01
5.790000000000000000e+03 8.038426253270337662e-01
5.795000000000000000e+03 8.036071185211444146e-01
5.800000000000000000e+03 8.033714786537448083e-01
5.805000000000000000e+03 8.031444807933491026e-01
5.810000000000000000e+03 8.029173606886023107e-01
5.815000000000000000e+03 8.027014315344048745e-01
5.820000000000000000e+03 8.024853918549780252e-01
5.825000000000000000e+03 8.022804676422473635e-01
5.830000000000000000e+03 8.020754425566158918e-01
5.835000000000000000e+03 8.018812352221500461e-01
5.840000000000000000e+03 8.016869367374975797e-01
5.845000000000000000e+03 8.015031555641158878e-01
5.850000000000000000e+03 8.013192928391957848e-01
5.855000000000000000e+03 8.011564939753422765e-01
5.860000000000000000e+03 8.009936181436494440e-01
5.865000000000000000e+03 8.008409874216907420e-01
5.870000000000000000e+03 8.006882894420078722e-01
5.875000000000000000e+03 8.005459463529496222e-01
5.880000000000000000e+03 8.004035449261593937e-01
5.885000000000000000e+03 8.002711516745181219e-01
5.890000000000000000e+03 8.001387079149330228e-01
5.895000000000000000e+03 8.000090119296408009e-01
5.900000000000000000e+03 7.998792749005292357e-01
5.905000000000000000e+03 7.997551763963736127e-01
5.910000000000000000e+03 7.996310444997724032e-01
5.915000000000000000e+03 7.995165334201953522e-01
5.920000000000000000e+03 7.994019940915748634e-01
5.925000000000000000e+03 7.992914037939623517e-01
5.930000000000000000e+03 7.991807907580616988e-01
5.935000000000000000e+03 7.990790388159373370e-01
5.940000000000000000e+03 7.989772668892773932e-01
5.945000000000000000e+03 7.988839561594268668e-01
5.950000000000000000e+03 7.987906269899701650e-01
5.955000000000000000e+03 7.987058831558859762e-01
5.960000000000000000e+03 7.986211213854792490e-01
5.965000000000000000e+03 7.985561451574294534e-01
5.970000000000000000e+03 7.984911481593297555e-01
5.975000000000000000e+03 7.984344038236085295e-01
5.980000000000000000e+03 7.983776369815704932e-01
5.985000000000000000e+03 7.983294044913726850e-01
5.990000000000000000e+03 7.982811463386189077e-01
5.995000000000000000e+03 7.982412862621286465e-01
6.000000000000000000e+03 7.982013958984509605e-01
6.005000000000000000e+03 7.981593856964264155e-01
6.010000000000000000e+03 7.981173409382918971e-01
6.015000000000000000e+03 7.980840678044596181e-01
6.020000000000000000e+03 7.980507533167502388e-01
6.025000000000000000e+03 7.980265182401059532e-01
6.030000000000000000e+03 7.980022336323301380e-01
6.035000000000000000e+03 7.979871279939683149e-01
6.040000000000000000e+03 7.979719641421056942e-01
6.045000000000000000e+03 7.979635294263488499e-01
6.050000000000000000e+03 7.979550276364880679e-01
6.055000000000000000e+03 7.979560154435767494e-01
6.060000000000000000e+03 7.979569259771897016e-01
6.065000000000000000e+03 7.979672976633288561e-01
6.070000000000000000e+03 7.979775813407727902e-01
6.075000000000000000e+03 7.979976624782194605e-01
6.080000000000000000e+03 7.980176440460408083e-01
6.085000000000000000e+03 7.980505949710365865e-01
6.090000000000000000e+03 7.980834339774038888e-01
6.095000000000000000e+03 7.981268235518642618e-01
6.100000000000000000e+03 7.981700893706766831e-01
6.105000000000000000e+03 7.982239558012653724e-01
6.110000000000000000e+03 7.982776863631325659e-01
6.115000000000000000e+03 7.983427206685645983e-01
6.120000000000000000e+03 7.984076073866065437e-01
6.125000000000000000e+03 7.984920749030012255e-01
6.130000000000000000e+03 7.985763834578428755e-01
6.135000000000000000e+03 7.986719337577508071e-01
6.140000000000000000e+03 7.987673140575223263e-01
6.145000000000000000e+03 7.988741091140640904e-01
6.150000000000000000e+03 7.989807230468217725e-01
6.155000000000000000e+03 7.990990103429714830e-01
6.160000000000000000e+03 7.992171064351918375e-01
6.165000000000000000e+03 7.993357415582742487e-01
6.170000000000000000e+03 7.994541760906386241e-01
6.175000000000000000e+03 7.995850902999750431e-01
6.180000000000000000e+03 7.997129675254079917e-01
6.185000000000000000e+03 7.998530650296111766e-01
6.190000000000000000e+03 7.999929444434759063e-01
6.195000000000000000e+03 8.001460392095373075e-01
6.200000000000000000e+03 8.002989092173315999e-01
6.205000000000000000e+03 8.004694772611427034e-01
6.210000000000000000e+03 8.006398169485032801e-01
6.215000000000000000e+03 8.008234279629485863e-01
6.220000000000000000e+03 8.010068062410086176e-01
6.225000000000000000e+03 8.012039000660811094e-01
6.230000000000000000e+03 8.014007584097700976e-01
6.235000000000000000e+03 8.016115319522972849e-01
6.240000000000000000e+03 8.018220685517668533e-01
6.245000000000000000e+03 8.020482827395212233e-01
6.250000000000000000e+03 8.022742605599882948e-01
6.255000000000000000e+03 8.025139105198394462e-01
6.260000000000000000e+03 8.027533251968526073e-01
6.265000000000000000e+03 8.030069942554797224e-01
6.270000000000000000e+03 8.032604312781768119e-01
6.275000000000000000e+03 8.035280113083728137e-01
6.280000000000000000e+03 8.037953639547277263e-01
6.285000000000000000e+03 8.040770395348795230e-01
6.290000000000000000e+03 8.043584940561199215e-01
6.295000000000000000e+03 8.046487954344212490e-01
6.300000000000000000e+03 8.049419966827696671e-01
6.305000000000000000e+03 8.052527095459504070e-01
6.310000000000000000e+03 8.055632220924625608e-01
6.315000000000000000e+03 8.058884227565099589e-01
6.320000000000000000e+03 8.062134340522824072e-01
6.325000000000000000e+03 8.065533305145148324e-01
6.330000000000000000e+03 8.068930503962289391e-01
6.335000000000000000e+03 8.072526283363032906e-01
6.340000000000000000e+03 8.076120461610772905e-01
6.345000000000000000e+03 8.079861842694889829e-01
6.350000000000000000e+03 8.083601779907639839e-01
6.355000000000000000e+03 8.087490594047488379e-01
6.360000000000000000e+03 8.091378135823711348e-01
6.365000000000000000e+03 8.095408454808147303e-01
6.370000000000000000e+03 8.099437685374821783e-01
6.375000000000000000e+03 8.103546741602875025e-01
6.380000000000000000e+03 8.107654873737391021e-01
6.385000000000000000e+03 8.111906355158394755e-01
6.390000000000000000e+03 8.116157116657797266e-01
6.395000000000000000e+03 8.120550111645141733e-01
6.400000000000000000e+03 8.124942601057337788e-01
6.405000000000000000e+03 8.129473363523727070e-01
6.410000000000000000e+03 8.134003844132838834e-01
6.415000000000000000e+03 8.138673583727992211e-01
6.420000000000000000e+03 8.143343270838138137e-01
6.425000000000000000e+03 8.148220208613523585e-01
6.430000000000000000e+03 8.153097368983062143e-01
6.435000000000000000e+03 8.158100985849464637e-01
6.440000000000000000e+03 8.163105066140784460e-01
6.445000000000000000e+03 8.168231627880365719e-01
6.450000000000000000e+03 8.173358895506953603e-01
6.455000000000000000e+03 8.178605584439270215e-01
6.460000000000000000e+03 8.183846900783560141e-01
6.465000000000000000e+03 8.189044354939755133e-01
6.470000000000000000e+03 8.194242858549524167e-01
6.475000000000000000e+03 8.199560583623435317e-01
6.480000000000000000e+03 8.204879606976578366e-01
6.485000000000000000e+03 8.210309698552097357e-01
6.490000000000000000e+03 8.215741329309671492e-01
6.495000000000000000e+03 8.221281742021093741e-01
6.500000000000000000e+03 8.226823935147206113e-01
6.505000000000000000e+03 8.232470894288563823e-01
6.510000000000000000e+03 8.238119873480974631e-01
6.515000000000000000e+03 8.243969628267775462e-01
6.520000000000000000e+03 8.249821750590801139e-01
6.525000000000000000e+03 8.255767443284451890e-01
6.530000000000000000e+03 8.261715732988826888e-01
6.535000000000000000e+03 8.267751005042001111e-01
6.540000000000000000e+03 8.273789093126954208e-01
6.545000000000000000e+03 8.279907962561400270e-01
6.550000000000000000e+03 8.286029860057588792e-01
6.555000000000000000e+03 8.292127752757701975e-01
6.560000000000000000e+03 8.298228751607147347e-01
6.565000000000000000e+03 8.304397748071459251e-01
6.570000000000000000e+03 8.310570029791062296e-01
6.575000000000000000e+03 8.316807390023940316e-01
6.580000000000000000e+03 8.323048209060479596e-01
6.585000000000000000e+03 8.329402658534282855e-01
6.590000000000000000e+03 8.335776081384856928e-01
6.595000000000000000e+03 8.342201922676708570e-01
6.600000000000000000e+03 8.348631638818775347e-01
6.605000000000000000e+03 8.355226624593452556e-01
6.610000000000000000e+03 8.361825793672679197e-01
6.615000000000000000e+03 8.368464246631031056e-01
6.620000000000000000e+03 8.375107000127459678e-01
6.625000000000000000e+03 8.381779075477368002e-01
6.630000000000000000e+03 8.388455549656120835e-01
6.635000000000000000e+03 8.395157288912922233e-01
6.640000000000000000e+03 8.401863510910199118e-01
6.645000000000000000e+03 8.408588290635190532e-01
6.650000000000000000e+03 8.415317618711652958e-01
6.655000000000000000e+03 8.422032630456158797e-01
6.660000000000000000e+03 8.428752201142624134e-01
6.665000000000000000e+03 8.435478013329839042e-01
6.670000000000000000e+03 8.442208416648475655e-01
6.675000000000000000e+03 8.448936551495294101e-01
6.680000000000000000e+03 8.455669287464120387e-01
6.685000000000000000e+03 8.462392838331288525e-01
6.690000000000000000e+03 8.469120983668179115e-01
6.695000000000000000e+03 8.475830841294996754e-01
6.700000000000000000e+03 8.482545269202432792e-01
6.705000000000000000e+03 8.489273874312760482e-01
6.710000000000000000e+03 8.496007055380994100e-01
6.715000000000000000e+03 8.502707120289054732e-01
6.720000000000000000e+03 8.509411694875126386e-01
6.725000000000000000e+03 8.516073842413001138e-01
6.730000000000000000e+03 8.522740414953887678e-01
6.735000000000000000e+03 8.529358284589014794e-01
6.740000000000000000e+03 8.535980472779003403e-01
6.745000000000000000e+03 8.542486193499208014e-01
6.750000000000000000e+03 8.548996038043737977e-01
6.755000000000000000e+03 8.555442442895196953e-01
6.760000000000000000e+03 8.561892844757581500e-01
6.765000000000000000e+03 8.568276858630785586e-01
6.770000000000000000e+03 8.574664723748415263e-01
6.775000000000000000e+03 8.580978827099534634e-01
6.780000000000000000e+03 8.587296622237269306e-01
6.785000000000000000e+03 8.593532806748356290e-01
6.790000000000000000e+03 8.599772508616555511e-01
6.795000000000000000e+03 8.605945383881302702e-01
6.800000000000000000e+03 8.612121613581942281e-01
6.805000000000000000e+03 8.618200030472094042e-01
6.810000000000000000e+03 8.624267310900523009e-01
6.815000000000000000e+03 8.630207912937402082e-01
6.820000000000000000e+03 8.636151404933453124e-01
6.825000000000000000e+03 8.641980615087574424e-01
6.830000000000000000e+03 8.647812488681401177e-01
6.835000000000000000e+03 8.653522892526800403e-01
6.840000000000000000e+03 8.659235727172399644e-01
6.845000000000000000e+03 8.664827214838405345e-01
6.850000000000000000e+03 8.670420900799680197e-01
6.855000000000000000e+03 8.675883143782594509e-01
6.860000000000000000e+03 8.681347340446902150e-01
6.865000000000000000e+03 8.686673712930497171e-01
6.870000000000000000e+03 8.692001785594406504e-01
6.875000000000000000e+03 8.697185643860514404e-01
6.880000000000000000e+03 8.702370951107294417e-01
6.885000000000000000e+03 8.707404395036449918e-01
6.890000000000000000e+03 8.712439029898697562e-01
6.895000000000000000e+03 8.717319313374749523e-01
6.900000000000000000e+03 8.722200531382261479e-01
6.905000000000000000e+03 8.726896796607725992e-01
6.910000000000000000e+03 8.731593729301219131e-01
6.915000000000000000e+03 8.736122597004374324e-01
6.920000000000000000e+03 8.740651875901773726e-01
6.925000000000000000e+03 8.745008016909080473e-01
6.930000000000000000e+03 8.749364317168977223e-01
6.935000000000000000e+03 8.753541090980888617e-01
6.940000000000000000e+03 8.757717775292183093e-01
6.945000000000000000e+03 8.761707647227000573e-01
6.950000000000000000e+03 8.765697183521736768e-01
6.955000000000000000e+03 8.769500610696177034e-01
6.960000000000000000e+03 8.773303466679859275e-01
6.965000000000000000e+03 8.776910725752240516e-01
6.970000000000000000e+03 8.780517179131298589e-01
6.975000000000000000e+03 8.783926147775857896e-01
6.980000000000000000e+03 8.787334087264776494e-01
6.985000000000000000e+03 8.790536417249740220e-01
6.990000000000000000e+03 8.793754721734823310e-01
6.995000000000000000e+03 8.796775049303853233e-01
7.000000000000000000e+03 8.799793951340068032e-01
7.005000000000000000e+03 8.802580572159962591e-01
7.010000000000000000e+03 8.805365491931498312e-01
7.015000000000000000e+03 8.807932975114634022e-01
7.020000000000000000e+03 8.810498575727594428e-01
7.025000000000000000e+03 8.812757496866006068e-01
7.030000000000000000e+03 8.815014420540138174e-01
7.035000000000000000e+03 8.817048638317065423e-01
7.040000000000000000e+03 8.819080713023065288e-01
7.045000000000000000e+03 8.820981706487653895e-01
7.050000000000000000e+03 8.822880414268784444e-01
7.055000000000000000e+03 8.824557924445431967e-01
7.060000000000000000e+03 8.826233029993409973e-01
7.065000000000000000e+03 8.827572048441595376e-01
7.070000000000000000e+03 8.828908560468257116e-01
7.075000000000000000e+03 8.830007663883447933e-01
7.080000000000000000e+03 8.831104176741273459e-01
7.085000000000000000e+03 8.831964875594695563e-01
7.090000000000000000e+03 8.832822916223272980e-01
7.095000000000000000e+03 8.833451972525321327e-01
7.100000000000000000e+03 8.834078342236899584e-01
7.105000000000000000e+03 8.834468598618021584e-01
7.110000000000000000e+03 8.834856134699959895e-01
7.115000000000000000e+03 8.835120302212081667e-01
7.120000000000000000e+03 8.835381693193308239e-01
7.125000000000000000e+03 8.835408128173511955e-01
7.130000000000000000e+03 8.835431783277896134e-01
7.135000000000000000e+03 8.835071773393097239e-01
7.140000000000000000e+03 8.834709004573028102e-01
7.145000000000000000e+03 8.834104147731216550e-01
7.150000000000000000e+03 8.833496576448471860e-01
7.155000000000000000e+03 8.832804144133097335e-01
7.160000000000000000e+03 8.832109029457890781e-01
7.165000000000000000e+03 8.831180340416155961e-01
7.170000000000000000e+03 8.830243911799137146e-01
7.175000000000000000e+03 8.828963943123857572e-01
7.180000000000000000e+03 8.827681537792309019e-01
7.185000000000000000e+03 8.826165222583959302e-01
7.190000000000000000e+03 8.824646574879924099e-01
7.195000000000000000e+03 8.822894247129983158e-01
7.200000000000000000e+03 8.821139706148669601e-01
7.205000000000000000e+03 8.819269761451016265e-01
7.210000000000000000e+03 8.817397640830350047e-01
7.215000000000000000e+03 8.815297209667199985e-01
7.220000000000000000e+03 8.813194750188900750e-01
7.225000000000000000e+03 8.810675826691969359e-01
7.230000000000000000e+03 8.808155123868508518e-01
7.235000000000000000e+03 8.805403775768058106e-01
7.240000000000000000e+03 8.802650838244994169e-01
7.245000000000000000e+03 8.799864836154066561e-01
7.250000000000000000e+03 8.797077332325611287e-01
7.255000000000000000e+03 8.794075049450297277e-01
7.260000000000000000e+03 8.791071462139584680e-01
7.265000000000000000e+03 8.787728128293250673e-01
7.270000000000000000e+03 8.784383828806056060e-01
7.275000000000000000e+03 8.780826634218327209e-01
7.280000000000000000e+03 8.777268696892007727e-01
7.285000000000000000e+03 8.773499234942472302e-01
7.290000000000000000e+03 8.769729259800743693e-01
7.295000000000000000e+03 8.765878660732010497e-01
7.300000000000000000e+03 8.762027650783859034e-01
7.305000000000000000e+03 8.757975804637180284e-01
7.310000000000000000e+03 8.753923792338109688e-01
7.315000000000000000e+03 8.749452661150474153e-01
7.320000000000000000e+03 8.744981801258968623e-01
7.325000000000000000e+03 8.740312278417671221e-01
7.330000000000000000e+03 8.735643291798124155e-01
7.335000000000000000e+03 8.730982604237305100e-01
7.340000000000000000e+03 8.726322554597303327e-01
7.345000000000000000e+03 8.721479425525026086e-01
7.350000000000000000e+03 8.716637196873137094e-01
7.355000000000000000e+03 8.711616420526995253e-01
7.360000000000000000e+03 8.706596807582869246e-01
7.365000000000000000e+03 8.701273675901437521e-01
7.370000000000000000e+03 8.695952107609524750e-01
7.375000000000000000e+03 8.690459874262103090e-01
7.380000000000000000e+03 8.684969477293746909e-01
7.385000000000000000e+03 8.679477559576659340e-01
7.390000000000000000e+03 8.673987549659873952e-01
7.395000000000000000e+03 8.668326672515261899e-01
7.400000000000000000e+03 8.662660809611183454e-01
7.405000000000000000e+03 8.656710040971995479e-01
7.410000000000000000e+03 8.650761898070621347e-01
7.415000000000000000e+03 8.644667746166141420e-01
7.420000000000000000e+03 8.638576470260816986e-01
7.425000000000000000e+03 8.632343678225761208e-01
7.430000000000000000e+03 8.626114012529856323e-01
7.435000000000000000e+03 8.619892126939141530e-01
7.440000000000000000e+03 8.613673420882369536e-01
7.445000000000000000e+03 8.607326389577679704e-01
7.450000000000000000e+03 8.600982771903865620e-01
7.455000000000000000e+03 8.594325552503032650e-01
7.460000000000000000e+03 8.587672230283810437e-01
7.465000000000000000e+03 8.580903952574723270e-01
7.470000000000000000e+03 8.574139794940075499e-01
7.475000000000000000e+03 8.567269001900430503e-01
7.480000000000000000e+03 8.560402540752646283e-01
7.485000000000000000e+03 8.553634521949829983e-01
7.490000000000000000e+03 8.546870756780012846e-01
7.495000000000000000e+03 8.540012707703215078e-01
7.500000000000000000e+03 8.533159093910342996e-01
7.505000000000000000e+03 8.526051238962883971e-01
7.510000000000000000e+03 8.518948233988062890e-01
7.515000000000000000e+03 8.511765250381241321e-01
7.520000000000000000e+03 8.504587279774789010e-01
7.525000000000000000e+03 8.497479723509623328e-01
7.530000000000000000e+03 8.490377124013014365e-01
7.535000000000000000e+03 8.483210556833805649e-01
7.540000000000000000e+03 8.476049079447166568e-01
7.545000000000000000e+03 8.468830782998385542e-01
7.550000000000000000e+03 8.461617697123403614e-01
7.555000000000000000e+03 8.454211890977362254e-01
7.560000000000000000e+03 8.446811613712806865e-01
7.565000000000000000e+03 8.439367595043085757e-01
7.570000000000000000e+03 8.431929198423304683e-01
7.575000000000000000e+03 8.424595837338142434e-01
7.580000000000000000e+03 8.417267962808576698e-01
7.585000000000000000e+03 8.409915345588077074e-01
7.590000000000000000e+03 8.402568270730758071e-01
7.595000000000000000e+03 8.395202058720618865e-01
7.600000000000000000e+03 8.387884355885169008e-01
7.605000000000000000e+03 8.380408895135552649e-01
7.610000000000000000e+03 8.372939197027584601e-01
7.615000000000000000e+03 8.365464696180664461e-01
7.620000000000000000e+03 8.357995976000199834e-01
7.625000000000000000e+03 8.350553442940528148e-01
7.630000000000000000e+03 8.343116656198837910e-01
7.635000000000000000e+03 8.335687712736742361e-01
7.640000000000000000e+03 8.328264501023534550e-01
7.645000000000000000e+03 8.320855025441004083e-01
7.650000000000000000e+03 8.313451261551768612e-01
7.655000000000000000e+03 8.306215743467302293e-01
7.660000000000000000e+03 8.298985668520976189e-01
7.665000000000000000e+03 8.291783393698295423e-01
7.670000000000000000e+03 8.284586509929487974e-01
7.675000000000000000e+03 8.277280818488305103e-01
7.680000000000000000e+03 8.269980677826185289e-01
7.685000000000000000e+03 8.262720769870750548e-01
7.690000000000000000e+03 8.255466337386331288e-01
7.695000000000000000e+03 8.248260396277358186e-01
7.700000000000000000e+03 8.241059837604026717e-01
7.705000000000000000e+03 8.234030062610341316e-01
7.710000000000000000e+03 8.227005384536477672e-01
7.715000000000000000e+03 8.220042875543154270e-01
7.720000000000000000e+03 8.213085347538398029e-01
7.725000000000000000e+03 8.206194709320243641e-01
7.730000000000000000e+03 8.199308931588072946e-01
7.735000000000000000e+03 8.192363667497040147e-01
7.740000000000000000e+03 8.185423328287555478e-01
7.745000000000000000e+03 8.178566582905288929e-01
7.750000000000000000e+03 8.171714613063515431e-01
7.755000000000000000e+03 8.165042282686744146e-01
7.760000000000000000e+03 8.158374425370458205e-01
7.765000000000000000e+03 8.151803960792550763e-01
7.770000000000000000e+03 8.145237795637131351e-01
7.775000000000000000e+03 8.138743939391070992e-01
7.780000000000000000e+03 8.132214473382275433e-01
7.785000000000000000e+03 8.125701003964865832e-01
7.790000000000000000e+03 8.119191727205783415e-01
7.795000000000000000e+03 8.112795389480128572e-01
7.800000000000000000e+03 8.106403053308183226e-01
7.805000000000000000e+03 8.100258912011314427e-01
7.810000000000000000e+03 8.094118384013603285e-01
7.815000000000000000e+03 8.088100932700212908e-01
7.820000000000000000e+03 8.082086895248994374e-01
7.825000000000000000e+03 8.076201271613495658e-01
7.830000000000000000e+03 8.070318858879487189e-01
7.835000000000000000e+03 8.064459204392367964e-01
7.840000000000000000e+03 8.058602713480437219e-01
7.845000000000000000e+03 8.052883733935741750e-01
7.850000000000000000e+03 8.047167707403316550e-01
7.855000000000000000e+03 8.041595287727747454e-01
7.860000000000000000e+03 8.036025607042375229e-01
7.865000000000000000e+03 8.030756219559765929e-01
7.870000000000000000e+03 8.025489138559984692e-01
7.875000000000000000e+03 8.020376062886579449e-01
7.880000000000000000e+03 8.015265075257376193e-01
7.885000000000000000e+03 8.010161933764353703e-01
7.890000000000000000e+03 8.005060877808120035e-01
7.895000000000000000e+03 8.000122059412917430e-01
7.900000000000000000e+03 7.995185110574988263e-01
7.905000000000000000e+03 7.990414004224259958e-01
7.910000000000000000e+03 7.985644556785254089e-01
7.915000000000000000e+03 7.981154457609700437e-01
7.920000000000000000e+03 7.976665667071212162e-01
7.925000000000000000e+03 7.972351916581134068e-01
7.930000000000000000e+03 7.968039270032998278e-01
7.935000000000000000e+03 7.963904057332872322e-01
7.940000000000000000e+03 7.959769747088701886e-01
7.945000000000000000e+03 7.955708621171192485e-01
7.950000000000000000e+03 7.951648329295318840e-01
7.955000000000000000e+03 7.947774502536852914e-01
7.960000000000000000e+03 7.943903604066445689e-01
7.965000000000000000e+03 7.940240840825197877e-01
7.970000000000000000e+03 7.936578510817526855e-01
7.975000000000000000e+03 7.933262611240852191e-01
7.980000000000000000e+03 7.929946787806805286e-01
7.985000000000000000e+03 7.926828660034391794e-01
7.990000000000000000e+03 7.923710441631020007e-01
7.995000000000000000e+03 7.920633093516569190e-01
8.000000000000000000e+03 7.917555659191682915e-01
8.005000000000000000e+03 7.914679405528192158e-01
8.010000000000000000e+03 7.911802908590023220e-01
8.015000000000000000e+03 7.909132519500797764e-01
8.020000000000000000e+03 7.906461737204862894e-01
8.025000000000000000e+03 7.904100523795241084e-01
8.030000000000000000e+03 7.901738687637631653e-01
8.035000000000000000e+03 7.899586731325977107e-01
8.040000000000000000e+03 7.897434021950904270e-01
8.045000000000000000e+03 7.895489707059173412e-01
8.050000000000000000e+03 7.893544526931245420e-01
8.055000000000000000e+03 7.891707609214743124e-01
8.060000000000000000e+03 7.889869803671394344e-01
8.065000000000000000e+03 7.888243243456489751e-01
8.070000000000000000e+03 7.886615699455289397e-01
8.075000000000000000e+03 7.885203655058556915e-01
8.080000000000000000e+03 7.883790537757969785e-01
8.085000000000000000e+03 7.882702945012505236e-01
8.090000000000000000e+03 7.881614140366410837e-01
8.095000000000000000e+03 7.880743685488384997e-01
8.100000000000000000e+03 7.879871962143439879e-01
8.105000000000000000e+03 7.879218072176710219e-01
8.110000000000000000e+03 7.878562870932276363e-01
8.115000000000000000e+03 7.878013346192251909e-01
8.120000000000000000e+03 7.877462547887017497e-01
8.125000000000000000e+03 7.877229696619788557e-01
8.130000000000000000e+03 7.877042462055322547e-01
8.135000000000000000e+03 7.877245104967764977e-01
8.140000000000000000e+03 7.877446350873535952e-01
8.145000000000000000e+03 7.877869685284579759e-01
8.150000000000000000e+03 7.878291639406259650e-01
8.155000000000000000e+03 7.878779407515605904e-01
8.160000000000000000e+03 7.879265863336514242e-01
8.165000000000000000e+03 7.879975771748184421e-01
8.170000000000000000e+03 7.880684398539535840e-01
8.175000000000000000e+03 7.881616157387173471e-01
8.180000000000000000e+03 7.882546686278063541e-01
8.185000000000000000e+03 7.883700455011692920e-01
8.190000000000000000e+03 7.884853052832072606e-01
8.195000000000000000e+03 7.886337632553860333e-01
8.200000000000000000e+03 7.887821111509067951e-01
8.205000000000000000e+03 7.889535128076778925e-01
8.210000000000000000e+03 7.891256831755711909e-01
8.215000000000000000e+03 7.893201095969896164e-01
8.220000000000000000e+03 7.895144455818229323e-01
8.225000000000000000e+03 7.897204009135901925e-01
8.230000000000000000e+03 7.899262764661524328e-01
8.235000000000000000e+03 7.901543731000130188e-01
8.240000000000000000e+03 7.903824020665534134e-01
8.245000000000000000e+03 7.906324773858793842e-01
8.250000000000000000e+03 7.908824984635975941e-01
8.255000000000000000e+03 7.911492905808658049e-01
8.260000000000000000e+03 7.914100434320990862e-01
8.265000000000000000e+03 7.916924475418983809e-01
8.270000000000000000e+03 7.919748160260442482e-01
8.275000000000000000e+03 7.922789900829957377e-01
8.280000000000000000e+03 7.925831444459616737e-01
8.285000000000000000e+03 7.928980574704695972e-01
8.290000000000000000e+03 7.932129642615485254e-01
8.295000000000000000e+03 7.935494602465219538e-01
8.300000000000000000e+03 7.938859677078227151e-01
8.305000000000000000e+03 7.942436154616790978e-01
8.310000000000000000e+03 7.946012930274425345e-01
8.315000000000000000e+03 7.949801105159735037e-01
8.320000000000000000e+03 7.953598976051903247e-01
8.325000000000000000e+03 7.957609202979444296e-01
8.330000000000000000e+03 7.961620143691152673e-01
8.335000000000000000e+03 7.965835620256385141e-01
8.340000000000000000e+03 7.970052021764509886e-01
8.345000000000000000e+03 7.974583444055708403e-01
8.350000000000000000e+03 7.979116089788591548e-01
8.355000000000000000e+03 7.983850637857653476e-01
8.360000000000000000e+03 7.988586645138073816e-01
8.365000000000000000e+03 7.993522617374079209e-01
8.370000000000000000e+03 7.998460290591006272e-01
8.375000000000000000e+03 8.003484442048014458e-01
8.380000000000000000e+03 8.008510447509921137e-01
8.385000000000000000e+03 8.013730779669938631e-01
8.390000000000000000e+03 8.018953210881069049e-01
8.395000000000000000e+03 8.024366411782420938e-01
8.400000000000000000e+03 8.029830641009569892e-01
8.405000000000000000e+03 8.035634990006723655e-01
8.410000000000000000e+03 8.041442186326372976e-01
8.415000000000000000e+03 8.047435763553503207e-01
8.420000000000000000e+03 8.053432462733809416e-01
8.425000000000000000e+03 8.059609110215757433e-01
8.430000000000000000e+03 8.065789148538184961e-01
8.435000000000000000e+03 8.072035738664686821e-01
8.440000000000000000e+03 8.078285864554959339e-01
8.445000000000000000e+03 8.084711957348851286e-01
8.450000000000000000e+03 8.091141858666427433e-01
8.455000000000000000e+03 8.097740885999673566e-01
8.460000000000000000e+03 8.104343989490006006e-01
8.465000000000000000e+03 8.111227477796028040e-01
8.470000000000000000e+03 8.118115462925629133e-01
8.475000000000000000e+03 8.125165602300188361e-01
8.480000000000000000e+03 8.132220513523212846e-01
8.485000000000000000e+03 8.139435666125601765e-01
8.490000000000000000e+03 8.146655869688490537e-01
8.495000000000000000e+03 8.153924489653376906e-01
8.500000000000000000e+03 8.161274715247828215e-01
8.505000000000000000e+03 8.168775461868109655e-01
8.510000000000000000e+03 8.176281786126596840e-01
8.515000000000000000e+03 8.183933317933071994e-01
8.520000000000000000e+03 8.191590694057940825e-01
8.525000000000000000e+03 8.199405098801637592e-01
8.530000000000000000e+03 8.207225627063003959e-01
8.535000000000000000e+03 8.215181212386626353e-01
8.540000000000000000e+03 8.223143176422744727e-01
8.545000000000000000e+03 8.231236091117585252e-01
8.550000000000000000e+03 8.239335637909186438e-01
8.555000000000000000e+03 8.247559930449122056e-01
8.560000000000000000e+03 8.255791098447627929e-01
8.565000000000000000e+03 8.264120925409932372e-01
8.570000000000000000e+03 8.272457831460389155e-01
8.575000000000000000e+03 8.280910747996630406e-01
8.580000000000000000e+03 8.289370972087034550e-01
8.585000000000000000e+03 8.297941342248519314e-01
8.590000000000000000e+03 8.306519241916272556e-01
8.595000000000000000e+03 8.315258763193464908e-01
8.600000000000000000e+03 8.323968705094882958e-01
8.605000000000000000e+03 8.332777461565461508e-01
8.610000000000000000e+03 8.341594175652362608e-01
8.615000000000000000e+03 8.350503749604736292e-01
8.620000000000000000e+03 8.359421476176417398e-01
8.625000000000000000e+03 8.368315016730331068e-01
8.630000000000000000e+03 8.377216688476362139e-01
8.635000000000000000e+03 8.386201065657420406e-01
8.640000000000000000e+03 8.395193747777789373e-01
8.645000000000000000e+03 8.404262200209184908e-01
8.650000000000000000e+03 8.413339114111446637e-01
8.655000000000000000e+03 8.422603379183462025e-01
8.660000000000000000e+03 8.431876473559679619e-01
8.665000000000000000e+03 8.441213396131768132e-01
8.670000000000000000e+03 8.450559287043779566e-01
8.675000000000000000e+03 8.459962377512466603e-01
8.680000000000000000e+03 8.469374556618546324e-01
8.685000000000000000e+03 8.478710167748523263e-01
8.690000000000000000e+03 8.488054731824711263e-01
8.695000000000000000e+03 8.497441994237416862e-01
8.700000000000000000e+03 8.506838301296519855e-01
8.705000000000000000e+03 8.516276574546697287e-01
8.710000000000000000e+03 8.525723980892706555e-01
8.715000000000000000e+03 8.535203580844153981e-01
8.720000000000000000e+03 8.544692380637849416e-01
8.725000000000000000e+03 8.554337390916478823e-01
8.730000000000000000e+03 8.563991909714611106e-01
8.735000000000000000e+03 8.573664395997010468e-01
8.740000000000000000e+03 8.583333837837887614e-01
8.745000000000000000e+03 8.592998199128079051e-01
8.750000000000000000e+03 8.602672064669159013e-01
8.755000000000000000e+03 8.612239667823710088e-01
8.760000000000000000e+03 8.621816565236308794e-01
8.765000000000000000e+03 8.631391496291583865e-01
8.770000000000000000e+03 8.640975716693242159e-01
8.775000000000000000e+03 8.650552700026032937e-01
8.780000000000000000e+03 8.660138954857734550e-01
8.785000000000000000e+03 8.669771846250697855e-01
8.790000000000000000e+03 8.679414090245616276e-01
8.795000000000000000e+03 8.689034156043853319e-01
8.800000000000000000e+03 8.698663525301336685e-01
8.805000000000000000e+03 8.708262221446684270e-01
8.810000000000000000e+03 8.717870151787262545e-01
8.815000000000000000e+03 8.727439306620383697e-01
8.820000000000000000e+03 8.737017606336718867e-01
8.825000000000000000e+03 8.746484308561155441e-01
8.830000000000000000e+03 8.755959929641358164e-01
8.835000000000000000e+03 8.765384643689382305e-01
8.840000000000000000e+03 8.774818166308158141e-01
8.845000000000000000e+03 8.784189910797163270e-01
8.850000000000000000e+03 8.793570330282469705e-01
8.855000000000000000e+03 8.802925436622747180e-01
8.860000000000000000e+03 8.812289153891803561e-01
8.865000000000000000e+03 8.821575878546512595e-01
8.870000000000000000e+03 8.830871048401244261e-01
8.875000000000000000e+03 8.840082607510104662e-01
8.880000000000000000e+03 8.849302433754391295e-01
8.885000000000000000e+03 8.858375120568837691e-01
8.890000000000000000e+03 8.867455788272432526e-01
8.895000000000000000e+03 8.876439813886690677e-01
8.900000000000000000e+03 8.885431623173793980e-01
8.905000000000000000e+03 8.894099706762074176e-01
8.910000000000000000e+03 8.902774909353171617e-01
8.915000000000000000e+03 8.911336401575995492e-01
8.920000000000000000e+03 8.919904790766806091e-01
8.925000000000000000e+03 8.928461840415504724e-01
8.930000000000000000e+03 8.937025731325719535e-01
8.935000000000000000e+03 8.945455823497329151e-01
8.940000000000000000e+03 8.953892504261862229e-01
8.945000000000000000e+03 8.962190312160850381e-01
8.950000000000000000e+03 8.970494446809605948e-01
8.955000000000000000e+03 8.978543561269459738e-01
8.960000000000000000e+03 8.986598574519339966e-01
8.965000000000000000e+03 8.994498876234000573e-01
8.970000000000000000e+03 9.002404801663537182e-01
8.975000000000000000e+03 9.010152725420156328e-01
8.980000000000000000e+03 9.017905995698390909e-01
8.985000000000000000e+03 9.025375736970098206e-01
8.990000000000000000e+03 9.032818465071505987e-01
8.995000000000000000e+03 9.040178548620653176e-01
9.000000000000000000e+03 9.047543241619026011e-01
9.005000000000000000e+03 9.054722064953946159e-01
9.010000000000000000e+03 9.061905199681649092e-01
9.015000000000000000e+03 9.068889076511813530e-01
9.020000000000000000e+03 9.075876948005980882e-01
9.025000000000000000e+03 9.082571754461149505e-01
9.030000000000000000e+03 9.089267640207442378e-01
9.035000000000000000e+03 9.095711112597404391e-01
9.040000000000000000e+03 9.102157781309900830e-01
9.045000000000000000e+03 9.108390649071694822e-01
9.050000000000000000e+03 9.114626413996765875e-01
9.055000000000000000e+03 9.120640894857605652e-01
9.060000000000000000e+03 9.126657967798951221e-01
9.065000000000000000e+03 9.132679444875585473e-01
9.070000000000000000e+03 9.138824682021048362e-01
9.075000000000000000e+03 9.144728114805309449e-01
9.080000000000000000e+03 9.150634008101439232e-01
9.085000000000000000e+03 9.156289580657774874e-01
9.090000000000000000e+03 9.161947291081828926e-01
9.095000000000000000e+03 9.167335063430608333e-01
9.100000000000000000e+03 9.173370813635390864e-01
9.105000000000000000e+03 9.179147282274028319e-01
9.110000000000000000e+03 9.184925931527251342e-01
9.115000000000000000e+03 9.190438119312599463e-01
9.120000000000000000e+03 9.196013049075705270e-01
9.125000000000000000e+03 9.201536120135841434e-01
9.130000000000000000e+03 9.207060877286019629e-01
9.135000000000000000e+03 9.212321867261592523e-01
9.140000000000000000e+03 9.217584207467613977e-01
9.145000000000000000e+03 9.222554574784364023e-01
9.150000000000000000e+03 9.227525955637266852e-01
9.155000000000000000e+03 9.231686704060123594e-01
9.160000000000000000e+03 9.235657176299244542e-01
9.165000000000000000e+03 9.239325201074221061e-01
9.170000000000000000e+03 9.242993259885108337e-01
9.175000000000000000e+03 9.246347970539965377e-01
9.180000000000000000e+03 9.249702463948894504e-01
9.185000000000000000e+03 9.252746242385624376e-01
9.190000000000000000e+03 9.255804851093644148e-01
9.195000000000000000e+03 9.258542729394670934e-01
9.200000000000000000e+03 9.261279939398903149e-01
9.205000000000000000e+03 9.263701875687236909e-01
9.210000000000000000e+03 9.266122922510880988e-01
9.215000000000000000e+03 9.268205606823086695e-01
9.220000000000000000e+03 9.270287206898636390e-01
9.225000000000000000e+03 9.272024477409861465e-01
9.230000000000000000e+03 9.273760490338850415e-01
9.235000000000000000e+03 9.275144367002966517e-01
9.240000000000000000e+03 9.276526835660876547e-01
9.245000000000000000e+03 9.277485683923357707e-01
9.250000000000000000e+03 9.278435728550397110e-01
9.255000000000000000e+03 9.279031725555677568e-01
9.260000000000000000e+03 9.279626116561658922e-01
9.265000000000000000e+03 9.279857420385815292e-01
9.270000000000000000e+03 9.280087047236915687e-01
9.275000000000000000e+03 9.279950658441505906e-01
9.280000000000000000e+03 9.279812553242249296e-01
9.285000000000000000e+03 9.279291911289812012e-01
9.290000000000000000e+03 9.278764381472894840e-01
9.295000000000000000e+03 9.277823833570828516e-01
9.300000000000000000e+03 9.276881520524661306e-01
9.305000000000000000e+03 9.275546542380171955e-01
9.310000000000000000e+03 9.274209841408891375e-01
9.315000000000000000e+03 9.272503223090422519e-01
9.320000000000000000e+03 9.270795005828822433e-01
9.325000000000000000e+03 9.268693047643907779e-01
9.330000000000000000e+03 9.266589597976477855e-01
9.335000000000000000e+03 9.264094048399468262e-01
9.340000000000000000e+03 9.261597143628859108e-01
9.345000000000000000e+03 9.258699128669635181e-01
9.350000000000000000e+03 9.255799929432492190e-01
9.355000000000000000e+03 9.252466959398210067e-01
9.360000000000000000e+03 9.249132994059299229e-01
9.365000000000000000e+03 9.245348257176339013e-01
9.370000000000000000e+03 9.241535710308103058e-01
9.375000000000000000e+03 9.237307175693212358e-01
9.380000000000000000e+03 9.233078235285238078e-01
9.385000000000000000e+03 9.228427422459911655e-01
9.390000000000000000e+03 9.223776534895177237e-01
9.395000000000000000e+03 9.218749613037985347e-01
9.400000000000000000e+03 9.213722980160484743e-01
9.405000000000000000e+03 9.208278248204120331e-01
9.410000000000000000e+03 9.202834199491878309e-01
9.415000000000000000e+03 9.196968722886458281e-01
9.420000000000000000e+03 9.191104362051453203e-01
9.425000000000000000e+03 9.184816251639442708e-01
9.430000000000000000e+03 9.178529734104770021e-01
9.435000000000000000e+03 9.171774538683795663e-01
9.440000000000000000e+03 9.165021477078529877e-01
9.445000000000000000e+03 9.157836150643232642e-01
9.450000000000000000e+03 9.150653520605888103e-01
9.455000000000000000e+03 9.143034725842338339e-01
9.460000000000000000e+03 9.135419236608020022e-01
9.465000000000000000e+03 9.127367482679209498e-01
9.470000000000000000e+03 9.119319677565197457e-01
9.475000000000000000e+03 9.110889573105777073e-01
9.480000000000000000e+03 9.102464039928375161e-01
9.485000000000000000e+03 9.093603580483081705e-01
9.490000000000000000e+03 9.084748408974621103e-01
9.495000000000000000e+03 9.075462546090093952e-01
9.500000000000000000e+03 9.066182723374167640e-01
9.505000000000000000e+03 9.056465559817906685e-01
9.510000000000000000e+03 9.046755241303319206e-01
9.515000000000000000e+03 9.036510572443083866e-01
9.520000000000000000e+03 9.026273738253605128e-01
9.525000000000000000e+03 9.015593584381481618e-01
9.530000000000000000e+03 9.004922168486648726e-01
9.535000000000000000e+03 8.993805217037588173e-01
9.540000000000000000e+03 8.982697951878089171e-01
9.545000000000000000e+03 8.971147606509384254e-01
9.550000000000000000e+03 8.959607937108514664e-01
9.555000000000000000e+03 8.947743323917067837e-01
9.560000000000000000e+03 8.935890187252799599e-01
9.565000000000000000e+03 8.923602855859095184e-01
9.570000000000000000e+03 8.911328041204898964e-01
9.575000000000000000e+03 8.898621229863200588e-01
9.580000000000000000e+03 8.885928014021221566e-01
9.585000000000000000e+03 8.872805041650536628e-01
9.590000000000000000e+03 8.859696778121283200e-01
9.595000000000000000e+03 8.845960034993939347e-01
9.600000000000000000e+03 8.832239623114147564e-01
9.605000000000000000e+03 8.818077281719461924e-01
9.610000000000000000e+03 8.803932517020639503e-01
9.615000000000000000e+03 8.789348841530909562e-01
9.620000000000000000e+03 8.774784022269271899e-01
9.625000000000000000e+03 8.759924692336579222e-01
9.630000000000000000e+03 8.745085158371787015e-01
9.635000000000000000e+03 8.729818360824345147e-01
9.640000000000000000e+03 8.714572677517179455e-01
9.645000000000000000e+03 8.698902501553272826e-01
9.650000000000000000e+03 8.683254794134184218e-01
9.655000000000000000e+03 8.667184080257077650e-01
9.660000000000000000e+03 8.651137224333665943e-01
9.665000000000000000e+03 8.634670716645130861e-01
9.670000000000000000e+03 8.618229484969697207e-01
9.675000000000000000e+03 8.601458732861607670e-01
9.680000000000000000e+03 8.584714434244182790e-01
9.685000000000000000e+03 8.567562750646589009e-01
9.690000000000000000e+03 8.550438970901979019e-01
9.695000000000000000e+03 8.532913042643882617e-01
9.700000000000000000e+03 8.515416490804808003e-01
9.705000000000000000e+03 8.497517382690611409e-01
9.710000000000000000e+03 8.479649164526502636e-01
9.715000000000000000e+03 8.461191281541911025e-01
9.720000000000000000e+03 8.442766507844172708e-01
9.725000000000000000e+03 8.423938625780431622e-01
9.730000000000000000e+03 8.405145463579779541e-01
9.735000000000000000e+03 8.385953456562037500e-01
9.740000000000000000e+03 8.366797806965611262e-01
9.745000000000000000e+03 8.347248942181578757e-01
9.750000000000000000e+03 8.327738088213009204e-01
9.755000000000000000e+03 8.308049122420968491e-01
9.760000000000000000e+03 8.288399002488119338e-01
9.765000000000000000e+03 8.268375757043311403e-01
9.770000000000000000e+03 8.248392987001781362e-01
9.775000000000000000e+03 8.228040071866619121e-01
9.780000000000000000e+03 8.207729281909813546e-01
9.785000000000000000e+03 8.187052301639150542e-01
9.790000000000000000e+03 8.166419115401213347e-01
9.795000000000000000e+03 8.145196432514765217e-01
9.800000000000000000e+03 8.124020222281053139e-01
9.805000000000000000e+03 8.102477716579494782e-01
9.810000000000000000e+03 8.080983443151739110e-01
9.815000000000000000e+03 8.059131228500248101e-01
9.820000000000000000e+03 8.037329002973885306e-01
9.825000000000000000e+03 8.015172969636713551e-01
9.830000000000000000e+03 7.993068699596216353e-01
9.835000000000000000e+03 7.970865356839590410e-01
9.840000000000000000e+03 7.948714375465156801e-01
9.845000000000000000e+03 7.926230614236674521e-01
9.850000000000000000e+03 7.903783552962000414e-01
9.855000000000000000e+03 7.880964026210401929e-01
9.860000000000000000e+03 7.858200661952081667e-01
9.865000000000000000e+03 7.835117207108698301e-01
9.870000000000000000e+03 7.812091637057945182e-01
9.875000000000000000e+03 7.788485724043298086e-01
9.880000000000000000e+03 7.764940782307701017e-01
9.885000000000000000e+03 7.741078332771255122e-01
9.890000000000000000e+03 7.717278646368578299e-01
9.895000000000000000e+03 7.693168117282414009e-01
9.900000000000000000e+03 7.669122136425612357e-01
9.905000000000000000e+03 7.644772373715695846e-01
9.910000000000000000e+03 7.620488934656047819e-01
9.915000000000000000e+03 7.596201110345981444e-01
9.920000000000000000e+03 7.571979769472453325e-01
9.925000000000000000e+03 7.547477549698085042e-01
9.930000000000000000e+03 7.523043494475929460e-01
9.935000000000000000e+03 7.498333404590937779e-01
9.940000000000000000e+03 7.473693158521057534e-01
9.945000000000000000e+03 7.448784073233275516e-01
9.950000000000000000e+03 7.423946494848319144e-01
9.955000000000000000e+03 7.398844964588309203e-01
9.960000000000000000e+03 7.373816599309278574e-01
9.965000000000000000e+03 7.348220348990492923e-01
9.970000000000000000e+03 7.322700757908708891e-01
9.975000000000000000e+03 7.296941060464769979e-01
9.980000000000000000e+03 7.271260610407677127e-01
9.985000000000000000e+03 7.245328115308609096e-01
9.990000000000000000e+03 7.219475521866212109e-01
9.995000000000000000e+03 7.193379522702599838e-01
1.000000000000000000e+04 7.167365076097705900e-01
1.000500000000000000e+04 7.141368545941410018e-01
1.001000000000000000e+04 7.115453595274100485e-01
1.001500000000000000e+04 7.089318474084050914e-01
1.002000000000000000e+04 7.063266462369499621e-01
1.002500000000000000e+04 7.037131089857405764e-01
1.003000000000000000e+04 7.011079486769290492e-01
1.003500000000000000e+04 6.984819982541309313e-01
1.004000000000000000e+04 6.958645722867868866e-01
1.004500000000000000e+04 6.932270297775056100e-01
1.005000000000000000e+04 6.905981566226984114e-01
1.005500000000000000e+04 6.878839647126867574e-01
1.006000000000000000e+04 6.851794392383167009e-01
1.006500000000000000e+04 6.824578488459029924e-01
1.007000000000000000e+04 6.797456388896108148e-01
1.007500000000000000e+04 6.770677421709920818e-01
1.008000000000000000e+04 6.743990051629144000e-01
1.008500000000000000e+04 6.717127461375561603e-01
1.009000000000000000e+04 6.690357814610690124e-01
1.009500000000000000e+04 6.663463600113669338e-01
1.010000000000000000e+04 6.636663333325255598e-01
1.010500000000000000e+04 6.609701650238281045e-01
1.011000000000000000e+04 6.582835189569248291e-01
1.011500000000000000e+04 6.555815917755831723e-01
1.012000000000000000e+04 6.528893095963774762e-01
1.012500000000000000e+04 6.501211303049269086e-01
1.013000000000000000e+04 6.473631617711808062e-01
1.013500000000000000e+04 6.445829470398072303e-01
1.014000000000000000e+04 6.418067724877153379e-01
1.014500000000000000e+04 6.390781322400846953e-01
1.015000000000000000e+04 6.363596053834700284e-01
1.015500000000000000e+04 6.336284324033016890e-01
1.016000000000000000e+04 6.309074816287013610e-01
1.016500000000000000e+04 6.281744004407758819e-01
1.017000000000000000e+04 6.254516472177706898e-01
1.017500000000000000e+04 6.227256493097830248e-01
1.018000000000000000e+04 6.200100177814387159e-01
1.018500000000000000e+04 6.172834531954589643e-01
1.019000000000000000e+04 6.145673531623151442e-01
1.019500000000000000e+04 6.117572907602778498e-01
1.020000000000000000e+04 6.089584455073443481e-01
1.020500000000000000e+04 6.061488145222223567e-01
1.021000000000000000e+04 6.033702819705497600e-01
1.021500000000000000e+04 6.006676879252370593e-01
1.022000000000000000e+04 5.979756421444071268e-01
1.022500000000000000e+04 5.952749426987393733e-01
1.023000000000000000e+04 5.925848742749386666e-01
1.023500000000000000e+04 5.898868890927747577e-01
1.024000000000000000e+04 5.871996126884793110e-01
1.024500000000000000e+04 5.844940366811106625e-01
1.025000000000000000e+04 5.817993317753320515e-01
1.025500000000000000e+04 5.790979359836194718e-01
1.026000000000000000e+04 5.764074805966167281e-01
1.026500000000000000e+04 5.737217500278131155e-01
1.027000000000000000e+04 5.710469355545437775e-01
1.027500000000000000e+04 5.683721938646894012e-01
1.028000000000000000e+04 5.657087086608240112e-01
1.028500000000000000e+04 5.630402101706045714e-01
1.029000000000000000e+04 5.603826876296688075e-01
1.029500000000000000e+04 5.576355971810065260e-01
1.030000000000000000e+04 5.549002527497030046e-01
1.030500000000000000e+04 5.521601464017076299e-01
1.031000000000000000e+04 5.494318437557682566e-01
1.031500000000000000e+04 5.467841235958956769e-01
1.032000000000000000e+04 5.441475348219048103e-01
1.032500000000000000e+04 5.415078086013519476e-01
1.033000000000000000e+04 5.388730465053174212e-01
1.033500000000000000e+04 5.362315938270505455e-01
1.034000000000000000e+04 5.336014541841165304e-01
1.034500000000000000e+04 5.309602041833999531e-01
1.035000000000000000e+04 5.283303791740316946e-01
1.035500000000000000e+04 5.256994733660812491e-01
1.036000000000000000e+04 5.230800176546358538e-01
1.036500000000000000e+04 5.204182162497451580e-01
1.037000000000000000e+04 5.177682538638767040e-01
1.037500000000000000e+04 5.151172264418169000e-01
1.038000000000000000e+04 5.124780640272662557e-01
1.038500000000000000e+04 5.098383886012703980e-01
1.039000000000000000e+04 5.072105992994664359e-01
1.039500000000000000e+04 5.046250252300643613e-01
1.040000000000000000e+04 5.020509749520984943e-01
1.040500000000000000e+04 4.994745849770196866e-01
1.041000000000000000e+04 4.969097599473159543e-01
1.041500000000000000e+04 4.943545179800567513e-01
1.042000000000000000e+04 4.918107698486035018e-01
1.042500000000000000e+04 4.892686694777867440e-01
1.043000000000000000e+04 4.867380636414883610e-01
1.043500000000000000e+04 4.842095139234299239e-01
1.044000000000000000e+04 4.816924559160680186e-01
1.044500000000000000e+04 4.791675694164499455e-01
1.045000000000000000e+04 4.766542579612901842e-01
1.045500000000000000e+04 4.741405848669966727e-01
1.046000000000000000e+04 4.716385062227816394e-01
1.046500000000000000e+04 4.691496503797488171e-01
1.047000000000000000e+04 4.666722863967350809e-01
1.047500000000000000e+04 4.641985019622799080e-01
1.048000000000000000e+04 4.617361920234741013e-01
1.048500000000000000e+04 4.592803387136755733e-01
1.049000000000000000e+04 4.568365820044056336e-01
1.049500000000000000e+04 4.543281140422782416e-01
1.050000000000000000e+04 4.518316971541729843e-01
