2.000000000000000000e+03 0.000000000000000000e+00
2.100000000000000000e+03 0.000000000000000000e+00
2.200000000000000000e+03 0.000000000000000000e+00
2.300000000000000000e+03 0.000000000000000000e+00
2.400000000000000000e+03 0.000000000000000000e+00
2.500000000000000000e+03 0.000000000000000000e+00
2.600000000000000000e+03 0.000000000000000000e+00
2.700000000000000000e+03 0.000000000000000000e+00
2.800000000000000000e+03 0.000000000000000000e+00
2.900000000000000000e+03 2.000000000000000042e-03
3.000000000000000000e+03 2.000000000000000042e-02
3.100000000000000000e+03 1.000000000000000056e-01
3.200000000000000000e+03 2.700000000000000178e-01
3.300000000000000000e+03 4.699999999999999734e-01
3.400000000000000000e+03 6.300000000000000044e-01
3.500000000000000000e+03 7.299999999999999822e-01
3.600000000000000000e+03 8.000000000000000444e-01
3.700000000000000000e+03 8.299999999999999600e-01
3.800000000000000000e+03 8.399999999999999689e-01
3.900000000000000000e+03 8.299999999999999600e-01
4.000000000000000000e+03 8.100000000000000533e-01
4.100000000000000000e+03 7.900000000000000355e-01
4.200000000000000000e+03 7.800000000000000266e-01
4.300000000000000000e+03 7.800000000000000266e-01
4.400000000000000000e+03 7.900000000000000355e-01
4.500000000000000000e+03 8.000000000000000444e-01
4.600000000000000000e+03 7.900000000000000355e-01
4.700000000000000000e+03 8.000000000000000444e-01
4.800000000000000000e+03 8.100000000000000533e-01
4.900000000000000000e+03 8.100000000000000533e-01
5.000000000000000000e+03 8.199999999999999512e-01
5.100000000000000000e+03 8.199999999999999512e-01
5.200000000000000000e+03 8.100000000000000533e-01
5.300000000000000000e+03 8.100000000000000533e-01
5.400000000000000000e+03 8.100000000000000533e-01
5.500000000000000000e+03 8.199999999999999512e-01
5.600000000000000000e+03 8.199999999999999512e-01
5.700000000000000000e+03 8.199999999999999512e-01
5.800000000000000000e+03 8.100000000000000533e-01
5.900000000000000000e+03 7.900000000000000355e-01
6.000000000000000000e+03 7.700000000000000178e-01
6.100000000000000000e+03 7.500000000000000000e-01
6.200000000000000000e+03 7.099999999999999645e-01
6.300000000000000000e+03 6.800000000000000488e-01
6.400000000000000000e+03 6.400000000000000133e-01
6.500000000000000000e+03 5.999999999999999778e-01
6.600000000000000000e+03 5.600000000000000533e-01
6.700000000000000000e+03 5.100000000000000089e-01
6.800000000000000000e+03 4.600000000000000200e-01
6.900000000000000000e+03 4.099999999999999756e-01
7.000000000000000000e+03 3.699999999999999956e-01
7.100000000000000000e+03 3.200000000000000067e-01
7.200000000000000000e+03 2.800000000000000266e-01
7.300000000000000000e+03 2.300000000000000100e-01
7.400000000000000000e+03 2.000000000000000111e-01
7.500000000000000000e+03 1.600000000000000033e-01
7.600000000000000000e+03 1.300000000000000044e-01
7.700000000000000000e+03 1.100000000000000006e-01
7.800000000000000000e+03 8.000000000000000167e-02
7.900000000000000000e+03 7.000000000000000666e-02
8.000000000000000000e+03 5.000000000000000278e-02
8.100000000000000000e+03 4.000000000000000083e-02
8.200000000000000000e+03 2.999999999999999889e-02
8.300000000000000000e+03 2.000000000000000042e-02
8.400000000000000000e+03 1.000000000000000021e-02
8.500000000000000000e+03 1.000000000000000021e-02
8.600000000000000000e+03 8.000000000000000167e-03
8.700000000000000000e+03 6.000000000000000125e-03
8.800000000000000000e+03 4.000000000000000083e-03
8.900000000000000000e+03 2.000000000000000042e-03
9.000000000000000000e+03 2.000000000000000042e-03
9.100000000000000000e+03 1.600000000000000077e-03
9.200000000000000000e+03 1.199999999999999895e-03
9.300000000000000000e+03 8.000000000000000383e-04
9.400000000000000000e+03 4.000000000000000192e-04
9.500000000000000000e+03 4.000000000000000192e-04
9.600000000000000000e+03 2.999999999999999737e-04
9.700000000000000000e+03 2.000000000000000096e-04
9.800000000000000000e+03 1.000000000000000048e-04
9.900000000000000000e+03 9.000000000000000567e-05
1.000000000000000000e+04 9.000000000000000567e-05
1.010000000000000000e+04 8.000000000000000654e-05
1.020000000000000000e+04 6.999999999999999387e-05
1.030000000000000000e+04 6.000000000000000152e-05
1.040000000000000000e+04 5.000000000000000240e-05
1.050000000000000000e+04 3.000000000000000076e-05
1.060000000000000000e+04 3.000000000000000076e-05
1.070000000000000000e+04 2.799999999999999958e-05
1.080000000000000000e+04 2.599999999999999840e-05
1.090000000000000000e+04 2.400000000000000061e-05
1.100000000000000000e+04 2.000000000000000164e-05
