3.000000000000000000e+03 9.440621185000000537e+01
3.005000000000000000e+03 9.444878386999999975e+01
3.010000000000000000e+03 9.446331023999999843e+01
3.015000000000000000e+03 9.456550597999999752e+01
3.020000000000000000e+03 9.448479462000000240e+01
3.025000000000000000e+03 9.463558197000000405e+01
3.030000000000000000e+03 9.450045013000000438e+01
3.035000000000000000e+03 9.458777618000000587e+01
3.040000000000000000e+03 9.459997558999999967e+01
3.045000000000000000e+03 9.459194182999999612e+01
3.050000000000000000e+03 9.462902069000000438e+01
3.055000000000000000e+03 9.465258025999999347e+01
3.060000000000000000e+03 9.459371185000000537e+01
3.065000000000000000e+03 9.467652130000000454e+01
3.070000000000000000e+03 9.471097564999999463e+01
3.075000000000000000e+03 9.466083527000000686e+01
3.080000000000000000e+03 9.476784514999999942e+01
3.085000000000000000e+03 9.475697327000000314e+01
3.090000000000000000e+03 9.476313018999999827e+01
3.095000000000000000e+03 9.475867461999999364e+01
3.100000000000000000e+03 9.479901886000000388e+01
3.105000000000000000e+03 9.479120636000000388e+01
3.110000000000000000e+03 9.481518554999999537e+01
3.115000000000000000e+03 9.488556671000000620e+01
3.120000000000000000e+03 9.486084746999999595e+01
3.125000000000000000e+03 9.492958831999999347e+01
3.130000000000000000e+03 9.490314483999999595e+01
3.135000000000000000e+03 9.486260222999999314e+01
3.140000000000000000e+03 9.494428252999999529e+01
3.145000000000000000e+03 9.495067595999999810e+01
3.150000000000000000e+03 9.491783904999999777e+01
3.155000000000000000e+03 9.495024109000000578e+01
3.160000000000000000e+03 9.503128051999999570e+01
3.165000000000000000e+03 9.498799895999999876e+01
3.170000000000000000e+03 9.496282958999999835e+01
3.175000000000000000e+03 9.510295868000000041e+01
3.180000000000000000e+03 9.506040192000000388e+01
3.185000000000000000e+03 9.506867981000000611e+01
3.190000000000000000e+03 9.510882567999999537e+01
3.195000000000000000e+03 9.512039185000000430e+01
3.200000000000000000e+03 9.506834412000000611e+01
3.205000000000000000e+03 9.510371399000000281e+01
3.210000000000000000e+03 9.516995239000000595e+01
3.215000000000000000e+03 9.518106842000000256e+01
3.220000000000000000e+03 9.516420746000000008e+01
3.225000000000000000e+03 9.518075561999999934e+01
3.230000000000000000e+03 9.522086333999999397e+01
3.235000000000000000e+03 9.521919250000000545e+01
3.240000000000000000e+03 9.521350098000000628e+01
3.245000000000000000e+03 9.529207610999999645e+01
3.250000000000000000e+03 9.526163483000000554e+01
3.255000000000000000e+03 9.524204253999999992e+01
3.260000000000000000e+03 9.530484008999999901e+01
3.265000000000000000e+03 9.532962799000000587e+01
3.270000000000000000e+03 9.532138061999999934e+01
3.275000000000000000e+03 9.530807495000000529e+01
3.280000000000000000e+03 9.536705779999999777e+01
3.285000000000000000e+03 9.539736938000000066e+01
3.290000000000000000e+03 9.539183044000000677e+01
3.295000000000000000e+03 9.536783599999999694e+01
3.300000000000000000e+03 9.537368010999999512e+01
3.305000000000000000e+03 9.543489838000000702e+01
3.310000000000000000e+03 9.542421722000000273e+01
3.315000000000000000e+03 9.540548705999999868e+01
3.320000000000000000e+03 9.550004577999999356e+01
3.325000000000000000e+03 9.545007323999999471e+01
3.330000000000000000e+03 9.544905090000000314e+01
3.335000000000000000e+03 9.550537108999999703e+01
3.340000000000000000e+03 9.548675536999999736e+01
3.345000000000000000e+03 9.546810150000000306e+01
3.350000000000000000e+03 9.550921630999999934e+01
3.355000000000000000e+03 9.562807465000000207e+01
3.360000000000000000e+03 9.552685547000000099e+01
3.365000000000000000e+03 9.559475707999999372e+01
3.370000000000000000e+03 9.556469726999999637e+01
3.375000000000000000e+03 9.560184479000000124e+01
3.380000000000000000e+03 9.555923461999999802e+01
3.385000000000000000e+03 9.553469085999999777e+01
3.390000000000000000e+03 9.563816832999999917e+01
3.395000000000000000e+03 9.567267608999999595e+01
3.400000000000000000e+03 9.558623504999999909e+01
3.405000000000000000e+03 9.567548370000000091e+01
3.410000000000000000e+03 9.568465424000000041e+01
3.415000000000000000e+03 9.565788268999999389e+01
3.420000000000000000e+03 9.566312408000000289e+01
3.425000000000000000e+03 9.567077636999999868e+01
3.430000000000000000e+03 9.572887421000000074e+01
3.435000000000000000e+03 9.569285582999999917e+01
3.440000000000000000e+03 9.573265838999999744e+01
3.445000000000000000e+03 9.575801848999999777e+01
3.450000000000000000e+03 9.576161956999999347e+01
3.455000000000000000e+03 9.571871948000000430e+01
3.460000000000000000e+03 9.578881835999999339e+01
3.465000000000000000e+03 9.578969573999999909e+01
3.470000000000000000e+03 9.579559326000000397e+01
3.475000000000000000e+03 9.577376556000000107e+01
3.480000000000000000e+03 9.581727600000000677e+01
3.485000000000000000e+03 9.582772826999999438e+01
3.490000000000000000e+03 9.579218292000000190e+01
3.495000000000000000e+03 9.562169647000000339e+01
3.500000000000000000e+03 9.567014312999999959e+01
3.505000000000000000e+03 9.568188476999999637e+01
3.510000000000000000e+03 9.566447449000000347e+01
3.515000000000000000e+03 9.570738982999999678e+01
3.520000000000000000e+03 9.573308563000000504e+01
3.525000000000000000e+03 9.568212891000000297e+01
3.530000000000000000e+03 9.576268005000000016e+01
3.535000000000000000e+03 9.570063018999999827e+01
3.540000000000000000e+03 9.572586060000000430e+01
3.545000000000000000e+03 9.576362609999999620e+01
3.550000000000000000e+03 9.575092315999999926e+01
3.555000000000000000e+03 9.573740386999999430e+01
3.560000000000000000e+03 9.577973174999999628e+01
3.565000000000000000e+03 9.579709624999999562e+01
3.570000000000000000e+03 9.576811981000000173e+01
3.575000000000000000e+03 9.578620148000000256e+01
3.580000000000000000e+03 9.581421661000000256e+01
3.585000000000000000e+03 9.577030944999999917e+01
3.590000000000000000e+03 9.582568358999999703e+01
3.595000000000000000e+03 9.584006499999999562e+01
3.600000000000000000e+03 9.581275940000000446e+01
3.605000000000000000e+03 9.581816863999999612e+01
3.610000000000000000e+03 9.588880919999999719e+01
3.615000000000000000e+03 9.583339691000000471e+01
3.620000000000000000e+03 9.584696198000000322e+01
3.625000000000000000e+03 9.589041901000000223e+01
3.630000000000000000e+03 9.591591644000000372e+01
3.635000000000000000e+03 9.589508057000000463e+01
3.640000000000000000e+03 9.587339783000000182e+01
3.645000000000000000e+03 9.592393493999999521e+01
3.650000000000000000e+03 9.593460846000000686e+01
3.655000000000000000e+03 9.586521148999999298e+01
3.660000000000000000e+03 9.591879271999999901e+01
3.665000000000000000e+03 9.595458983999999703e+01
3.670000000000000000e+03 9.593131255999999496e+01
3.675000000000000000e+03 9.592562103000000207e+01
3.680000000000000000e+03 9.599147797000000537e+01
3.685000000000000000e+03 9.596269225999999719e+01
3.690000000000000000e+03 9.596804047000000537e+01
3.695000000000000000e+03 9.596537781000000678e+01
3.700000000000000000e+03 9.601896666999999752e+01
3.705000000000000000e+03 9.597509766000000297e+01
3.710000000000000000e+03 9.596335602000000620e+01
3.715000000000000000e+03 9.601676177999999595e+01
3.720000000000000000e+03 9.599592590000000314e+01
3.725000000000000000e+03 9.597664641999999446e+01
3.730000000000000000e+03 9.599665070000000355e+01
3.735000000000000000e+03 9.602046203999999818e+01
3.740000000000000000e+03 9.601098632999999438e+01
3.745000000000000000e+03 9.604148865000000512e+01
3.750000000000000000e+03 9.602517699999999934e+01
3.755000000000000000e+03 9.605313873000000058e+01
3.760000000000000000e+03 9.607238769999999306e+01
3.765000000000000000e+03 9.603678893999999389e+01
3.770000000000000000e+03 9.608054352000000620e+01
3.775000000000000000e+03 9.612371063000000504e+01
3.780000000000000000e+03 9.604059601000000157e+01
3.785000000000000000e+03 9.608126067999999975e+01
3.790000000000000000e+03 9.611197661999999298e+01
3.795000000000000000e+03 9.608666229000000669e+01
3.800000000000000000e+03 9.607757567999999537e+01
3.805000000000000000e+03 9.611151123000000496e+01
3.810000000000000000e+03 9.611714172000000644e+01
3.815000000000000000e+03 9.609813690000000008e+01
3.820000000000000000e+03 9.610877990999999554e+01
3.825000000000000000e+03 9.613327026000000330e+01
3.830000000000000000e+03 9.613620758000000421e+01
3.835000000000000000e+03 9.615556334999999422e+01
3.840000000000000000e+03 9.612625122000000033e+01
3.845000000000000000e+03 9.616006470000000661e+01
3.850000000000000000e+03 9.617890930000000083e+01
3.855000000000000000e+03 9.614368439000000421e+01
3.860000000000000000e+03 9.614379119999999546e+01
3.865000000000000000e+03 9.617031860000000165e+01
3.870000000000000000e+03 9.617153168000000107e+01
3.875000000000000000e+03 9.613860320999999942e+01
3.880000000000000000e+03 9.618991088999999306e+01
3.885000000000000000e+03 9.619001006999999959e+01
3.890000000000000000e+03 9.617951965000000314e+01
3.895000000000000000e+03 9.619529724000000215e+01
3.900000000000000000e+03 9.621498871000000008e+01
3.905000000000000000e+03 9.619049071999999967e+01
3.910000000000000000e+03 9.617249298000000124e+01
3.915000000000000000e+03 9.621283721999999727e+01
3.920000000000000000e+03 9.620564269999999851e+01
3.925000000000000000e+03 9.622141265999999860e+01
3.930000000000000000e+03 9.620727539000000661e+01
3.935000000000000000e+03 9.618757628999999554e+01
3.940000000000000000e+03 9.625944518999999389e+01
3.945000000000000000e+03 9.619868468999999322e+01
3.950000000000000000e+03 9.624292755000000454e+01
3.955000000000000000e+03 9.623541260000000364e+01
3.960000000000000000e+03 9.624420166000000165e+01
3.965000000000000000e+03 9.622718811000000017e+01
3.970000000000000000e+03 9.624878692999999430e+01
3.975000000000000000e+03 9.625526428000000578e+01
3.980000000000000000e+03 9.624801635999999405e+01
3.985000000000000000e+03 9.625612639999999942e+01
3.990000000000000000e+03 9.627654266000000405e+01
3.995000000000000000e+03 9.629327392999999802e+01
4.000000000000000000e+03 9.624169159000000207e+01
4.005000000000000000e+03 9.629924773999999843e+01
4.010000000000000000e+03 9.626694489000000488e+01
4.015000000000000000e+03 9.626981354000000124e+01
4.020000000000000000e+03 9.630315398999999843e+01
4.025000000000000000e+03 9.625334166999999752e+01
4.030000000000000000e+03 9.628317260999999405e+01
4.035000000000000000e+03 9.628670501999999942e+01
4.040000000000000000e+03 9.632501983999999595e+01
4.045000000000000000e+03 9.631565093999999760e+01
4.050000000000000000e+03 9.630308533000000182e+01
4.055000000000000000e+03 9.631506348000000628e+01
4.060000000000000000e+03 9.629003142999999909e+01
4.065000000000000000e+03 9.633905029000000297e+01
4.070000000000000000e+03 9.632747650000000306e+01
4.075000000000000000e+03 9.629442595999999810e+01
4.080000000000000000e+03 9.630803679999999645e+01
4.085000000000000000e+03 9.632862090999999793e+01
4.090000000000000000e+03 9.632400513000000331e+01
4.095000000000000000e+03 9.631487273999999843e+01
4.100000000000000000e+03 9.633743286000000694e+01
4.105000000000000000e+03 9.632294464000000289e+01
4.110000000000000000e+03 9.632503509999999380e+01
4.115000000000000000e+03 9.633138275000000306e+01
4.120000000000000000e+03 9.633798980999999628e+01
4.125000000000000000e+03 9.636738585999999884e+01
4.130000000000000000e+03 9.633883667000000628e+01
4.135000000000000000e+03 9.634597777999999835e+01
4.140000000000000000e+03 9.632622528000000273e+01
4.145000000000000000e+03 9.636738585999999884e+01
4.150000000000000000e+03 9.636259459999999422e+01
4.155000000000000000e+03 9.633585358000000554e+01
4.160000000000000000e+03 9.634599303999999620e+01
4.165000000000000000e+03 9.635538483000000554e+01
4.170000000000000000e+03 9.634033202999999901e+01
4.175000000000000000e+03 9.638250732000000198e+01
4.180000000000000000e+03 9.636817931999999587e+01
4.185000000000000000e+03 9.639746857000000091e+01
4.190000000000000000e+03 9.638441466999999818e+01
4.195000000000000000e+03 9.639201355000000149e+01
4.200000000000000000e+03 9.636177062999999521e+01
4.205000000000000000e+03 9.639057922000000644e+01
4.210000000000000000e+03 9.638777161000000149e+01
4.215000000000000000e+03 9.636257935000000430e+01
4.220000000000000000e+03 9.637563323999999909e+01
4.225000000000000000e+03 9.639288329999999405e+01
4.230000000000000000e+03 9.639933014000000355e+01
4.235000000000000000e+03 9.635059357000000091e+01
4.240000000000000000e+03 9.641601563000000397e+01
4.245000000000000000e+03 9.634684753000000512e+01
4.250000000000000000e+03 9.638211823000000322e+01
4.255000000000000000e+03 9.642151642000000322e+01
4.260000000000000000e+03 9.639097594999999785e+01
4.265000000000000000e+03 9.638159942999999430e+01
4.270000000000000000e+03 9.638871765000000380e+01
4.275000000000000000e+03 9.642112731999999653e+01
4.280000000000000000e+03 9.636737822999999992e+01
4.285000000000000000e+03 9.640773009999999488e+01
4.290000000000000000e+03 9.639722442999999430e+01
4.295000000000000000e+03 9.636116027999999289e+01
4.300000000000000000e+03 9.638201904000000297e+01
4.305000000000000000e+03 9.642160796999999661e+01
4.310000000000000000e+03 9.638721465999999793e+01
4.315000000000000000e+03 9.638557434000000512e+01
4.320000000000000000e+03 9.638528442000000496e+01
4.325000000000000000e+03 9.643088530999999364e+01
4.330000000000000000e+03 9.640579986999999562e+01
4.335000000000000000e+03 9.640241240999999661e+01
4.340000000000000000e+03 9.641669464000000289e+01
4.345000000000000000e+03 9.642539214999999331e+01
4.350000000000000000e+03 9.640034484999999620e+01
4.355000000000000000e+03 9.640007018999999389e+01
4.360000000000000000e+03 9.641489409999999793e+01
4.365000000000000000e+03 9.642441558999999529e+01
4.370000000000000000e+03 9.642975615999999661e+01
4.375000000000000000e+03 9.635705566000000033e+01
4.380000000000000000e+03 9.643751525999999785e+01
4.385000000000000000e+03 9.639968872000000033e+01
4.390000000000000000e+03 9.641002654999999777e+01
4.395000000000000000e+03 9.640062713999999744e+01
4.400000000000000000e+03 9.646782684000000074e+01
4.405000000000000000e+03 9.640674590999999793e+01
4.410000000000000000e+03 9.640000152999999727e+01
4.415000000000000000e+03 9.646726227000000620e+01
4.420000000000000000e+03 9.638162230999999736e+01
4.425000000000000000e+03 9.641430664000000661e+01
4.430000000000000000e+03 9.643275452000000314e+01
4.435000000000000000e+03 9.638981628000000512e+01
4.440000000000000000e+03 9.641300963999999851e+01
4.445000000000000000e+03 9.644512177000000008e+01
4.450000000000000000e+03 9.641030121000000008e+01
4.455000000000000000e+03 9.641600800000000504e+01
4.460000000000000000e+03 9.643391418000000215e+01
4.465000000000000000e+03 9.638833617999999603e+01
4.470000000000000000e+03 9.643171691999999950e+01
4.475000000000000000e+03 9.644721221999999727e+01
4.480000000000000000e+03 9.640609741000000099e+01
4.485000000000000000e+03 9.642918396000000314e+01
4.490000000000000000e+03 9.643283843999999760e+01
4.495000000000000000e+03 9.644237517999999909e+01
4.500000000000000000e+03 9.640257262999999455e+01
4.505000000000000000e+03 9.643817138999999372e+01
4.510000000000000000e+03 9.644709777999999289e+01
4.515000000000000000e+03 9.637970733999999595e+01
4.520000000000000000e+03 9.643582915999999727e+01
4.525000000000000000e+03 9.641757201999999438e+01
4.530000000000000000e+03 9.641529083000000355e+01
4.535000000000000000e+03 9.641387177000000008e+01
4.540000000000000000e+03 9.642807007000000397e+01
4.545000000000000000e+03 9.642942046999999661e+01
4.550000000000000000e+03 9.643935394000000372e+01
4.555000000000000000e+03 9.642400360000000603e+01
4.560000000000000000e+03 9.641183472000000165e+01
4.565000000000000000e+03 9.643083190999999488e+01
4.570000000000000000e+03 9.642172241000000099e+01
4.575000000000000000e+03 9.641900635000000364e+01
4.580000000000000000e+03 9.642946625000000438e+01
4.585000000000000000e+03 9.642599486999999669e+01
4.590000000000000000e+03 9.640924834999999860e+01
4.595000000000000000e+03 9.640678406000000678e+01
4.600000000000000000e+03 9.644092559999999992e+01
4.605000000000000000e+03 9.643909453999999926e+01
4.610000000000000000e+03 9.638796997000000033e+01
4.615000000000000000e+03 9.643923187000000041e+01
4.620000000000000000e+03 9.643538666000000603e+01
4.625000000000000000e+03 9.640193938999999546e+01
4.630000000000000000e+03 9.642008208999999397e+01
4.635000000000000000e+03 9.645251464999999769e+01
4.640000000000000000e+03 9.639488219999999785e+01
4.645000000000000000e+03 9.641049194000000000e+01
4.650000000000000000e+03 9.640062713999999744e+01
4.655000000000000000e+03 9.640673065000000008e+01
4.660000000000000000e+03 9.640265655999999694e+01
4.665000000000000000e+03 9.640972136999999975e+01
4.670000000000000000e+03 9.644152832000000330e+01
4.675000000000000000e+03 9.640690612999999587e+01
4.680000000000000000e+03 9.643085480000000587e+01
4.685000000000000000e+03 9.639655304000000058e+01
4.690000000000000000e+03 9.643654632999999876e+01
4.695000000000000000e+03 9.641005706999999347e+01
4.700000000000000000e+03 9.639700317000000496e+01
4.705000000000000000e+03 9.643782043000000215e+01
4.710000000000000000e+03 9.643914032000000702e+01
4.715000000000000000e+03 9.638798522999999818e+01
4.720000000000000000e+03 9.638765716999999711e+01
4.725000000000000000e+03 9.644541931000000545e+01
4.730000000000000000e+03 9.641202545000000157e+01
4.735000000000000000e+03 9.639900208000000248e+01
4.740000000000000000e+03 9.642544556000000000e+01
4.745000000000000000e+03 9.640979004000000430e+01
4.750000000000000000e+03 9.640818023999999298e+01
4.755000000000000000e+03 9.639582824999999389e+01
4.760000000000000000e+03 9.640940093999999760e+01
4.765000000000000000e+03 9.639496613000000025e+01
4.770000000000000000e+03 9.638823700000000372e+01
4.775000000000000000e+03 9.639638519000000372e+01
4.780000000000000000e+03 9.638024901999999372e+01
4.785000000000000000e+03 9.641120148000000256e+01
4.790000000000000000e+03 9.638625335999999777e+01
4.795000000000000000e+03 9.639688873000000058e+01
4.800000000000000000e+03 9.637281799000000149e+01
4.805000000000000000e+03 9.640779114000000050e+01
4.810000000000000000e+03 9.642455291999999645e+01
4.815000000000000000e+03 9.639328765999999860e+01
4.820000000000000000e+03 9.642485046000000182e+01
4.825000000000000000e+03 9.634783935999999471e+01
4.830000000000000000e+03 9.638433838000000264e+01
4.835000000000000000e+03 9.634675597999999752e+01
4.840000000000000000e+03 9.644579315000000008e+01
4.845000000000000000e+03 9.637863921999999661e+01
4.850000000000000000e+03 9.639727782999999306e+01
4.855000000000000000e+03 9.639633942000000388e+01
4.860000000000000000e+03 9.638626861999999562e+01
4.865000000000000000e+03 9.638397980000000587e+01
4.870000000000000000e+03 9.637926482999999678e+01
4.875000000000000000e+03 9.639762115000000620e+01
4.880000000000000000e+03 9.638226317999999537e+01
4.885000000000000000e+03 9.636218261999999868e+01
4.890000000000000000e+03 9.639417267000000322e+01
4.895000000000000000e+03 9.635520171999999661e+01
4.900000000000000000e+03 9.637380219000000636e+01
4.905000000000000000e+03 9.636933136000000388e+01
4.910000000000000000e+03 9.639163971000000686e+01
4.915000000000000000e+03 9.637329864999999529e+01
4.920000000000000000e+03 9.634838104000000669e+01
4.925000000000000000e+03 9.636670684999999992e+01
4.930000000000000000e+03 9.637130736999999669e+01
4.935000000000000000e+03 9.638364409999999793e+01
4.940000000000000000e+03 9.634533691000000033e+01
4.945000000000000000e+03 9.635943604000000562e+01
4.950000000000000000e+03 9.637521361999999669e+01
4.955000000000000000e+03 9.635604094999999347e+01
4.960000000000000000e+03 9.635717773000000363e+01
4.965000000000000000e+03 9.637026215000000207e+01
4.970000000000000000e+03 9.636935425000000066e+01
4.975000000000000000e+03 9.632330321999999967e+01
4.980000000000000000e+03 9.637899779999999339e+01
4.985000000000000000e+03 9.633648682000000463e+01
4.990000000000000000e+03 9.634800719999999785e+01
4.995000000000000000e+03 9.634977722000000711e+01
5.000000000000000000e+03 9.634551238999999612e+01
5.005000000000000000e+03 9.634198761000000388e+01
5.010000000000000000e+03 9.636098479999999711e+01
5.015000000000000000e+03 9.634095763999999917e+01
5.020000000000000000e+03 9.632506560999999579e+01
5.025000000000000000e+03 9.633378600999999719e+01
5.030000000000000000e+03 9.633442687999999521e+01
5.035000000000000000e+03 9.632709502999999529e+01
5.040000000000000000e+03 9.634819031000000678e+01
5.045000000000000000e+03 9.631546020999999769e+01
5.050000000000000000e+03 9.633591461000000322e+01
5.055000000000000000e+03 9.633719634999999926e+01
5.060000000000000000e+03 9.633241271999999356e+01
5.065000000000000000e+03 9.631414032000000702e+01
5.070000000000000000e+03 9.632965851000000157e+01
5.075000000000000000e+03 9.634692382999999438e+01
5.080000000000000000e+03 9.628765106000000173e+01
5.085000000000000000e+03 9.632756041999999752e+01
5.090000000000000000e+03 9.631788634999999488e+01
5.095000000000000000e+03 9.632487487999999587e+01
5.100000000000000000e+03 9.628343200999999851e+01
5.105000000000000000e+03 9.633502959999999860e+01
5.110000000000000000e+03 9.632011414000000116e+01
5.115000000000000000e+03 9.630142211999999802e+01
5.120000000000000000e+03 9.632403564000000529e+01
5.125000000000000000e+03 9.630991364000000488e+01
5.130000000000000000e+03 9.631746674000000041e+01
5.135000000000000000e+03 9.628506470000000661e+01
5.140000000000000000e+03 9.630089569000000438e+01
5.145000000000000000e+03 9.632921600000000240e+01
5.150000000000000000e+03 9.628877257999999983e+01
5.155000000000000000e+03 9.629112243999999521e+01
5.160000000000000000e+03 9.632455444000000000e+01
5.165000000000000000e+03 9.631828308000000050e+01
5.170000000000000000e+03 9.625833892999999364e+01
5.175000000000000000e+03 9.628218841999999711e+01
5.180000000000000000e+03 9.632855225000000132e+01
5.185000000000000000e+03 9.626463318000000413e+01
5.190000000000000000e+03 9.628526306000000545e+01
5.195000000000000000e+03 9.630549621999999488e+01
5.200000000000000000e+03 9.629590607000000091e+01
5.205000000000000000e+03 9.625695038000000636e+01
5.210000000000000000e+03 9.628930664000000661e+01
5.215000000000000000e+03 9.632896422999999686e+01
5.220000000000000000e+03 9.624203491000000099e+01
5.225000000000000000e+03 9.624921417000000190e+01
5.230000000000000000e+03 9.631799316000000033e+01
5.235000000000000000e+03 9.627491759999999488e+01
5.240000000000000000e+03 9.624652863000000025e+01
5.245000000000000000e+03 9.630136108000000661e+01
5.250000000000000000e+03 9.627769469999999785e+01
5.255000000000000000e+03 9.626215363000000025e+01
5.260000000000000000e+03 9.626605225000000132e+01
5.265000000000000000e+03 9.627338408999999331e+01
5.270000000000000000e+03 9.624818419999999719e+01
5.275000000000000000e+03 9.623405456999999785e+01
5.280000000000000000e+03 9.627180481000000611e+01
5.285000000000000000e+03 9.623645781999999826e+01
5.290000000000000000e+03 9.625103760000000364e+01
5.295000000000000000e+03 9.623371124000000520e+01
5.300000000000000000e+03 9.628122711000000322e+01
5.305000000000000000e+03 9.623824310000000537e+01
5.310000000000000000e+03 9.626957702999999356e+01
5.315000000000000000e+03 9.622261810000000537e+01
5.320000000000000000e+03 9.623978424000000587e+01
5.325000000000000000e+03 9.622360229000000231e+01
5.330000000000000000e+03 9.623436737000000107e+01
5.335000000000000000e+03 9.623300170999999636e+01
5.340000000000000000e+03 9.626504516999999339e+01
5.345000000000000000e+03 9.623542023000000256e+01
5.350000000000000000e+03 9.619934845000000223e+01
5.355000000000000000e+03 9.626114655000000653e+01
5.360000000000000000e+03 9.623288727000000620e+01
5.365000000000000000e+03 9.622057343000000174e+01
5.370000000000000000e+03 9.623314666999999645e+01
5.375000000000000000e+03 9.623450470000000223e+01
5.380000000000000000e+03 9.623207854999999711e+01
5.385000000000000000e+03 9.621116637999999455e+01
5.390000000000000000e+03 9.623914336999999364e+01
5.395000000000000000e+03 9.620408630000000016e+01
5.400000000000000000e+03 9.620732117000000017e+01
5.405000000000000000e+03 9.622615813999999546e+01
5.410000000000000000e+03 9.623073578000000339e+01
5.415000000000000000e+03 9.620523833999999397e+01
5.420000000000000000e+03 9.621476746000000446e+01
5.425000000000000000e+03 9.621849822999999446e+01
5.430000000000000000e+03 9.619964600000000132e+01
5.435000000000000000e+03 9.620520781999999826e+01
5.440000000000000000e+03 9.622839355000000694e+01
5.445000000000000000e+03 9.620768737999999587e+01
5.450000000000000000e+03 9.621024323000000322e+01
5.455000000000000000e+03 9.620095824999999934e+01
5.460000000000000000e+03 9.617459868999999628e+01
5.465000000000000000e+03 9.623148346000000686e+01
5.470000000000000000e+03 9.620536040999999727e+01
5.475000000000000000e+03 9.615884398999999405e+01
5.480000000000000000e+03 9.619869232000000636e+01
5.485000000000000000e+03 9.620706939999999463e+01
5.490000000000000000e+03 9.613834380999999496e+01
5.495000000000000000e+03 9.619853209999999422e+01
5.500000000000000000e+03 9.619109344000000306e+01
5.505000000000000000e+03 9.616007996000000446e+01
5.510000000000000000e+03 9.613657378999999992e+01
5.515000000000000000e+03 9.618096160999999711e+01
5.520000000000000000e+03 9.620439910999999711e+01
5.525000000000000000e+03 9.613932800000000611e+01
5.530000000000000000e+03 9.619457244999999546e+01
5.535000000000000000e+03 9.615979004000000430e+01
5.540000000000000000e+03 9.613784026999999810e+01
5.545000000000000000e+03 9.618740845000000661e+01
5.550000000000000000e+03 9.614974213000000702e+01
5.555000000000000000e+03 9.616850281000000678e+01
5.560000000000000000e+03 9.615730286000000149e+01
5.565000000000000000e+03 9.613607788000000198e+01
5.570000000000000000e+03 9.615203094000000306e+01
5.575000000000000000e+03 9.614939880000000016e+01
5.580000000000000000e+03 9.613121796000000074e+01
5.585000000000000000e+03 9.613989257999999438e+01
5.590000000000000000e+03 9.617042542000000083e+01
5.595000000000000000e+03 9.611122894000000372e+01
5.600000000000000000e+03 9.611436462000000347e+01
5.605000000000000000e+03 9.616540526999999372e+01
5.610000000000000000e+03 9.613219451999999876e+01
5.615000000000000000e+03 9.609809875000000545e+01
5.620000000000000000e+03 9.615399170000000595e+01
5.625000000000000000e+03 9.612323761000000388e+01
5.630000000000000000e+03 9.608858490000000074e+01
5.635000000000000000e+03 9.613371277000000248e+01
5.640000000000000000e+03 9.615518950999999959e+01
5.645000000000000000e+03 9.611013794000000132e+01
5.650000000000000000e+03 9.611928557999999612e+01
5.655000000000000000e+03 9.616903686999999934e+01
5.660000000000000000e+03 9.609761810000000537e+01
5.665000000000000000e+03 9.609548187000000041e+01
5.670000000000000000e+03 9.612915039000000661e+01
5.675000000000000000e+03 9.610320282000000702e+01
5.680000000000000000e+03 9.612168884000000446e+01
5.685000000000000000e+03 9.609285735999999645e+01
5.690000000000000000e+03 9.613155365000000074e+01
5.695000000000000000e+03 9.609748077000000421e+01
5.700000000000000000e+03 9.607247925000000066e+01
5.705000000000000000e+03 9.611117554000000496e+01
5.710000000000000000e+03 9.607417297000000644e+01
5.715000000000000000e+03 9.610269927999999595e+01
5.720000000000000000e+03 9.607163239000000488e+01
5.725000000000000000e+03 9.608872986000000083e+01
5.730000000000000000e+03 9.610565185999999471e+01
5.735000000000000000e+03 9.609049987999999587e+01
5.740000000000000000e+03 9.609391784999999686e+01
5.745000000000000000e+03 9.609629821999999422e+01
5.750000000000000000e+03 9.605407714999999769e+01
5.755000000000000000e+03 9.608169556000000000e+01
5.760000000000000000e+03 9.606462097000000711e+01
5.765000000000000000e+03 9.606790161000000694e+01
5.770000000000000000e+03 9.605526733000000661e+01
5.775000000000000000e+03 9.609790802000000554e+01
5.780000000000000000e+03 9.603884888000000331e+01
5.785000000000000000e+03 9.607852936000000454e+01
5.790000000000000000e+03 9.608797454999999843e+01
5.795000000000000000e+03 9.604427338000000702e+01
5.800000000000000000e+03 9.603904724000000215e+01
5.805000000000000000e+03 9.607507323999999471e+01
5.810000000000000000e+03 9.605407714999999769e+01
5.815000000000000000e+03 9.604129790999999727e+01
5.820000000000000000e+03 9.604237365999999554e+01
5.825000000000000000e+03 9.600809479000000124e+01
5.830000000000000000e+03 9.602011871000000554e+01
5.835000000000000000e+03 9.606932068000000413e+01
5.840000000000000000e+03 9.602883147999999380e+01
5.845000000000000000e+03 9.601715088000000264e+01
5.850000000000000000e+03 9.605272675000000504e+01
5.855000000000000000e+03 9.604193877999999529e+01
5.860000000000000000e+03 9.601324463000000264e+01
5.865000000000000000e+03 9.604731750000000545e+01
5.870000000000000000e+03 9.605126190000000008e+01
5.875000000000000000e+03 9.599716949000000454e+01
5.880000000000000000e+03 9.600961304000000496e+01
5.885000000000000000e+03 9.602364348999999777e+01
5.890000000000000000e+03 9.602185058999999967e+01
5.895000000000000000e+03 9.600801085999999884e+01
5.900000000000000000e+03 9.602575683999999967e+01
5.905000000000000000e+03 9.601395415999999727e+01
5.910000000000000000e+03 9.600888061999999934e+01
5.915000000000000000e+03 9.600714111000000628e+01
5.920000000000000000e+03 9.600640869000000066e+01
5.925000000000000000e+03 9.599447632000000397e+01
5.930000000000000000e+03 9.599569701999999438e+01
5.935000000000000000e+03 9.600508881000000372e+01
5.940000000000000000e+03 9.600234222000000273e+01
5.945000000000000000e+03 9.599264526000000330e+01
5.950000000000000000e+03 9.597048187000000041e+01
5.955000000000000000e+03 9.602801513999999372e+01
5.960000000000000000e+03 9.596310425000000066e+01
5.965000000000000000e+03 9.596703338999999744e+01
5.970000000000000000e+03 9.598860168000000215e+01
5.975000000000000000e+03 9.599444579999999405e+01
5.980000000000000000e+03 9.597516631999999959e+01
5.985000000000000000e+03 9.594557190000000446e+01
5.990000000000000000e+03 9.601569365999999661e+01
5.995000000000000000e+03 9.595187377999999967e+01
6.000000000000000000e+03 9.595885468000000174e+01
6.005000000000000000e+03 9.598593902999999727e+01
6.010000000000000000e+03 9.599956511999999975e+01
6.015000000000000000e+03 9.595997619999999984e+01
6.020000000000000000e+03 9.598719787999999653e+01
6.025000000000000000e+03 9.594863891999999339e+01
6.030000000000000000e+03 9.595324707000000330e+01
6.035000000000000000e+03 9.596265411000000256e+01
6.040000000000000000e+03 9.595671844000000306e+01
6.045000000000000000e+03 9.594616698999999471e+01
6.050000000000000000e+03 9.597047424000000149e+01
6.055000000000000000e+03 9.595038605000000587e+01
6.060000000000000000e+03 9.597058105000000694e+01
6.065000000000000000e+03 9.593925475999999719e+01
6.070000000000000000e+03 9.595562744000000066e+01
6.075000000000000000e+03 9.593165587999999389e+01
6.080000000000000000e+03 9.596136475000000132e+01
6.085000000000000000e+03 9.592375183000000050e+01
6.090000000000000000e+03 9.594803618999999628e+01
6.095000000000000000e+03 9.594516753999999992e+01
6.100000000000000000e+03 9.594120026000000223e+01
6.105000000000000000e+03 9.592507935000000430e+01
6.110000000000000000e+03 9.590243529999999339e+01
6.115000000000000000e+03 9.597799682999999504e+01
6.120000000000000000e+03 9.589844512999999893e+01
6.125000000000000000e+03 9.592267608999999595e+01
6.130000000000000000e+03 9.597368622000000471e+01
6.135000000000000000e+03 9.592553710999999339e+01
6.140000000000000000e+03 9.588982391000000405e+01
6.145000000000000000e+03 9.596561432000000025e+01
6.150000000000000000e+03 9.591186523000000363e+01
6.155000000000000000e+03 9.588619232000000636e+01
6.160000000000000000e+03 9.592423248000000058e+01
6.165000000000000000e+03 9.592213440000000446e+01
6.170000000000000000e+03 9.586463165000000686e+01
6.175000000000000000e+03 9.594848632999999438e+01
6.180000000000000000e+03 9.587313842999999736e+01
6.185000000000000000e+03 9.592980194000000438e+01
6.190000000000000000e+03 9.587445830999999430e+01
6.195000000000000000e+03 9.587245941000000471e+01
6.200000000000000000e+03 9.590763855000000149e+01
6.205000000000000000e+03 9.586706542999999670e+01
6.210000000000000000e+03 9.589321898999999405e+01
6.215000000000000000e+03 9.587231445000000463e+01
6.220000000000000000e+03 9.592249298000000124e+01
6.225000000000000000e+03 9.588423156999999719e+01
6.230000000000000000e+03 9.585591125000000545e+01
6.235000000000000000e+03 9.590622711000000322e+01
6.240000000000000000e+03 9.589273833999999397e+01
6.245000000000000000e+03 9.589139557000000025e+01
6.250000000000000000e+03 9.587485503999999992e+01
6.255000000000000000e+03 9.587487029999999777e+01
6.260000000000000000e+03 9.586182404000000190e+01
6.265000000000000000e+03 9.589221953999999926e+01
6.270000000000000000e+03 9.586315154999999777e+01
6.275000000000000000e+03 9.583653259000000446e+01
6.280000000000000000e+03 9.585823059000000512e+01
6.285000000000000000e+03 9.586508942000000388e+01
6.290000000000000000e+03 9.583692931999999587e+01
6.295000000000000000e+03 9.586929320999999504e+01
6.300000000000000000e+03 9.585120392000000322e+01
6.305000000000000000e+03 9.583284759999999380e+01
6.310000000000000000e+03 9.586913300000000504e+01
6.315000000000000000e+03 9.585964966000000231e+01
6.320000000000000000e+03 9.581642913999999678e+01
6.325000000000000000e+03 9.585676574999999389e+01
6.330000000000000000e+03 9.587155914000000223e+01
6.335000000000000000e+03 9.580776215000000207e+01
6.340000000000000000e+03 9.583106994999999984e+01
6.345000000000000000e+03 9.584193419999999719e+01
6.350000000000000000e+03 9.581872558999999967e+01
6.355000000000000000e+03 9.579946135999999512e+01
6.360000000000000000e+03 9.585389709000000380e+01
6.365000000000000000e+03 9.583197783999999331e+01
6.370000000000000000e+03 9.585894774999999868e+01
6.375000000000000000e+03 9.581377410999999711e+01
6.380000000000000000e+03 9.583652496000000554e+01
6.385000000000000000e+03 9.584535979999999711e+01
6.390000000000000000e+03 9.583177947999999446e+01
6.395000000000000000e+03 9.579188537999999653e+01
6.400000000000000000e+03 9.579743958000000248e+01
6.405000000000000000e+03 9.582181549000000587e+01
6.410000000000000000e+03 9.578165436000000454e+01
6.415000000000000000e+03 9.578745270000000289e+01
6.420000000000000000e+03 9.582743834999999422e+01
6.425000000000000000e+03 9.580631255999999496e+01
6.430000000000000000e+03 9.578199768000000347e+01
6.435000000000000000e+03 9.579850005999999496e+01
6.440000000000000000e+03 9.582110595999999703e+01
6.445000000000000000e+03 9.577310181000000000e+01
6.450000000000000000e+03 9.579348754999999471e+01
6.455000000000000000e+03 9.580957030999999802e+01
6.460000000000000000e+03 9.577301024999999868e+01
6.465000000000000000e+03 9.579053496999999595e+01
6.470000000000000000e+03 9.578710175000000504e+01
6.475000000000000000e+03 9.577387238000000025e+01
6.480000000000000000e+03 9.577901459000000273e+01
6.485000000000000000e+03 9.579708861999999669e+01
6.490000000000000000e+03 9.577457427999999595e+01
6.495000000000000000e+03 9.576442719000000636e+01
6.500000000000000000e+03 9.578921508999999901e+01
6.505000000000000000e+03 9.576266479000000231e+01
6.510000000000000000e+03 9.575955962999999826e+01
6.515000000000000000e+03 9.577969360000000165e+01
6.520000000000000000e+03 9.575801085999999884e+01
6.525000000000000000e+03 9.575026703000000339e+01
6.530000000000000000e+03 9.575796508999999901e+01
6.535000000000000000e+03 9.578010559000000512e+01
6.540000000000000000e+03 9.572223662999999760e+01
6.545000000000000000e+03 9.573612212999999826e+01
6.550000000000000000e+03 9.575325012000000413e+01
6.555000000000000000e+03 9.575897217000000694e+01
6.560000000000000000e+03 9.576412200999999413e+01
6.565000000000000000e+03 9.573293304000000603e+01
6.570000000000000000e+03 9.575514221000000248e+01
6.575000000000000000e+03 9.574248504999999909e+01
6.580000000000000000e+03 9.573088074000000347e+01
6.585000000000000000e+03 9.573548888999999917e+01
6.590000000000000000e+03 9.576110076999999876e+01
6.595000000000000000e+03 9.573180388999999479e+01
6.600000000000000000e+03 9.571670532000000264e+01
6.605000000000000000e+03 9.575543976000000157e+01
6.610000000000000000e+03 9.573027802000000008e+01
6.615000000000000000e+03 9.570539856000000611e+01
6.620000000000000000e+03 9.572079467999999736e+01
6.625000000000000000e+03 9.574045562999999959e+01
6.630000000000000000e+03 9.571533202999999901e+01
6.635000000000000000e+03 9.569158935999999471e+01
6.640000000000000000e+03 9.574979401000000223e+01
6.645000000000000000e+03 9.568758391999999446e+01
6.650000000000000000e+03 9.570614623999999537e+01
6.655000000000000000e+03 9.572999572999999884e+01
6.660000000000000000e+03 9.571652222000000165e+01
6.665000000000000000e+03 9.570331572999999992e+01
6.670000000000000000e+03 9.575141143999999827e+01
6.675000000000000000e+03 9.566147614000000488e+01
6.680000000000000000e+03 9.571102904999999339e+01
6.685000000000000000e+03 9.570109558000000050e+01
6.690000000000000000e+03 9.569731140000000380e+01
6.695000000000000000e+03 9.572637939000000529e+01
6.700000000000000000e+03 9.568734741000000099e+01
6.705000000000000000e+03 9.568819426999999678e+01
6.710000000000000000e+03 9.572969817999999975e+01
6.715000000000000000e+03 9.567749023000000363e+01
6.720000000000000000e+03 9.570499420000000157e+01
6.725000000000000000e+03 9.568564605999999628e+01
6.730000000000000000e+03 9.571910094999999785e+01
6.735000000000000000e+03 9.568184662000000174e+01
6.740000000000000000e+03 9.568549346999999727e+01
6.745000000000000000e+03 9.569950104000000124e+01
6.750000000000000000e+03 9.568635559000000512e+01
6.755000000000000000e+03 9.565171051000000091e+01
6.760000000000000000e+03 9.569790648999999405e+01
6.765000000000000000e+03 9.568459319999999479e+01
6.770000000000000000e+03 9.563074493000000587e+01
6.775000000000000000e+03 9.566251373000000058e+01
6.780000000000000000e+03 9.570101929000000496e+01
6.785000000000000000e+03 9.564142608999999595e+01
6.790000000000000000e+03 9.567942809999999554e+01
6.795000000000000000e+03 9.566714478000000099e+01
6.800000000000000000e+03 9.569074249000000520e+01
6.805000000000000000e+03 9.562722777999999835e+01
6.810000000000000000e+03 9.568405914000000223e+01
6.815000000000000000e+03 9.566417694000000438e+01
6.820000000000000000e+03 9.562560272000000339e+01
6.825000000000000000e+03 9.562965393000000347e+01
6.830000000000000000e+03 9.563983917000000190e+01
6.835000000000000000e+03 9.563990020999999331e+01
6.840000000000000000e+03 9.562507628999999554e+01
6.845000000000000000e+03 9.569619751000000463e+01
6.850000000000000000e+03 9.563597106999999653e+01
6.855000000000000000e+03 9.564339447000000405e+01
6.860000000000000000e+03 9.564793396000000314e+01
6.865000000000000000e+03 9.563980865000000620e+01
6.870000000000000000e+03 9.565308380000000454e+01
6.875000000000000000e+03 9.559861755000000016e+01
6.880000000000000000e+03 9.561467743000000041e+01
6.885000000000000000e+03 9.563774109000000578e+01
6.890000000000000000e+03 9.564511108000000661e+01
6.895000000000000000e+03 9.558426665999999727e+01
6.900000000000000000e+03 9.563555907999999306e+01
6.905000000000000000e+03 9.562947844999999347e+01
6.910000000000000000e+03 9.560278320000000463e+01
6.915000000000000000e+03 9.561640930000000083e+01
6.920000000000000000e+03 9.561788176999999678e+01
6.925000000000000000e+03 9.561938476999999637e+01
6.930000000000000000e+03 9.559613036999999736e+01
6.935000000000000000e+03 9.559353638000000331e+01
6.940000000000000000e+03 9.562403107000000091e+01
6.945000000000000000e+03 9.560314941000000033e+01
6.950000000000000000e+03 9.559695435000000430e+01
6.955000000000000000e+03 9.558044433999999967e+01
6.960000000000000000e+03 9.561820221000000686e+01
6.965000000000000000e+03 9.561728668000000653e+01
6.970000000000000000e+03 9.558220672999999579e+01
6.975000000000000000e+03 9.560121155000000215e+01
6.980000000000000000e+03 9.559936523000000363e+01
6.985000000000000000e+03 9.560482025000000306e+01
6.990000000000000000e+03 9.557562255999999934e+01
6.995000000000000000e+03 9.561518096999999727e+01
7.000000000000000000e+03 9.558887482000000091e+01
7.005000000000000000e+03 9.555268859999999620e+01
7.010000000000000000e+03 9.559352875000000438e+01
7.015000000000000000e+03 9.561758423000000562e+01
7.020000000000000000e+03 9.555766296000000182e+01
7.025000000000000000e+03 9.556735229000000231e+01
7.030000000000000000e+03 9.558618927000000554e+01
7.035000000000000000e+03 9.558802031999999826e+01
7.040000000000000000e+03 9.556162261999999430e+01
7.045000000000000000e+03 9.557335663000000636e+01
7.050000000000000000e+03 9.558266448999999909e+01
7.055000000000000000e+03 9.558351134999999488e+01
7.060000000000000000e+03 9.554351044000000570e+01
7.065000000000000000e+03 9.558259583000000248e+01
7.070000000000000000e+03 9.558511353000000099e+01
7.075000000000000000e+03 9.556634520999999438e+01
7.080000000000000000e+03 9.553908538999999678e+01
7.085000000000000000e+03 9.554810333000000355e+01
7.090000000000000000e+03 9.558432007000000397e+01
7.095000000000000000e+03 9.554196167000000628e+01
7.100000000000000000e+03 9.553070830999999430e+01
7.105000000000000000e+03 9.559770966000000669e+01
7.110000000000000000e+03 9.553083037999999760e+01
7.115000000000000000e+03 9.551772307999999612e+01
7.120000000000000000e+03 9.555232239000000050e+01
7.125000000000000000e+03 9.556153869999999984e+01
7.130000000000000000e+03 9.551292419000000677e+01
7.135000000000000000e+03 9.554396056999999587e+01
7.140000000000000000e+03 9.556076812999999959e+01
7.145000000000000000e+03 9.553526306000000545e+01
7.150000000000000000e+03 9.555018615999999554e+01
7.155000000000000000e+03 9.554170990000000074e+01
7.160000000000000000e+03 9.554520415999999727e+01
7.165000000000000000e+03 9.552256011999999430e+01
7.170000000000000000e+03 9.552943419999999719e+01
7.175000000000000000e+03 9.552366637999999455e+01
7.180000000000000000e+03 9.554798888999999917e+01
7.185000000000000000e+03 9.552769469999999785e+01
7.190000000000000000e+03 9.549640655999999694e+01
7.195000000000000000e+03 9.553934479000000124e+01
7.200000000000000000e+03 9.555278015000000380e+01
7.205000000000000000e+03 9.548736571999999967e+01
7.210000000000000000e+03 9.551773070999999504e+01
7.215000000000000000e+03 9.553230286000000149e+01
7.220000000000000000e+03 9.550544739000000050e+01
7.225000000000000000e+03 9.549721526999999810e+01
7.230000000000000000e+03 9.551789092999999298e+01
7.235000000000000000e+03 9.552589417000000083e+01
7.240000000000000000e+03 9.548112487999999587e+01
7.245000000000000000e+03 9.546700287000000174e+01
7.250000000000000000e+03 9.554613494999999546e+01
7.255000000000000000e+03 9.549200439000000529e+01
7.260000000000000000e+03 9.548499298000000124e+01
7.265000000000000000e+03 9.550180054000000496e+01
7.270000000000000000e+03 9.552220916999999645e+01
7.275000000000000000e+03 9.551283263999999917e+01
7.280000000000000000e+03 9.545867157000000702e+01
7.285000000000000000e+03 9.551511383000000421e+01
7.290000000000000000e+03 9.551999664000000223e+01
7.295000000000000000e+03 9.546543121000000554e+01
7.300000000000000000e+03 9.547634125000000438e+01
7.305000000000000000e+03 9.552198029000000190e+01
7.310000000000000000e+03 9.548613738999999612e+01
7.315000000000000000e+03 9.545449066000000471e+01
7.320000000000000000e+03 9.550404358000000116e+01
7.325000000000000000e+03 9.550041199000000347e+01
7.330000000000000000e+03 9.543791199000000347e+01
7.335000000000000000e+03 9.547428130999999496e+01
7.340000000000000000e+03 9.548671722000000273e+01
7.345000000000000000e+03 9.547520446999999422e+01
7.350000000000000000e+03 9.545163727000000620e+01
7.355000000000000000e+03 9.551576233000000116e+01
7.360000000000000000e+03 9.546408080999999868e+01
7.365000000000000000e+03 9.546938323999999909e+01
7.370000000000000000e+03 9.547150421000000620e+01
7.375000000000000000e+03 9.549850463999999306e+01
7.380000000000000000e+03 9.546169281000000240e+01
7.385000000000000000e+03 9.543698883000000421e+01
7.390000000000000000e+03 9.544722747999999513e+01
7.395000000000000000e+03 9.546298217999999736e+01
7.400000000000000000e+03 9.545233917000000190e+01
7.405000000000000000e+03 9.545030212000000347e+01
7.410000000000000000e+03 9.545236968999999760e+01
7.415000000000000000e+03 9.547522736000000521e+01
7.420000000000000000e+03 9.544065856999999653e+01
7.425000000000000000e+03 9.544660186999999496e+01
7.430000000000000000e+03 9.546283721999999727e+01
7.435000000000000000e+03 9.544801330999999323e+01
7.440000000000000000e+03 9.543295288000000198e+01
7.445000000000000000e+03 9.546924590999999793e+01
7.450000000000000000e+03 9.544309997999999950e+01
7.455000000000000000e+03 9.544375610000000165e+01
7.460000000000000000e+03 9.544596862999999587e+01
7.465000000000000000e+03 9.545412444999999479e+01
7.470000000000000000e+03 9.544879912999999760e+01
7.475000000000000000e+03 9.545562744000000066e+01
7.480000000000000000e+03 9.540180205999999430e+01
7.485000000000000000e+03 9.544309235000000058e+01
7.490000000000000000e+03 9.545883942000000388e+01
7.495000000000000000e+03 9.542157745000000091e+01
7.500000000000000000e+03 9.544149779999999339e+01
7.505000000000000000e+03 9.545117949999999496e+01
7.510000000000000000e+03 9.540940856999999653e+01
7.515000000000000000e+03 9.542613982999999678e+01
7.520000000000000000e+03 9.543649292000000628e+01
7.525000000000000000e+03 9.542550658999999769e+01
7.530000000000000000e+03 9.539340973000000190e+01
7.535000000000000000e+03 9.541595458999999835e+01
7.540000000000000000e+03 9.545248413000000198e+01
7.545000000000000000e+03 9.540016174000000149e+01
7.550000000000000000e+03 9.539186859000000140e+01
7.555000000000000000e+03 9.544349669999999719e+01
7.560000000000000000e+03 9.543852234000000578e+01
7.565000000000000000e+03 9.538938903999999752e+01
7.570000000000000000e+03 9.540567016999999339e+01
7.575000000000000000e+03 9.543035888999999372e+01
7.580000000000000000e+03 9.541701507999999876e+01
7.585000000000000000e+03 9.541404724000000215e+01
7.590000000000000000e+03 9.542103577000000314e+01
7.595000000000000000e+03 9.543804932000000463e+01
7.600000000000000000e+03 9.540495300000000611e+01
7.605000000000000000e+03 9.538291168000000653e+01
7.610000000000000000e+03 9.541580962999999826e+01
7.615000000000000000e+03 9.538418579000000364e+01
7.620000000000000000e+03 9.539328002999999967e+01
7.625000000000000000e+03 9.539959717000000694e+01
7.630000000000000000e+03 9.540502166999999645e+01
7.635000000000000000e+03 9.539694977000000620e+01
7.640000000000000000e+03 9.536214447000000405e+01
7.645000000000000000e+03 9.542919159000000207e+01
7.650000000000000000e+03 9.540298461999999802e+01
7.655000000000000000e+03 9.537049102999999661e+01
7.660000000000000000e+03 9.538581084999999860e+01
7.665000000000000000e+03 9.540996552000000008e+01
7.670000000000000000e+03 9.537862395999999876e+01
7.675000000000000000e+03 9.539301299999999628e+01
7.680000000000000000e+03 9.539957427999999595e+01
7.685000000000000000e+03 9.537757874000000413e+01
7.690000000000000000e+03 9.536683655000000215e+01
7.695000000000000000e+03 9.538786315999999488e+01
7.700000000000000000e+03 9.538993834999999422e+01
7.705000000000000000e+03 9.535726929000000496e+01
7.710000000000000000e+03 9.537809753000000512e+01
7.715000000000000000e+03 9.537175750999999480e+01
7.720000000000000000e+03 9.537832641999999339e+01
7.725000000000000000e+03 9.537967682000000025e+01
7.730000000000000000e+03 9.537837982000000636e+01
7.735000000000000000e+03 9.535198975000000132e+01
7.740000000000000000e+03 9.537629699999999389e+01
7.745000000000000000e+03 9.536192321999999422e+01
7.750000000000000000e+03 9.536595916999999645e+01
7.755000000000000000e+03 9.534207915999999727e+01
7.760000000000000000e+03 9.536417389000000355e+01
7.765000000000000000e+03 9.534476471000000686e+01
7.770000000000000000e+03 9.533480835000000297e+01
7.775000000000000000e+03 9.537746429000000603e+01
7.780000000000000000e+03 9.532592010000000471e+01
7.785000000000000000e+03 9.532146453999999380e+01
7.790000000000000000e+03 9.535826111000000083e+01
7.795000000000000000e+03 9.537026978000000099e+01
7.800000000000000000e+03 9.535744476000000702e+01
7.805000000000000000e+03 9.536231994999999984e+01
7.810000000000000000e+03 9.532071686000000454e+01
7.815000000000000000e+03 9.532556151999999372e+01
7.820000000000000000e+03 9.536038971000000686e+01
7.825000000000000000e+03 9.531882477000000620e+01
7.830000000000000000e+03 9.536093902999999727e+01
7.835000000000000000e+03 9.533429717999999298e+01
7.840000000000000000e+03 9.528793335000000297e+01
7.845000000000000000e+03 9.532711792000000628e+01
7.850000000000000000e+03 9.531807709000000273e+01
7.855000000000000000e+03 9.530410766999999339e+01
7.860000000000000000e+03 9.534076690999999926e+01
7.865000000000000000e+03 9.530448151000000223e+01
7.870000000000000000e+03 9.530570221000000686e+01
7.875000000000000000e+03 9.534591675000000066e+01
7.880000000000000000e+03 9.532983398000000363e+01
7.885000000000000000e+03 9.533868407999999306e+01
7.890000000000000000e+03 9.533217621000000008e+01
7.895000000000000000e+03 9.531999206999999785e+01
7.900000000000000000e+03 9.531482696999999860e+01
7.905000000000000000e+03 9.533941649999999868e+01
7.910000000000000000e+03 9.529790497000000471e+01
7.915000000000000000e+03 9.533700561999999934e+01
7.920000000000000000e+03 9.531473540999999727e+01
7.925000000000000000e+03 9.530261230000000694e+01
7.930000000000000000e+03 9.527761841000000231e+01
7.935000000000000000e+03 9.532144927999999595e+01
7.940000000000000000e+03 9.532759857000000636e+01
7.945000000000000000e+03 9.526925658999999769e+01
7.950000000000000000e+03 9.527303313999999546e+01
7.955000000000000000e+03 9.533015441999999950e+01
7.960000000000000000e+03 9.531974791999999752e+01
7.965000000000000000e+03 9.531259918000000653e+01
7.970000000000000000e+03 9.532562255999999934e+01
7.975000000000000000e+03 9.526628875999999480e+01
7.980000000000000000e+03 9.527767944000000000e+01
7.985000000000000000e+03 9.538255309999999554e+01
7.990000000000000000e+03 9.529880523999999298e+01
7.995000000000000000e+03 9.525510405999999364e+01
8.000000000000000000e+03 9.531011963000000264e+01
8.005000000000000000e+03 9.527782440000000008e+01
8.010000000000000000e+03 9.526293182000000570e+01
8.015000000000000000e+03 9.527420807000000025e+01
8.020000000000000000e+03 9.532400513000000331e+01
8.025000000000000000e+03 9.526377105999999628e+01
8.030000000000000000e+03 9.529613494999999546e+01
8.035000000000000000e+03 9.528624725000000240e+01
8.040000000000000000e+03 9.525881194999999479e+01
8.045000000000000000e+03 9.527240752999999529e+01
8.050000000000000000e+03 9.527793884000000446e+01
8.055000000000000000e+03 9.526084899999999323e+01
8.060000000000000000e+03 9.527015686000000017e+01
8.065000000000000000e+03 9.528966522000000339e+01
8.070000000000000000e+03 9.526631165000000578e+01
8.075000000000000000e+03 9.526696013999999479e+01
8.080000000000000000e+03 9.525951385000000471e+01
8.085000000000000000e+03 9.524721526999999810e+01
8.090000000000000000e+03 9.523447418000000653e+01
8.095000000000000000e+03 9.527831267999999909e+01
8.100000000000000000e+03 9.523016357000000198e+01
8.105000000000000000e+03 9.528092193999999893e+01
8.110000000000000000e+03 9.524497986000000083e+01
8.115000000000000000e+03 9.525019072999999992e+01
8.120000000000000000e+03 9.524298858999999595e+01
8.125000000000000000e+03 9.524346160999999711e+01
8.130000000000000000e+03 9.521501159999999686e+01
8.135000000000000000e+03 9.519142150999999785e+01
8.140000000000000000e+03 9.523769378999999446e+01
8.145000000000000000e+03 9.527272797000000537e+01
8.150000000000000000e+03 9.519702911000000256e+01
8.155000000000000000e+03 9.521331786999999736e+01
8.160000000000000000e+03 9.524201965000000314e+01
8.165000000000000000e+03 9.525450134000000446e+01
8.170000000000000000e+03 9.523179625999999587e+01
8.175000000000000000e+03 9.523325348000000190e+01
8.180000000000000000e+03 9.518360137999999893e+01
8.185000000000000000e+03 9.522158050999999546e+01
8.190000000000000000e+03 9.517029571999999860e+01
8.195000000000000000e+03 9.520190429999999537e+01
8.200000000000000000e+03 9.518945313000000397e+01
8.205000000000000000e+03 9.522688293000000215e+01
8.210000000000000000e+03 9.514260864000000595e+01
8.215000000000000000e+03 9.520334624999999562e+01
8.220000000000000000e+03 9.520942687999999521e+01
8.225000000000000000e+03 9.520636749000000520e+01
8.230000000000000000e+03 9.514113616999999579e+01
8.235000000000000000e+03 9.519524384000000339e+01
8.240000000000000000e+03 9.517665863000000570e+01
8.245000000000000000e+03 9.512618256000000372e+01
8.250000000000000000e+03 9.514572905999999364e+01
8.255000000000000000e+03 9.519213867000000562e+01
8.260000000000000000e+03 9.513880156999999826e+01
8.265000000000000000e+03 9.516741942999999537e+01
8.270000000000000000e+03 9.518033599999999694e+01
8.275000000000000000e+03 9.510482025000000306e+01
8.280000000000000000e+03 9.511758423000000562e+01
8.285000000000000000e+03 9.511616515999999422e+01
8.290000000000000000e+03 9.512004851999999744e+01
8.295000000000000000e+03 9.510810852000000182e+01
8.300000000000000000e+03 9.515064239999999529e+01
8.305000000000000000e+03 9.511976624000000413e+01
8.310000000000000000e+03 9.510673522999999818e+01
8.315000000000000000e+03 9.514762878000000512e+01
8.320000000000000000e+03 9.509276581000000306e+01
8.325000000000000000e+03 9.506041718000000174e+01
8.330000000000000000e+03 9.513433075000000372e+01
8.335000000000000000e+03 9.506552123999999537e+01
8.340000000000000000e+03 9.507141876000000025e+01
8.345000000000000000e+03 9.507079315000000008e+01
8.350000000000000000e+03 9.508660125999999480e+01
8.355000000000000000e+03 9.507607269000000372e+01
8.360000000000000000e+03 9.504322052000000554e+01
8.365000000000000000e+03 9.505455779999999777e+01
8.370000000000000000e+03 9.503290558000000487e+01
8.375000000000000000e+03 9.506986999999999455e+01
8.380000000000000000e+03 9.504951477000000182e+01
8.385000000000000000e+03 9.503554535000000669e+01
8.390000000000000000e+03 9.506781005999999934e+01
8.395000000000000000e+03 9.509619141000000297e+01
8.400000000000000000e+03 9.506897736000000521e+01
8.405000000000000000e+03 9.507101439999999570e+01
8.410000000000000000e+03 9.510931395999999438e+01
8.415000000000000000e+03 9.508810425000000066e+01
8.420000000000000000e+03 9.500662993999999628e+01
8.425000000000000000e+03 9.502471160999999711e+01
8.430000000000000000e+03 9.509175872999999513e+01
8.435000000000000000e+03 9.499194335999999339e+01
8.440000000000000000e+03 9.508956145999999876e+01
8.445000000000000000e+03 9.504631804999999645e+01
8.450000000000000000e+03 9.505756377999999529e+01
8.455000000000000000e+03 9.505275726000000702e+01
8.460000000000000000e+03 9.504257201999999438e+01
8.465000000000000000e+03 9.504975127999999529e+01
8.470000000000000000e+03 9.504092407000000264e+01
8.475000000000000000e+03 9.506256104000000562e+01
8.480000000000000000e+03 9.502034759999999380e+01
8.485000000000000000e+03 9.502580260999999950e+01
8.490000000000000000e+03 9.503590393000000347e+01
8.495000000000000000e+03 9.504252624999999455e+01
8.500000000000000000e+03 9.499218750000000000e+01
8.505000000000000000e+03 9.503624725000000240e+01
8.510000000000000000e+03 9.505126952999999901e+01
8.515000000000000000e+03 9.504949951000000397e+01
8.520000000000000000e+03 9.503709412000000611e+01
8.525000000000000000e+03 9.497472381999999413e+01
8.530000000000000000e+03 9.499593353000000207e+01
8.535000000000000000e+03 9.501998901000000330e+01
8.540000000000000000e+03 9.513985442999999975e+01
8.545000000000000000e+03 9.510274506000000372e+01
8.550000000000000000e+03 9.505801391999999339e+01
8.555000000000000000e+03 9.500675200999999959e+01
8.560000000000000000e+03 9.501547241000000099e+01
8.565000000000000000e+03 9.503879546999999661e+01
8.570000000000000000e+03 9.505667877000000487e+01
8.575000000000000000e+03 9.497644042999999670e+01
8.580000000000000000e+03 9.502056885000000364e+01
8.585000000000000000e+03 9.510231781000000240e+01
8.590000000000000000e+03 9.512374115000000074e+01
8.595000000000000000e+03 9.509169769000000372e+01
8.600000000000000000e+03 9.502166748000000496e+01
8.605000000000000000e+03 9.506900023999999405e+01
8.610000000000000000e+03 9.505638885000000471e+01
8.615000000000000000e+03 9.513543701000000397e+01
8.620000000000000000e+03 9.506072998000000496e+01
8.625000000000000000e+03 9.493441771999999901e+01
8.630000000000000000e+03 9.511912537000000611e+01
8.635000000000000000e+03 9.507078552000000116e+01
8.640000000000000000e+03 9.503284453999999926e+01
8.645000000000000000e+03 9.515835570999999504e+01
8.650000000000000000e+03 9.500757599000000653e+01
8.655000000000000000e+03 9.498838806000000545e+01
8.660000000000000000e+03 9.499909209999999860e+01
8.665000000000000000e+03 9.505808258000000421e+01
8.670000000000000000e+03 9.501573181000000545e+01
8.675000000000000000e+03 9.510010529000000190e+01
8.680000000000000000e+03 9.508380889999999397e+01
8.685000000000000000e+03 9.516464233000000661e+01
8.690000000000000000e+03 9.507611083999999835e+01
8.695000000000000000e+03 9.508812713999999744e+01
8.700000000000000000e+03 9.520661925999999653e+01
8.705000000000000000e+03 9.502718353000000207e+01
8.710000000000000000e+03 9.515354919000000677e+01
8.715000000000000000e+03 9.486921691999999950e+01
8.720000000000000000e+03 9.523880767999999364e+01
8.725000000000000000e+03 9.503349303999999620e+01
8.730000000000000000e+03 9.499642181000000107e+01
8.735000000000000000e+03 9.504583739999999636e+01
8.740000000000000000e+03 9.509655761999999868e+01
8.745000000000000000e+03 9.499367522999999380e+01
8.750000000000000000e+03 9.489556122000000471e+01
8.755000000000000000e+03 9.519223784999999793e+01
8.760000000000000000e+03 9.521513367000000017e+01
8.765000000000000000e+03 9.501450348000000190e+01
8.770000000000000000e+03 9.501002502000000050e+01
8.775000000000000000e+03 9.523006438999999546e+01
8.780000000000000000e+03 9.516842651000000330e+01
8.785000000000000000e+03 9.522064208999999835e+01
8.790000000000000000e+03 9.501789856000000611e+01
8.795000000000000000e+03 9.487638855000000149e+01
8.800000000000000000e+03 9.498668671000000074e+01
8.805000000000000000e+03 9.508885193000000413e+01
8.810000000000000000e+03 9.519615935999999579e+01
8.815000000000000000e+03 9.502258301000000529e+01
8.820000000000000000e+03 9.500908660999999711e+01
8.825000000000000000e+03 9.497718048000000124e+01
8.830000000000000000e+03 9.508457946999999422e+01
8.835000000000000000e+03 9.501813506999999959e+01
8.840000000000000000e+03 9.500014496000000008e+01
8.845000000000000000e+03 9.510465240000000620e+01
8.850000000000000000e+03 9.508862304999999537e+01
8.855000000000000000e+03 9.511875915999999620e+01
8.860000000000000000e+03 9.521161652000000686e+01
8.865000000000000000e+03 9.501213074000000347e+01
8.870000000000000000e+03 9.526774597000000711e+01
8.875000000000000000e+03 9.544882201999999438e+01
8.880000000000000000e+03 9.515349578999999380e+01
8.885000000000000000e+03 9.510855103000000099e+01
8.890000000000000000e+03 9.517352295000000595e+01
8.895000000000000000e+03 9.499111938000000066e+01
8.900000000000000000e+03 9.524116515999999422e+01
8.905000000000000000e+03 9.523875427000000116e+01
8.910000000000000000e+03 9.520046234000000140e+01
8.915000000000000000e+03 9.523366547000000537e+01
8.920000000000000000e+03 9.538964081000000306e+01
8.925000000000000000e+03 9.496656036000000256e+01
8.930000000000000000e+03 9.473036956999999347e+01
8.935000000000000000e+03 9.545330810999999471e+01
8.940000000000000000e+03 9.520498657000000264e+01
8.945000000000000000e+03 9.491134644000000264e+01
8.950000000000000000e+03 9.483441161999999736e+01
8.955000000000000000e+03 9.468011475000000132e+01
8.960000000000000000e+03 9.512988280999999802e+01
8.965000000000000000e+03 9.484098815999999488e+01
8.970000000000000000e+03 9.480072020999999438e+01
8.975000000000000000e+03 9.493971252000000050e+01
8.980000000000000000e+03 9.512808990000000620e+01
8.985000000000000000e+03 9.499300384999999380e+01
8.990000000000000000e+03 9.509333037999999760e+01
8.995000000000000000e+03 9.487014770999999769e+01
9.000000000000000000e+03 9.479528046000000074e+01
9.005000000000000000e+03 9.491532897999999818e+01
9.010000000000000000e+03 9.481945801000000529e+01
9.015000000000000000e+03 9.479061126999999942e+01
9.020000000000000000e+03 9.488650513000000331e+01
9.025000000000000000e+03 9.487465668000000107e+01
9.030000000000000000e+03 9.477291870000000529e+01
9.035000000000000000e+03 9.484394072999999992e+01
9.040000000000000000e+03 9.487726592999999298e+01
9.045000000000000000e+03 9.478293610000000058e+01
9.050000000000000000e+03 9.480534362999999587e+01
9.055000000000000000e+03 9.490278625000000545e+01
9.060000000000000000e+03 9.480558777000000248e+01
9.065000000000000000e+03 9.480058289000000116e+01
9.070000000000000000e+03 9.482865906000000678e+01
9.075000000000000000e+03 9.483836365000000512e+01
9.080000000000000000e+03 9.478523253999999554e+01
9.085000000000000000e+03 9.482872009000000446e+01
9.090000000000000000e+03 9.482241057999999612e+01
9.095000000000000000e+03 9.485231781000000240e+01
9.100000000000000000e+03 9.478742981000000611e+01
9.105000000000000000e+03 9.480410003999999446e+01
9.110000000000000000e+03 9.480425261999999975e+01
9.115000000000000000e+03 9.484840393000000347e+01
9.120000000000000000e+03 9.477342224000000215e+01
9.125000000000000000e+03 9.479992676000000529e+01
9.130000000000000000e+03 9.485250854000000231e+01
9.135000000000000000e+03 9.478287505999999496e+01
9.140000000000000000e+03 9.476837157999999306e+01
9.145000000000000000e+03 9.484104919000000677e+01
9.150000000000000000e+03 9.482853699000000347e+01
9.155000000000000000e+03 9.477339935000000537e+01
9.160000000000000000e+03 9.479631041999999752e+01
9.165000000000000000e+03 9.480499267999999802e+01
9.170000000000000000e+03 9.478285216999999818e+01
9.175000000000000000e+03 9.479470062000000041e+01
9.180000000000000000e+03 9.479295349000000215e+01
9.185000000000000000e+03 9.479319762999999455e+01
9.190000000000000000e+03 9.477739716000000669e+01
9.195000000000000000e+03 9.482223510999999405e+01
9.200000000000000000e+03 9.476278686999999934e+01
9.205000000000000000e+03 9.478518676999999570e+01
9.210000000000000000e+03 9.478668213000000264e+01
9.215000000000000000e+03 9.478142547999999579e+01
9.220000000000000000e+03 9.474372101000000157e+01
9.225000000000000000e+03 9.482067107999999678e+01
9.230000000000000000e+03 9.476226807000000463e+01
9.235000000000000000e+03 9.475163268999999389e+01
9.240000000000000000e+03 9.479550170999999636e+01
9.245000000000000000e+03 9.479329681000000107e+01
9.250000000000000000e+03 9.473892211999999802e+01
9.255000000000000000e+03 9.478393554999999537e+01
9.260000000000000000e+03 9.479927825999999413e+01
9.265000000000000000e+03 9.471742249000000413e+01
9.270000000000000000e+03 9.478376006999999959e+01
9.275000000000000000e+03 9.479601288000000636e+01
9.280000000000000000e+03 9.474456023999999843e+01
9.285000000000000000e+03 9.475087738000000570e+01
9.290000000000000000e+03 9.474604033999999331e+01
9.295000000000000000e+03 9.474874115000000074e+01
9.300000000000000000e+03 9.471779632999999876e+01
9.305000000000000000e+03 9.476141357000000198e+01
9.310000000000000000e+03 9.479044342000000256e+01
9.315000000000000000e+03 9.472817229999999711e+01
9.320000000000000000e+03 9.469513702000000421e+01
9.325000000000000000e+03 9.480638885000000471e+01
9.330000000000000000e+03 9.473072052000000554e+01
9.335000000000000000e+03 9.468096160999999711e+01
9.340000000000000000e+03 9.475671386999999868e+01
9.345000000000000000e+03 9.477365874999999562e+01
9.350000000000000000e+03 9.467532348999999670e+01
9.355000000000000000e+03 9.471551513999999372e+01
9.360000000000000000e+03 9.478314208999999835e+01
9.365000000000000000e+03 9.466804503999999554e+01
9.370000000000000000e+03 9.467459105999999736e+01
9.375000000000000000e+03 9.475502013999999917e+01
9.380000000000000000e+03 9.470510864000000595e+01
9.385000000000000000e+03 9.462596892999999909e+01
9.390000000000000000e+03 9.468959807999999612e+01
9.395000000000000000e+03 9.470243834999999422e+01
9.400000000000000000e+03 9.461642455999999868e+01
9.405000000000000000e+03 9.464324951000000397e+01
9.410000000000000000e+03 9.469890594000000306e+01
9.415000000000000000e+03 9.468110656999999719e+01
9.420000000000000000e+03 9.463066100999999719e+01
9.425000000000000000e+03 9.465958405000000653e+01
9.430000000000000000e+03 9.470611571999999967e+01
9.435000000000000000e+03 9.457624816999999950e+01
9.440000000000000000e+03 9.467388916000000165e+01
9.445000000000000000e+03 9.465139770999999769e+01
9.450000000000000000e+03 9.470766448999999909e+01
9.455000000000000000e+03 9.459457396999999901e+01
9.460000000000000000e+03 9.464193726000000595e+01
9.465000000000000000e+03 9.468687438999999983e+01
9.470000000000000000e+03 9.466088104000000669e+01
9.475000000000000000e+03 9.458893584999999860e+01
9.480000000000000000e+03 9.468962860000000603e+01
9.485000000000000000e+03 9.470074463000000264e+01
9.490000000000000000e+03 9.460437011999999868e+01
9.495000000000000000e+03 9.464714813000000504e+01
9.500000000000000000e+03 9.471721648999999843e+01
9.505000000000000000e+03 9.460511017000000322e+01
9.510000000000000000e+03 9.463943480999999736e+01
9.515000000000000000e+03 9.463537598000000628e+01
9.520000000000000000e+03 9.469133759000000339e+01
9.525000000000000000e+03 9.462332152999999835e+01
9.530000000000000000e+03 9.468060303000000033e+01
9.535000000000000000e+03 9.465190124999999455e+01
9.540000000000000000e+03 9.465951538000000198e+01
9.545000000000000000e+03 9.468229675000000611e+01
9.550000000000000000e+03 9.467784118999999521e+01
9.555000000000000000e+03 9.463923644999999851e+01
9.560000000000000000e+03 9.468319701999999438e+01
9.565000000000000000e+03 9.468627929999999537e+01
9.570000000000000000e+03 9.464707183999999529e+01
9.575000000000000000e+03 9.466031646999999793e+01
9.580000000000000000e+03 9.469879149999999868e+01
9.585000000000000000e+03 9.465834807999999612e+01
9.590000000000000000e+03 9.463227080999999430e+01
9.595000000000000000e+03 9.473365784000000644e+01
9.600000000000000000e+03 9.461962891000000297e+01
9.605000000000000000e+03 9.464933777000000248e+01
9.610000000000000000e+03 9.469507599000000653e+01
9.615000000000000000e+03 9.466049956999999893e+01
9.620000000000000000e+03 9.463486480999999628e+01
9.625000000000000000e+03 9.466996765000000380e+01
9.630000000000000000e+03 9.469948578000000339e+01
9.635000000000000000e+03 9.468878936999999496e+01
9.640000000000000000e+03 9.460645293999999694e+01
9.645000000000000000e+03 9.470722960999999884e+01
9.650000000000000000e+03 9.468444060999999579e+01
9.655000000000000000e+03 9.459481811999999934e+01
9.660000000000000000e+03 9.473865508999999463e+01
9.665000000000000000e+03 9.473931122000000471e+01
9.670000000000000000e+03 9.458468627999999967e+01
9.675000000000000000e+03 9.471115111999999669e+01
9.680000000000000000e+03 9.470660399999999868e+01
9.685000000000000000e+03 9.457028961000000322e+01
9.690000000000000000e+03 9.469301604999999711e+01
9.695000000000000000e+03 9.469692992999999603e+01
9.700000000000000000e+03 9.462473296999999661e+01
9.705000000000000000e+03 9.466900635000000364e+01
9.710000000000000000e+03 9.467747497999999950e+01
9.715000000000000000e+03 9.466349030000000653e+01
9.720000000000000000e+03 9.466043854000000124e+01
9.725000000000000000e+03 9.470411681999999587e+01
9.730000000000000000e+03 9.463188934000000074e+01
9.735000000000000000e+03 9.464093017999999802e+01
9.740000000000000000e+03 9.466754912999999760e+01
9.745000000000000000e+03 9.467541504000000430e+01
9.750000000000000000e+03 9.465216064000000529e+01
9.755000000000000000e+03 9.465515136999999868e+01
9.760000000000000000e+03 9.464790343999999322e+01
9.765000000000000000e+03 9.465335846000000686e+01
9.770000000000000000e+03 9.472902679000000603e+01
9.775000000000000000e+03 9.457350922000000537e+01
9.780000000000000000e+03 9.463437652999999727e+01
9.785000000000000000e+03 9.470338440000000446e+01
9.790000000000000000e+03 9.466993712999999389e+01
9.795000000000000000e+03 9.460440063000000066e+01
9.800000000000000000e+03 9.466619873000000496e+01
9.805000000000000000e+03 9.468240355999999736e+01
9.810000000000000000e+03 9.463652039000000116e+01
9.815000000000000000e+03 9.458627319000000000e+01
9.820000000000000000e+03 9.469348906999999826e+01
9.825000000000000000e+03 9.469194794000000570e+01
9.830000000000000000e+03 9.456158446999999967e+01
9.835000000000000000e+03 9.466189574999999934e+01
9.840000000000000000e+03 9.470558929000000603e+01
9.845000000000000000e+03 9.460375213999999744e+01
9.850000000000000000e+03 9.460690307999999504e+01
9.855000000000000000e+03 9.462567138999999372e+01
9.860000000000000000e+03 9.472229767000000322e+01
9.865000000000000000e+03 9.469615172999999686e+01
9.870000000000000000e+03 9.459284972999999752e+01
9.875000000000000000e+03 9.465982056000000000e+01
9.880000000000000000e+03 9.468469238000000132e+01
9.885000000000000000e+03 9.461585236000000521e+01
9.890000000000000000e+03 9.459045410000000231e+01
9.895000000000000000e+03 9.462148285000000669e+01
9.900000000000000000e+03 9.462918854000000124e+01
9.905000000000000000e+03 9.458636475000000132e+01
9.910000000000000000e+03 9.465766906999999719e+01
9.915000000000000000e+03 9.466896056999999587e+01
9.920000000000000000e+03 9.455661773999999298e+01
9.925000000000000000e+03 9.466804503999999554e+01
9.930000000000000000e+03 9.473271941999999513e+01
9.935000000000000000e+03 9.448120117000000562e+01
9.940000000000000000e+03 9.471672058000000050e+01
9.945000000000000000e+03 9.458239745999999570e+01
9.950000000000000000e+03 9.466870117000000562e+01
9.955000000000000000e+03 9.458899689000000421e+01
9.960000000000000000e+03 9.469968414000000223e+01
9.965000000000000000e+03 9.465245056000000545e+01
9.970000000000000000e+03 9.454079437000000041e+01
9.975000000000000000e+03 9.475888824000000454e+01
9.980000000000000000e+03 9.444829559000000074e+01
9.985000000000000000e+03 9.469512939000000529e+01
9.990000000000000000e+03 9.464407348999999670e+01
9.995000000000000000e+03 9.462911223999999777e+01
1.000000000000000000e+04 9.464058685000000537e+01
1.000500000000000000e+04 9.453115845000000661e+01
1.001000000000000000e+04 9.477965546000000074e+01
1.001500000000000000e+04 9.448087311000000454e+01
1.002000000000000000e+04 9.469625091999999711e+01
1.002500000000000000e+04 9.457090759000000446e+01
1.003000000000000000e+04 9.462927245999999570e+01
1.003500000000000000e+04 9.458324432000000570e+01
1.004000000000000000e+04 9.464616393999999389e+01
1.004500000000000000e+04 9.461186218000000281e+01
1.005000000000000000e+04 9.461524199999999496e+01
1.005500000000000000e+04 9.459799194000000000e+01
1.006000000000000000e+04 9.463336182000000463e+01
1.006500000000000000e+04 9.447748565999999926e+01
1.007000000000000000e+04 9.461883545000000595e+01
1.007500000000000000e+04 9.459419250000000545e+01
1.008000000000000000e+04 9.464938354000000231e+01
1.008500000000000000e+04 9.457742310000000430e+01
1.009000000000000000e+04 9.461111449999999934e+01
1.009500000000000000e+04 9.461155700999999851e+01
1.010000000000000000e+04 9.462528229000000124e+01
1.010500000000000000e+04 9.458409881999999413e+01
1.011000000000000000e+04 9.457690429999999537e+01
1.011500000000000000e+04 9.461965179000000603e+01
1.012000000000000000e+04 9.455904388000000438e+01
1.012500000000000000e+04 9.458740996999999595e+01
1.013000000000000000e+04 9.463705444000000000e+01
1.013500000000000000e+04 9.463236236999999562e+01
1.014000000000000000e+04 9.457839966000000231e+01
1.014500000000000000e+04 9.460923003999999992e+01
1.015000000000000000e+04 9.458662415000000578e+01
1.015500000000000000e+04 9.456935882999999876e+01
1.016000000000000000e+04 9.456723784999999793e+01
1.016500000000000000e+04 9.463679503999999554e+01
1.017000000000000000e+04 9.455894469999999785e+01
1.017500000000000000e+04 9.460582732999999678e+01
1.018000000000000000e+04 9.461280059999999992e+01
1.018500000000000000e+04 9.456128692999999430e+01
1.019000000000000000e+04 9.455516052000000116e+01
1.019500000000000000e+04 9.462482452000000421e+01
1.020000000000000000e+04 9.459686279000000297e+01
1.020500000000000000e+04 9.456044769000000372e+01
1.021000000000000000e+04 9.463112639999999942e+01
1.021500000000000000e+04 9.458576202000000421e+01
1.022000000000000000e+04 9.453807831000000306e+01
1.022500000000000000e+04 9.462832641999999339e+01
1.023000000000000000e+04 9.457807922000000644e+01
1.023500000000000000e+04 9.458100890999999422e+01
1.024000000000000000e+04 9.461534118999999521e+01
1.024500000000000000e+04 9.460078430000000083e+01
1.025000000000000000e+04 9.453831481999999653e+01
1.025500000000000000e+04 9.459991454999999405e+01
1.026000000000000000e+04 9.458695984000000578e+01
1.026500000000000000e+04 9.454158782999999744e+01
1.027000000000000000e+04 9.458940886999999975e+01
1.027500000000000000e+04 9.458939361999999562e+01
1.028000000000000000e+04 9.456118773999999405e+01
1.028500000000000000e+04 9.455535125999999480e+01
1.029000000000000000e+04 9.465352631000000372e+01
1.029500000000000000e+04 9.452637482000000091e+01
1.030000000000000000e+04 9.454864501999999504e+01
1.030500000000000000e+04 9.459249115000000074e+01
1.031000000000000000e+04 9.450695038000000636e+01
1.031500000000000000e+04 9.460425567999999430e+01
1.032000000000000000e+04 9.453961945000000355e+01
1.032500000000000000e+04 9.456854248000000496e+01
1.033000000000000000e+04 9.460177611999999669e+01
1.033500000000000000e+04 9.451886749000000520e+01
1.034000000000000000e+04 9.448913573999999471e+01
1.034500000000000000e+04 9.460984802000000116e+01
1.035000000000000000e+04 9.451227570000000355e+01
1.035500000000000000e+04 9.459970855999999628e+01
1.036000000000000000e+04 9.458734130999999934e+01
1.036500000000000000e+04 9.450406646999999793e+01
1.037000000000000000e+04 9.457215881000000479e+01
1.037500000000000000e+04 9.455735778999999752e+01
1.038000000000000000e+04 9.452379607999999678e+01
1.038500000000000000e+04 9.455736541999999645e+01
1.039000000000000000e+04 9.456681824000000347e+01
1.039500000000000000e+04 9.452979279000000190e+01
1.040000000000000000e+04 9.453639221000000248e+01
1.040500000000000000e+04 9.461553191999999513e+01
1.041000000000000000e+04 9.451790619000000504e+01
1.041500000000000000e+04 9.458963013000000331e+01
1.042000000000000000e+04 9.451057434000000512e+01
1.042500000000000000e+04 9.457188415999999620e+01
1.043000000000000000e+04 9.449240874999999562e+01
1.043500000000000000e+04 9.460989379999999471e+01
1.044000000000000000e+04 9.456391143999999827e+01
1.044500000000000000e+04 9.453794098000000190e+01
1.045000000000000000e+04 9.459954833999999835e+01
1.045500000000000000e+04 9.460049438000000066e+01
1.046000000000000000e+04 9.445045471000000248e+01
1.046500000000000000e+04 9.459018706999999893e+01
1.047000000000000000e+04 9.454508208999999397e+01
1.047500000000000000e+04 9.455073547000000644e+01
1.048000000000000000e+04 9.445430756000000372e+01
1.048500000000000000e+04 9.460696411000000694e+01
1.049000000000000000e+04 9.446721648999999843e+01
1.049500000000000000e+04 9.460399628000000405e+01
1.050000000000000000e+04 9.450538634999999488e+01
1.050500000000000000e+04 9.460726929000000496e+01
1.051000000000000000e+04 9.442529297000000099e+01
1.051500000000000000e+04 9.462119293000000653e+01
1.052000000000000000e+04 9.453215027000000248e+01
1.052500000000000000e+04 9.447628020999999876e+01
1.053000000000000000e+04 9.456562042000000190e+01
1.053500000000000000e+04 9.454016113000000132e+01
1.054000000000000000e+04 9.453631592000000694e+01
1.054500000000000000e+04 9.453227997000000471e+01
1.055000000000000000e+04 9.455213928000000578e+01
1.055500000000000000e+04 9.449642181000000107e+01
1.056000000000000000e+04 9.449409484999999620e+01
1.056500000000000000e+04 9.456562042000000190e+01
1.057000000000000000e+04 9.452156066999999950e+01
1.057500000000000000e+04 9.452968597000000273e+01
1.058000000000000000e+04 9.452297210999999777e+01
1.058500000000000000e+04 9.458125305000000083e+01
1.059000000000000000e+04 9.448506165000000578e+01
1.059500000000000000e+04 9.449842834000000380e+01
1.060000000000000000e+04 9.457369232000000636e+01
1.060500000000000000e+04 9.451365662000000611e+01
1.061000000000000000e+04 9.451518249999999455e+01
1.061500000000000000e+04 9.458428954999999405e+01
1.062000000000000000e+04 9.451566314999999463e+01
1.062500000000000000e+04 9.452174377000000050e+01
1.063000000000000000e+04 9.452741240999999661e+01
1.063500000000000000e+04 9.454671478000000207e+01
1.064000000000000000e+04 9.460771941999999513e+01
1.064500000000000000e+04 9.442587279999999339e+01
1.065000000000000000e+04 9.455790709999999422e+01
1.065500000000000000e+04 9.450022887999999455e+01
1.066000000000000000e+04 9.449565124999999455e+01
1.066500000000000000e+04 9.450682068000000413e+01
1.067000000000000000e+04 9.458000945999999942e+01
1.067500000000000000e+04 9.451698303000000578e+01
1.068000000000000000e+04 9.445674132999999983e+01
1.068500000000000000e+04 9.457076263000000438e+01
1.069000000000000000e+04 9.454184723000000190e+01
1.069500000000000000e+04 9.444008635999999512e+01
1.070000000000000000e+04 9.448538971000000686e+01
1.070500000000000000e+04 9.458564757999999983e+01
1.071000000000000000e+04 9.442393493999999521e+01
1.071500000000000000e+04 9.456793976000000157e+01
1.072000000000000000e+04 9.453336333999999397e+01
1.072500000000000000e+04 9.453641509999999926e+01
1.073000000000000000e+04 9.446861266999999884e+01
1.073500000000000000e+04 9.449542999000000520e+01
1.074000000000000000e+04 9.452593994000000066e+01
1.074500000000000000e+04 9.452037810999999579e+01
1.075000000000000000e+04 9.448740386999999430e+01
1.075500000000000000e+04 9.451921081999999785e+01
1.076000000000000000e+04 9.447661591000000669e+01
1.076500000000000000e+04 9.451322937000000479e+01
1.077000000000000000e+04 9.453352356000000611e+01
1.077500000000000000e+04 9.443794250000000545e+01
1.078000000000000000e+04 9.454274750000000438e+01
1.078500000000000000e+04 9.454463959000000273e+01
1.079000000000000000e+04 9.443521117999999603e+01
1.079500000000000000e+04 9.449114226999999744e+01
1.080000000000000000e+04 9.453546142999999802e+01
1.080500000000000000e+04 9.449787902999999289e+01
1.081000000000000000e+04 9.441098021999999901e+01
1.081500000000000000e+04 9.453736114999999529e+01
1.082000000000000000e+04 9.453244019000000264e+01
1.082500000000000000e+04 9.444243622000000471e+01
1.083000000000000000e+04 9.448593139999999835e+01
1.083500000000000000e+04 9.452204131999999959e+01
1.084000000000000000e+04 9.446690368999999521e+01
1.084500000000000000e+04 9.446687316999999950e+01
1.085000000000000000e+04 9.453769683999999529e+01
1.085500000000000000e+04 9.447998047000000099e+01
1.086000000000000000e+04 9.445093536000000256e+01
1.086500000000000000e+04 9.449674987999999587e+01
1.087000000000000000e+04 9.445515441999999950e+01
1.087500000000000000e+04 9.448831176999999570e+01
1.088000000000000000e+04 9.448384857000000636e+01
1.088500000000000000e+04 9.452217865000000074e+01
1.089000000000000000e+04 9.445496368000000587e+01
1.089500000000000000e+04 9.450170135000000471e+01
1.090000000000000000e+04 9.449184418000000107e+01
1.090500000000000000e+04 9.448068999999999562e+01
1.091000000000000000e+04 9.448406982000000198e+01
1.091500000000000000e+04 9.449641418000000215e+01
1.092000000000000000e+04 9.448335265999999422e+01
1.092500000000000000e+04 9.447425078999999926e+01
1.093000000000000000e+04 9.443785857999999678e+01
1.093500000000000000e+04 9.447491454999999405e+01
1.094000000000000000e+04 9.449638367000000017e+01
1.094500000000000000e+04 9.446040343999999322e+01
1.095000000000000000e+04 9.448108673000000124e+01
1.095500000000000000e+04 9.451845550999999546e+01
1.096000000000000000e+04 9.448037720000000661e+01
1.096500000000000000e+04 9.441239928999999620e+01
1.097000000000000000e+04 9.452866364000000488e+01
1.097500000000000000e+04 9.444020844000000636e+01
1.098000000000000000e+04 9.443038939999999570e+01
1.098500000000000000e+04 9.449385071000000380e+01
1.099000000000000000e+04 9.451850890999999422e+01
1.099500000000000000e+04 9.441273499000000413e+01
1.100000000000000000e+04 9.449589539000000116e+01
