3.260000000000000000e+03 3.710400858526883838e-01
3.265000000000000000e+03 3.800976355712137322e-01
3.270000000000000000e+03 3.892687945495040824e-01
3.275000000000000000e+03 3.985187425034398823e-01
3.280000000000000000e+03 4.078814616021723682e-01
3.285000000000000000e+03 4.174874514769964517e-01
3.290000000000000000e+03 4.272121624891816460e-01
3.295000000000000000e+03 4.373032149495346133e-01
3.300000000000000000e+03 4.475242426973556342e-01
3.305000000000000000e+03 4.582023184090778245e-01
3.310000000000000000e+03 4.690257283459566273e-01
3.315000000000000000e+03 4.804344062468141052e-01
3.320000000000000000e+03 4.920095037003624494e-01
3.325000000000000000e+03 5.041687872438316287e-01
3.330000000000000000e+03 5.165161850254553766e-01
3.335000000000000000e+03 5.294607212010826736e-01
3.340000000000000000e+03 5.426159431436439196e-01
3.345000000000000000e+03 5.505586252717623585e-01
3.350000000000000000e+03 5.585871478052392147e-01
3.355000000000000000e+03 5.669993710342002835e-01
3.360000000000000000e+03 5.755075792118969913e-01
3.365000000000000000e+03 5.843149048868010453e-01
3.370000000000000000e+03 5.932261427004853482e-01
3.375000000000000000e+03 6.022562987236029786e-01
3.380000000000000000e+03 6.113933300313674213e-01
3.385000000000000000e+03 6.206315577432801600e-01
3.390000000000000000e+03 6.299788505170202946e-01
3.395000000000000000e+03 6.393228155745157570e-01
3.400000000000000000e+03 6.487750339833153745e-01
3.405000000000000000e+03 6.581142801271016030e-01
3.410000000000000000e+03 6.675579522419972101e-01
3.415000000000000000e+03 6.769133224422003714e-01
3.420000000000000000e+03 6.863698333766378168e-01
3.425000000000000000e+03 6.954991455137651268e-01
3.430000000000000000e+03 7.047204674079121656e-01
3.435000000000000000e+03 7.135266973782445898e-01
3.440000000000000000e+03 7.224141346544424858e-01
3.445000000000000000e+03 7.307579825718086841e-01
3.450000000000000000e+03 7.391700937846809039e-01
3.455000000000000000e+03 7.470741147076339628e-01
3.460000000000000000e+03 7.550350224543351807e-01
3.465000000000000000e+03 7.624609448012222845e-01
3.470000000000000000e+03 7.699326767013939810e-01
3.475000000000000000e+03 7.768624607035450325e-01
3.480000000000000000e+03 7.838277134820204051e-01
3.485000000000000000e+03 7.902646983418923909e-01
3.490000000000000000e+03 7.967278731971975114e-01
3.495000000000000000e+03 8.026912395112889564e-01
3.500000000000000000e+03 8.086727354899155840e-01
3.505000000000000000e+03 8.104253892855780572e-01
3.510000000000000000e+03 8.121764594009733829e-01
3.515000000000000000e+03 8.135314099716538516e-01
3.520000000000000000e+03 8.148832589256187475e-01
3.525000000000000000e+03 8.159133034235236392e-01
3.530000000000000000e+03 8.169392820015395351e-01
3.535000000000000000e+03 8.177312290721093779e-01
3.540000000000000000e+03 8.185185768111968851e-01
3.545000000000000000e+03 8.191581287847086168e-01
3.550000000000000000e+03 8.197928372194343005e-01
3.555000000000000000e+03 8.203647928285160429e-01
3.560000000000000000e+03 8.209318610317191123e-01
3.565000000000000000e+03 8.214324465444295953e-01
3.570000000000000000e+03 8.219280381020370729e-01
3.575000000000000000e+03 8.225203001268946990e-01
3.580000000000000000e+03 8.231078164536569375e-01
3.585000000000000000e+03 8.238676240728017852e-01
3.590000000000000000e+03 8.246231095100791109e-01
3.595000000000000000e+03 8.256802613649611988e-01
3.600000000000000000e+03 8.267339699657491048e-01
3.605000000000000000e+03 8.280692116217954757e-01
3.610000000000000000e+03 8.294019405516050991e-01
3.615000000000000000e+03 8.310590567820114183e-01
3.620000000000000000e+03 8.327149128233024555e-01
3.625000000000000000e+03 8.347241214349119254e-01
3.630000000000000000e+03 8.367336575623363082e-01
3.635000000000000000e+03 8.391361294492910572e-01
3.640000000000000000e+03 8.415410000854923744e-01
3.645000000000000000e+03 8.443173694923322703e-01
3.650000000000000000e+03 8.470983348051402961e-01
3.655000000000000000e+03 8.490798137148612978e-01
3.660000000000000000e+03 8.510639107327512276e-01
3.665000000000000000e+03 8.534032895758545401e-01
3.670000000000000000e+03 8.557469274917466340e-01
3.675000000000000000e+03 8.584275097132852972e-01
3.680000000000000000e+03 8.611141301808376003e-01
3.685000000000000000e+03 8.641231017823264304e-01
3.690000000000000000e+03 8.671399798514501933e-01
3.695000000000000000e+03 8.704495726543363121e-01
3.700000000000000000e+03 8.737689682662040935e-01
3.705000000000000000e+03 8.767060655538920777e-01
3.710000000000000000e+03 8.796508112769795273e-01
3.715000000000000000e+03 8.827997287200924914e-01
3.720000000000000000e+03 8.859575234896855944e-01
3.725000000000000000e+03 8.892751673686590808e-01
3.730000000000000000e+03 8.926027042853588167e-01
3.735000000000000000e+03 8.960353851965060512e-01
3.740000000000000000e+03 8.994786609683564915e-01
3.745000000000000000e+03 9.029740165125631490e-01
3.750000000000000000e+03 9.064803312434011051e-01
3.755000000000000000e+03 9.099935249184020192e-01
3.760000000000000000e+03 9.135177387742182686e-01
3.765000000000000000e+03 9.169871224095130779e-01
3.770000000000000000e+03 9.204671826528691980e-01
3.775000000000000000e+03 9.238413808555691054e-01
3.780000000000000000e+03 9.272255909137983032e-01
3.785000000000000000e+03 9.304565247463265631e-01
3.790000000000000000e+03 9.336965354733089972e-01
3.795000000000000000e+03 9.367380896282712088e-01
3.800000000000000000e+03 9.397875684722093448e-01
3.805000000000000000e+03 9.422402594126781938e-01
3.810000000000000000e+03 9.446979763045828538e-01
3.815000000000000000e+03 9.468959875940089477e-01
3.820000000000000000e+03 9.490979202184020025e-01
3.825000000000000000e+03 9.510169556592050766e-01
3.830000000000000000e+03 9.529388384528977296e-01
3.835000000000000000e+03 9.545609436490213318e-01
3.840000000000000000e+03 9.561849056004076974e-01
3.845000000000000000e+03 9.574984746186603335e-01
3.850000000000000000e+03 9.588130373629740744e-01
3.855000000000000000e+03 9.598256582080849642e-01
3.860000000000000000e+03 9.608385653230381296e-01
3.865000000000000000e+03 9.615300963670756484e-01
3.870000000000000000e+03 9.622213513691720843e-01
3.875000000000000000e+03 9.626003005236136723e-01
3.880000000000000000e+03 9.629785967291665250e-01
3.885000000000000000e+03 9.630597003448214677e-01
3.890000000000000000e+03 9.631399490377527961e-01
3.895000000000000000e+03 9.629573183264940051e-01
3.900000000000000000e+03 9.627738077344397682e-01
3.905000000000000000e+03 9.620918016092432357e-01
3.910000000000000000e+03 9.614093749869944139e-01
3.915000000000000000e+03 9.605122876265078657e-01
3.920000000000000000e+03 9.596150440576196594e-01
3.925000000000000000e+03 9.585333400984541452e-01
3.930000000000000000e+03 9.574517796275460180e-01
3.935000000000000000e+03 9.562178399311314081e-01
3.940000000000000000e+03 9.549843464149804229e-01
3.945000000000000000e+03 9.536344414020327953e-01
3.950000000000000000e+03 9.522852577407497909e-01
3.955000000000000000e+03 9.508459423904696006e-01
3.960000000000000000e+03 9.494075875849449231e-01
3.965000000000000000e+03 9.479161616847380234e-01
3.970000000000000000e+03 9.464258684319207804e-01
3.975000000000000000e+03 9.449142035414122009e-01
3.980000000000000000e+03 9.434037743453738134e-01
3.985000000000000000e+03 9.419024069278713052e-01
3.990000000000000000e+03 9.404023065274764726e-01
3.995000000000000000e+03 9.388765465765597229e-01
4.000000000000000000e+03 9.373521446000504520e-01
4.005000000000000000e+03 9.358426952768799101e-01
4.010000000000000000e+03 9.343347649531927868e-01
4.015000000000000000e+03 9.329144431952572925e-01
4.020000000000000000e+03 9.314954766380152407e-01
4.025000000000000000e+03 9.300844902802559711e-01
4.030000000000000000e+03 9.286748583148295433e-01
4.035000000000000000e+03 9.274963552197805772e-01
4.040000000000000000e+03 9.263187789587944421e-01
4.045000000000000000e+03 9.252802619617610524e-01
4.050000000000000000e+03 9.242424507001921752e-01
4.055000000000000000e+03 9.232721176085713077e-01
4.060000000000000000e+03 9.223024608215882880e-01
4.065000000000000000e+03 9.214912242975067391e-01
4.070000000000000000e+03 9.206804470913459992e-01
4.075000000000000000e+03 9.200378916988849465e-01
4.080000000000000000e+03 9.193956053583773880e-01
4.085000000000000000e+03 9.189179098493289732e-01
4.090000000000000000e+03 9.184403376331997659e-01
4.095000000000000000e+03 9.181238288128810154e-01
4.100000000000000000e+03 9.178073388446477132e-01
4.105000000000000000e+03 9.176546309356984343e-01
4.110000000000000000e+03 9.175018764177770292e-01
4.115000000000000000e+03 9.175103726136849547e-01
4.120000000000000000e+03 9.175187972324290175e-01
4.125000000000000000e+03 9.176802655497725558e-01
4.130000000000000000e+03 9.178416743842692238e-01
4.135000000000000000e+03 9.181471696208423072e-01
4.140000000000000000e+03 9.184526364330158898e-01
4.145000000000000000e+03 9.189005495759113851e-01
4.150000000000000000e+03 9.193485182282956636e-01
4.155000000000000000e+03 9.199174306107237298e-01
4.160000000000000000e+03 9.204864813154041148e-01
4.165000000000000000e+03 9.211629028232332095e-01
4.170000000000000000e+03 9.218395510906509660e-01
4.175000000000000000e+03 9.226091874867695664e-01
4.180000000000000000e+03 9.233791377349362950e-01
4.185000000000000000e+03 9.242237778419903904e-01
4.190000000000000000e+03 9.250688073877657569e-01
4.195000000000000000e+03 9.259746548332283833e-01
4.200000000000000000e+03 9.268809520093188592e-01
4.205000000000000000e+03 9.278204300590303655e-01
4.210000000000000000e+03 9.287603710887961661e-01
4.215000000000000000e+03 9.297293602108478439e-01
4.220000000000000000e+03 9.306988286577310143e-01
4.225000000000000000e+03 9.316770717554816450e-01
4.230000000000000000e+03 9.326557829014773260e-01
4.235000000000000000e+03 9.336253216228687091e-01
4.240000000000000000e+03 9.345952883885779716e-01
4.245000000000000000e+03 9.355467777528647666e-01
4.250000000000000000e+03 9.364986414267767456e-01
4.255000000000000000e+03 9.374175892420565370e-01
4.260000000000000000e+03 9.383368386464143729e-01
4.265000000000000000e+03 9.392133176032979591e-01
4.270000000000000000e+03 9.400900121666340148e-01
4.275000000000000000e+03 9.409073808333772160e-01
4.280000000000000000e+03 9.417248677252204603e-01
4.285000000000000000e+03 9.424682491376705773e-01
4.290000000000000000e+03 9.432116473417467839e-01
4.295000000000000000e+03 9.438748661935588702e-01
4.300000000000000000e+03 9.445380034607852027e-01
4.305000000000000000e+03 9.451123950274301633e-01
4.310000000000000000e+03 9.456866139822623918e-01
4.315000000000000000e+03 9.461648751014908321e-01
4.320000000000000000e+03 9.466428845666865488e-01
4.325000000000000000e+03 9.470194257678296035e-01
4.330000000000000000e+03 9.473956528934299737e-01
4.335000000000000000e+03 9.476663278697399218e-01
4.340000000000000000e+03 9.479366455744452358e-01
4.345000000000000000e+03 9.480990477923697535e-01
4.350000000000000000e+03 9.482610717754240692e-01
4.355000000000000000e+03 9.483152604760938242e-01
4.360000000000000000e+03 9.483690724073635669e-01
4.365000000000000000e+03 9.483162450306968916e-01
4.370000000000000000e+03 9.482630646468609426e-01
4.375000000000000000e+03 9.481028842732119877e-01
4.380000000000000000e+03 9.479423962653773517e-01
4.385000000000000000e+03 9.476780053541979942e-01
4.390000000000000000e+03 9.474133716860596577e-01
4.395000000000000000e+03 9.470494536817526399e-01
4.400000000000000000e+03 9.466853738937845986e-01
4.405000000000000000e+03 9.462275183040661508e-01
4.410000000000000000e+03 9.457695945738556764e-01
4.415000000000000000e+03 9.452247138784171110e-01
4.420000000000000000e+03 9.446798670200902137e-01
4.425000000000000000e+03 9.440554643375149713e-01
4.430000000000000000e+03 9.434312014606580643e-01
4.435000000000000000e+03 9.427360652475692548e-01
4.440000000000000000e+03 9.420411738204261809e-01
4.445000000000000000e+03 9.412907144602982168e-01
4.450000000000000000e+03 9.405405932152448578e-01
4.455000000000000000e+03 9.397388489488185392e-01
4.460000000000000000e+03 9.389375320234535360e-01
4.465000000000000000e+03 9.381178503973029992e-01
4.470000000000000000e+03 9.372986435385921578e-01
4.475000000000000000e+03 9.364499186671382258e-01
4.480000000000000000e+03 9.356017256488041722e-01
4.485000000000000000e+03 9.347330964185973645e-01
4.490000000000000000e+03 9.338650410527880030e-01
4.495000000000000000e+03 9.329531366038447127e-01
4.500000000000000000e+03 9.320418781517205709e-01
4.505000000000000000e+03 9.311281644715426742e-01
4.510000000000000000e+03 9.302151067152502062e-01
4.515000000000000000e+03 9.293256022667157890e-01
4.520000000000000000e+03 9.284367218723327264e-01
4.525000000000000000e+03 9.275649535766145037e-01
4.530000000000000000e+03 9.266937833240367350e-01
4.535000000000000000e+03 9.258323784505477771e-01
4.540000000000000000e+03 9.249715524034783920e-01
4.545000000000000000e+03 9.241451494044797821e-01
4.550000000000000000e+03 9.233192691408381725e-01
4.555000000000000000e+03 9.225436755225751018e-01
4.560000000000000000e+03 9.217685278718307229e-01
4.565000000000000000e+03 9.210430316522356664e-01
4.570000000000000000e+03 9.203179067247004852e-01
4.575000000000000000e+03 9.196787744295722433e-01
4.580000000000000000e+03 9.190399050848654383e-01
4.585000000000000000e+03 9.184613004786040813e-01
4.590000000000000000e+03 9.178828824616489523e-01
4.595000000000000000e+03 9.173694657454850576e-01
4.600000000000000000e+03 9.168561606325658087e-01
4.605000000000000000e+03 9.164123836618099928e-01
4.610000000000000000e+03 9.159686372678158550e-01
4.615000000000000000e+03 9.155994157519816712e-01
4.620000000000000000e+03 9.152301581106955242e-01
4.625000000000000000e+03 9.149320700145784357e-01
4.630000000000000000e+03 9.146338892139713739e-01
4.635000000000000000e+03 9.144163010734920327e-01
4.640000000000000000e+03 9.141985707034251396e-01
4.645000000000000000e+03 9.140832696348517583e-01
4.650000000000000000e+03 9.139677926199203384e-01
4.655000000000000000e+03 9.139320238139446717e-01
4.660000000000000000e+03 9.138960583440765006e-01
4.665000000000000000e+03 9.139396132154440355e-01
4.670000000000000000e+03 9.139829630833448126e-01
4.675000000000000000e+03 9.140941426365400968e-01
4.680000000000000000e+03 9.142051120890370974e-01
4.685000000000000000e+03 9.143965144114981625e-01
4.690000000000000000e+03 9.145877222554491537e-01
4.695000000000000000e+03 9.148548776423836015e-01
4.700000000000000000e+03 9.151218630590723935e-01
4.705000000000000000e+03 9.154679278260575703e-01
4.710000000000000000e+03 9.158138626274056060e-01
4.715000000000000000e+03 9.162435831680483256e-01
4.720000000000000000e+03 9.166732415579929016e-01
4.725000000000000000e+03 9.171699038046297048e-01
4.730000000000000000e+03 9.176665604082779870e-01
4.735000000000000000e+03 9.182264606730219381e-01
4.740000000000000000e+03 9.187864180122313762e-01
4.745000000000000000e+03 9.194029935628075245e-01
4.750000000000000000e+03 9.200196830232325595e-01
4.755000000000000000e+03 9.206937055148901594e-01
4.760000000000000000e+03 9.213679147330746666e-01
4.765000000000000000e+03 9.220940585611107077e-01
4.770000000000000000e+03 9.228204691140480254e-01
4.775000000000000000e+03 9.235883274230316520e-01
4.780000000000000000e+03 9.243565179658240760e-01
4.785000000000000000e+03 9.251633316306212551e-01
4.790000000000000000e+03 9.259705421628369182e-01
4.795000000000000000e+03 9.268144049345132807e-01
4.800000000000000000e+03 9.276587250301102650e-01
4.805000000000000000e+03 9.285314322856438318e-01
4.810000000000000000e+03 9.294046531539134071e-01
4.815000000000000000e+03 9.302954627358592798e-01
4.820000000000000000e+03 9.311868315430023024e-01
4.825000000000000000e+03 9.320936588065773520e-01
4.830000000000000000e+03 9.330010828402465206e-01
4.835000000000000000e+03 9.339180763590115841e-01
4.840000000000000000e+03 9.348356955517977962e-01
4.845000000000000000e+03 9.357620694632327041e-01
4.850000000000000000e+03 9.366890942434423772e-01
4.855000000000000000e+03 9.376098478366736710e-01
4.860000000000000000e+03 9.385312556943491424e-01
4.865000000000000000e+03 9.394387051111700027e-01
4.870000000000000000e+03 9.403467997875198936e-01
4.875000000000000000e+03 9.412411310231927342e-01
4.880000000000000000e+03 9.421360964778423552e-01
4.885000000000000000e+03 9.430118333708014111e-01
4.890000000000000000e+03 9.438881841607553724e-01
4.895000000000000000e+03 9.447648276212655682e-01
4.900000000000000000e+03 9.456420904118953974e-01
4.905000000000000000e+03 9.464894020248648676e-01
4.910000000000000000e+03 9.473372948016121065e-01
4.915000000000000000e+03 9.481178229963114212e-01
4.920000000000000000e+03 9.488988454359958968e-01
4.925000000000000000e+03 9.496411397997972514e-01
4.930000000000000000e+03 9.503838798968926582e-01
4.935000000000000000e+03 9.510838000414791882e-01
4.940000000000000000e+03 9.517841134534015257e-01
4.945000000000000000e+03 9.524510946024913327e-01
4.950000000000000000e+03 9.531184275153731233e-01
4.955000000000000000e+03 9.537352675395811552e-01
4.960000000000000000e+03 9.543524007910568763e-01
4.965000000000000000e+03 9.549158781857556288e-01
4.970000000000000000e+03 9.554795901236988742e-01
4.975000000000000000e+03 9.559828173209748980e-01
4.980000000000000000e+03 9.564862172064844126e-01
4.985000000000000000e+03 9.569303994952832459e-01
4.990000000000000000e+03 9.573746986869298148e-01
4.995000000000000000e+03 9.577623030338877630e-01
5.000000000000000000e+03 9.581499753867304126e-01
5.005000000000000000e+03 9.584377966724232367e-01
5.010000000000000000e+03 9.587256149966782992e-01
5.015000000000000000e+03 9.589508655863815401e-01
5.020000000000000000e+03 9.591760758490039951e-01
5.025000000000000000e+03 9.593284990928129252e-01
5.030000000000000000e+03 9.594808500890722458e-01
5.035000000000000000e+03 9.595704319731136467e-01
5.040000000000000000e+03 9.596599176354250194e-01
5.045000000000000000e+03 9.596868238224062209e-01
5.050000000000000000e+03 9.597136166999091778e-01
5.055000000000000000e+03 9.596878719471151342e-01
5.060000000000000000e+03 9.596620018583389422e-01
5.065000000000000000e+03 9.595745511675203288e-01
5.070000000000000000e+03 9.594869706343640559e-01
5.075000000000000000e+03 9.593391534047386315e-01
5.080000000000000000e+03 9.591912082160860553e-01
5.085000000000000000e+03 9.589698410182831978e-01
5.090000000000000000e+03 9.587483539646196595e-01
5.095000000000000000e+03 9.584673792165683270e-01
5.100000000000000000e+03 9.581863013102235316e-01
5.105000000000000000e+03 9.578650981783216611e-01
5.110000000000000000e+03 9.575438112587933981e-01
5.115000000000000000e+03 9.571701216166097481e-01
5.120000000000000000e+03 9.567963734121246455e-01
5.125000000000000000e+03 9.563725947499204239e-01
5.130000000000000000e+03 9.559487868819755985e-01
5.135000000000000000e+03 9.554734220600498151e-01
5.140000000000000000e+03 9.549980671054041359e-01
5.145000000000000000e+03 9.544793835815974514e-01
5.150000000000000000e+03 9.539607447242200999e-01
5.155000000000000000e+03 9.534018417286372893e-01
5.160000000000000000e+03 9.528430200769950620e-01
5.165000000000000000e+03 9.522504073540493108e-01
5.170000000000000000e+03 9.516579080350691111e-01
5.175000000000000000e+03 9.510307895244414222e-01
5.180000000000000000e+03 9.504038227509676862e-01
5.185000000000000000e+03 9.497457342113754253e-01
5.190000000000000000e+03 9.490878354878352630e-01
5.195000000000000000e+03 9.484001648432125453e-01
5.200000000000000000e+03 9.477127255036567055e-01
5.205000000000000000e+03 9.470018192817566405e-01
5.210000000000000000e+03 9.462911784861373077e-01
5.215000000000000000e+03 9.455604537527687592e-01
5.220000000000000000e+03 9.448300261788096233e-01
5.225000000000000000e+03 9.440888067436287168e-01
5.230000000000000000e+03 9.433479052004998255e-01
5.235000000000000000e+03 9.425934117803860257e-01
5.240000000000000000e+03 9.418392622221862798e-01
5.245000000000000000e+03 9.410751131784146351e-01
5.250000000000000000e+03 9.403113300739502911e-01
5.255000000000000000e+03 9.395354224080461059e-01
5.260000000000000000e+03 9.387599064431623175e-01
5.265000000000000000e+03 9.379810689709852101e-01
5.270000000000000000e+03 9.372026370937802664e-01
5.275000000000000000e+03 9.364240576215928646e-01
5.280000000000000000e+03 9.356458934145912565e-01
5.285000000000000000e+03 9.348759239315296288e-01
5.290000000000000000e+03 9.341063689013998639e-01
5.295000000000000000e+03 9.333426814070954203e-01
5.300000000000000000e+03 9.325794096373427600e-01
5.305000000000000000e+03 9.318247609029723932e-01
5.310000000000000000e+03 9.310705251421630413e-01
5.315000000000000000e+03 9.303221467161901792e-01
5.320000000000000000e+03 9.295741806626702797e-01
5.325000000000000000e+03 9.288399937816680385e-01
5.330000000000000000e+03 9.281062091323121210e-01
5.335000000000000000e+03 9.273885929317196020e-01
5.340000000000000000e+03 9.266713654062176397e-01
5.345000000000000000e+03 9.259780766952737663e-01
5.350000000000000000e+03 9.252851545346171269e-01
5.355000000000000000e+03 9.246128556166989254e-01
5.360000000000000000e+03 9.239409039597066275e-01
5.365000000000000000e+03 9.232912318916052241e-01
5.370000000000000000e+03 9.226418856964530013e-01
5.375000000000000000e+03 9.220166019450114492e-01
5.380000000000000000e+03 9.213916207088567178e-01
5.385000000000000000e+03 9.207925409760229218e-01
5.390000000000000000e+03 9.201937386028095078e-01
5.395000000000000000e+03 9.196222404437155440e-01
5.400000000000000000e+03 9.190509933974778667e-01
5.405000000000000000e+03 9.185213681896404747e-01
5.410000000000000000e+03 9.179919561150887697e-01
5.415000000000000000e+03 9.174916338915370950e-01
5.420000000000000000e+03 9.169914983715165002e-01
5.425000000000000000e+03 9.165210510180213932e-01
5.430000000000000000e+03 9.160507644978816977e-01
5.435000000000000000e+03 9.156108553943959061e-01
5.440000000000000000e+03 9.151710814613270850e-01
5.445000000000000000e+03 9.147510982564899251e-01
5.450000000000000000e+03 9.143312312448461654e-01
5.455000000000000000e+03 9.139440262665344816e-01
5.460000000000000000e+03 9.135569114748380848e-01
5.465000000000000000e+03 9.131912734856425518e-01
5.470000000000000000e+03 9.128257095886174177e-01
5.475000000000000000e+03 9.124953849307636533e-01
5.480000000000000000e+03 9.121651097067663416e-01
5.485000000000000000e+03 9.118671877143893489e-01
5.490000000000000000e+03 9.115692929584834348e-01
5.495000000000000000e+03 9.113036540544059427e-01
5.500000000000000000e+03 9.110380219995463102e-01
5.505000000000000000e+03 9.108006960001563401e-01
5.510000000000000000e+03 9.105633590139170508e-01
5.515000000000000000e+03 9.103579084894614093e-01
5.520000000000000000e+03 9.101524297587683110e-01
5.525000000000000000e+03 9.099784698126421878e-01
5.530000000000000000e+03 9.098044663428467294e-01
5.535000000000000000e+03 9.096722531606009632e-01
5.540000000000000000e+03 9.095399814480261691e-01
5.545000000000000000e+03 9.094373897094680803e-01
5.550000000000000000e+03 9.093347287272181001e-01
5.555000000000000000e+03 9.092610227464728023e-01
5.560000000000000000e+03 9.091872386882284829e-01
5.565000000000000000e+03 9.091415029812235371e-01
5.570000000000000000e+03 9.090956821056709325e-01
5.575000000000000000e+03 9.090697165372066957e-01
5.580000000000000000e+03 9.090436604689982047e-01
5.585000000000000000e+03 9.090437121126787590e-01
5.590000000000000000e+03 9.090436695379757737e-01
5.595000000000000000e+03 9.090686535619771913e-01
5.600000000000000000e+03 9.090935410550244899e-01
5.605000000000000000e+03 9.091423314929448773e-01
5.610000000000000000e+03 9.091910246330955347e-01
5.615000000000000000e+03 9.092621744327530342e-01
5.620000000000000000e+03 9.093332276993149055e-01
5.625000000000000000e+03 9.094255732977630791e-01
5.630000000000000000e+03 9.095178243879826763e-01
5.635000000000000000e+03 9.096365742729244364e-01
5.640000000000000000e+03 9.097552343609596193e-01
5.645000000000000000e+03 9.098922642905112879e-01
5.650000000000000000e+03 9.100292083306109614e-01
5.655000000000000000e+03 9.101828545026870998e-01
5.660000000000000000e+03 9.103364197442928019e-01
5.665000000000000000e+03 9.105053462794749919e-01
5.670000000000000000e+03 9.106741973860619233e-01
5.675000000000000000e+03 9.108506948951318183e-01
5.680000000000000000e+03 9.110271207168270102e-01
5.685000000000000000e+03 9.112161343837249516e-01
5.690000000000000000e+03 9.114050826921178405e-01
5.695000000000000000e+03 9.116049081514486785e-01
5.700000000000000000e+03 9.118046745539134523e-01
5.705000000000000000e+03 9.120144007016640630e-01
5.710000000000000000e+03 9.122240763946947162e-01
5.715000000000000000e+03 9.124410693878618472e-01
5.720000000000000000e+03 9.126580182257332252e-01
5.725000000000000000e+03 9.128807598763970521e-01
5.730000000000000000e+03 9.131034633961067071e-01
5.735000000000000000e+03 9.133305261849355983e-01
5.740000000000000000e+03 9.135575566410203407e-01
5.745000000000000000e+03 9.137939017625499316e-01
5.750000000000000000e+03 9.140302216323599183e-01
5.755000000000000000e+03 9.142685039959300708e-01
5.760000000000000000e+03 9.145067664389281425e-01
5.765000000000000000e+03 9.147454162386895460e-01
5.770000000000000000e+03 9.149840509493946117e-01
5.775000000000000000e+03 9.152219636280859438e-01
5.780000000000000000e+03 9.154598658127751643e-01
5.785000000000000000e+03 9.156906101170525503e-01
5.790000000000000000e+03 9.159213459817234781e-01
5.795000000000000000e+03 9.161484345226987847e-01
5.800000000000000000e+03 9.163755181004685779e-01
5.805000000000000000e+03 9.165930577028704729e-01
5.810000000000000000e+03 9.168105927441521086e-01
5.815000000000000000e+03 9.170195841605429665e-01
5.820000000000000000e+03 9.172285728686253581e-01
5.825000000000000000e+03 9.174302822096852550e-01
5.830000000000000000e+03 9.176319903736097627e-01
5.835000000000000000e+03 9.178254411332357199e-01
5.840000000000000000e+03 9.180188917913366664e-01
5.845000000000000000e+03 9.182031512443975529e-01
5.850000000000000000e+03 9.183874109421359400e-01
5.855000000000000000e+03 9.185692263273469438e-01
5.860000000000000000e+03 9.187510441298196717e-01
5.865000000000000000e+03 9.189219908142991500e-01
5.870000000000000000e+03 9.190929390902482510e-01
5.875000000000000000e+03 9.192523599541139179e-01
5.880000000000000000e+03 9.194117814662990940e-01
5.885000000000000000e+03 9.195592054126033865e-01
5.890000000000000000e+03 9.197066287573321119e-01
5.895000000000000000e+03 9.198372228763888048e-01
5.900000000000000000e+03 9.199678136130080564e-01
5.905000000000000000e+03 9.200852757201116727e-01
5.910000000000000000e+03 9.202027322392684061e-01
5.915000000000000000e+03 9.203064431607409501e-01
5.920000000000000000e+03 9.204101461230542736e-01
5.925000000000000000e+03 9.204959637449815490e-01
5.930000000000000000e+03 9.205817704517050837e-01
5.935000000000000000e+03 9.206530670831090113e-01
5.940000000000000000e+03 9.207243498311976637e-01
5.945000000000000000e+03 9.207806469209920408e-01
5.950000000000000000e+03 9.208369271476095630e-01
5.955000000000000000e+03 9.208782609464829516e-01
5.960000000000000000e+03 9.209195747957332756e-01
5.965000000000000000e+03 9.209520852351019693e-01
5.970000000000000000e+03 9.209845725345794376e-01
5.975000000000000000e+03 9.210016750240065386e-01
5.980000000000000000e+03 9.210187509779688142e-01
5.985000000000000000e+03 9.210204809289905814e-01
5.990000000000000000e+03 9.210221804865560413e-01
5.995000000000000000e+03 9.210085706896276037e-01
6.000000000000000000e+03 9.209949269571829911e-01
6.005000000000000000e+03 9.209601417137726065e-01
6.010000000000000000e+03 9.209253195216509091e-01
6.015000000000000000e+03 9.208759205236743961e-01
6.020000000000000000e+03 9.208264812317432657e-01
6.025000000000000000e+03 9.207627377995847295e-01
6.030000000000000000e+03 9.206989506495747433e-01
6.035000000000000000e+03 9.206211792098312197e-01
6.040000000000000000e+03 9.205433607890700642e-01
6.045000000000000000e+03 9.204508875172233706e-01
6.050000000000000000e+03 9.203583646743138669e-01
6.055000000000000000e+03 9.202529197830269236e-01
6.060000000000000000e+03 9.201474222499982369e-01
6.065000000000000000e+03 9.200292282666999721e-01
6.070000000000000000e+03 9.199109788208916783e-01
6.075000000000000000e+03 9.197807290170570971e-01
6.080000000000000000e+03 9.196504207654323526e-01
6.085000000000000000e+03 9.195095143701553786e-01
6.090000000000000000e+03 9.193685460094727091e-01
6.095000000000000000e+03 9.192168750591166448e-01
6.100000000000000000e+03 9.190651393356534804e-01
6.105000000000000000e+03 9.189031634434882134e-01
6.110000000000000000e+03 9.187411202841604396e-01
6.115000000000000000e+03 9.185698616477330214e-01
6.120000000000000000e+03 9.183985331626187687e-01
6.125000000000000000e+03 9.182222458022003542e-01
6.130000000000000000e+03 9.180458845594573480e-01
6.135000000000000000e+03 9.178612317714064384e-01
6.140000000000000000e+03 9.176765027950130049e-01
6.145000000000000000e+03 9.174844147057832355e-01
6.150000000000000000e+03 9.172922483682869332e-01
6.155000000000000000e+03 9.170934674018300647e-01
6.160000000000000000e+03 9.168946060084375294e-01
6.165000000000000000e+03 9.166858573272719246e-01
6.170000000000000000e+03 9.164770293437677351e-01
6.175000000000000000e+03 9.162635488993674526e-01
6.180000000000000000e+03 9.160499874070632265e-01
6.185000000000000000e+03 9.158325668708965361e-01
6.190000000000000000e+03 9.156150635918931524e-01
6.195000000000000000e+03 9.153948683997440439e-01
6.200000000000000000e+03 9.151745886146642750e-01
6.205000000000000000e+03 9.149573733853555435e-01
6.210000000000000000e+03 9.147400699002998792e-01
6.215000000000000000e+03 9.145215658987908558e-01
6.220000000000000000e+03 9.143029723287078303e-01
6.225000000000000000e+03 9.140840665765305184e-01
6.230000000000000000e+03 9.138650700549758588e-01
6.235000000000000000e+03 9.136466489345325126e-01
6.240000000000000000e+03 9.134281358030187370e-01
6.245000000000000000e+03 9.132116435014169253e-01
6.250000000000000000e+03 9.129950576050460676e-01
6.255000000000000000e+03 9.127803575772632794e-01
6.260000000000000000e+03 9.125655633510176834e-01
6.265000000000000000e+03 9.123538242605861992e-01
6.270000000000000000e+03 9.121419902636763721e-01
6.275000000000000000e+03 9.119339616175654584e-01
6.280000000000000000e+03 9.117258377281450832e-01
6.285000000000000000e+03 9.115223152059815925e-01
6.290000000000000000e+03 9.113186970425825040e-01
6.295000000000000000e+03 9.111191443556448943e-01
6.300000000000000000e+03 9.109194975796393035e-01
6.305000000000000000e+03 9.107263287388090989e-01
6.310000000000000000e+03 9.105330657104495629e-01
6.315000000000000000e+03 9.103467055892714432e-01
6.320000000000000000e+03 9.101602513010471629e-01
6.325000000000000000e+03 9.099818231323524298e-01
6.330000000000000000e+03 9.098033010397765796e-01
6.335000000000000000e+03 9.096350339478553870e-01
6.340000000000000000e+03 9.094666724790892998e-01
6.345000000000000000e+03 9.093075173222171514e-01
6.350000000000000000e+03 9.091482686992825579e-01
6.355000000000000000e+03 9.089989321360378849e-01
6.360000000000000000e+03 9.088495033774270926e-01
6.365000000000000000e+03 9.087105098368704059e-01
6.370000000000000000e+03 9.085714257078416622e-01
6.375000000000000000e+03 9.084415966521572905e-01
6.380000000000000000e+03 9.083116798435114658e-01
6.385000000000000000e+03 9.081933814480794842e-01
6.390000000000000000e+03 9.080749971851004299e-01
6.395000000000000000e+03 9.079687986230243757e-01
6.400000000000000000e+03 9.078625165845471967e-01
6.405000000000000000e+03 9.077688972668432887e-01
6.410000000000000000e+03 9.076751967981026015e-01
6.415000000000000000e+03 9.075946803418195596e-01
6.420000000000000000e+03 9.075140855420500419e-01
6.425000000000000000e+03 9.074479874506407029e-01
6.430000000000000000e+03 9.073818126290656982e-01
6.435000000000000000e+03 9.073294989848412762e-01
6.440000000000000000e+03 9.072771120088678476e-01
6.445000000000000000e+03 9.072386003593601034e-01
6.450000000000000000e+03 9.072000193388716216e-01
6.455000000000000000e+03 9.071759795093843337e-01
6.460000000000000000e+03 9.071518743828144160e-01
6.465000000000000000e+03 9.071402937118352439e-01
6.470000000000000000e+03 9.071286533499721694e-01
6.475000000000000000e+03 9.071322772569736514e-01
6.480000000000000000e+03 9.071358462838596814e-01
6.485000000000000000e+03 9.071545549590542823e-01
6.490000000000000000e+03 9.071732134704190154e-01
6.495000000000000000e+03 9.072074918271075816e-01
6.500000000000000000e+03 9.072417251145445949e-01
6.505000000000000000e+03 9.072917784711762579e-01
6.510000000000000000e+03 9.073417920387083502e-01
6.515000000000000000e+03 9.074114808829498724e-01
6.520000000000000000e+03 9.074811356160977782e-01
6.525000000000000000e+03 9.075667868481734901e-01
6.530000000000000000e+03 9.076524101012602985e-01
6.535000000000000000e+03 9.077540935671842837e-01
6.540000000000000000e+03 9.078557551885163557e-01
6.545000000000000000e+03 9.079734446075748977e-01
6.550000000000000000e+03 9.080911186671208890e-01
6.555000000000000000e+03 9.082208939427733885e-01
6.560000000000000000e+03 9.083506594478274465e-01
6.565000000000000000e+03 9.084960578042785562e-01
6.570000000000000000e+03 9.086414528491982834e-01
6.575000000000000000e+03 9.088026397869214401e-01
6.580000000000000000e+03 9.089638298403969197e-01
6.585000000000000000e+03 9.091406874368587188e-01
6.590000000000000000e+03 9.093175549628608190e-01
6.595000000000000000e+03 9.095100103837234773e-01
6.600000000000000000e+03 9.097024823238633040e-01
6.605000000000000000e+03 9.099208249670399651e-01
6.610000000000000000e+03 9.101391956576176945e-01
6.615000000000000000e+03 9.103730055131982191e-01
6.620000000000000000e+03 9.106068506945356189e-01
6.625000000000000000e+03 9.108556392989308748e-01
6.630000000000000000e+03 9.111044703389624688e-01
6.635000000000000000e+03 9.113681661716172000e-01
6.640000000000000000e+03 9.116319115602937728e-01
6.645000000000000000e+03 9.119102501303564257e-01
6.650000000000000000e+03 9.121886454172732916e-01
6.655000000000000000e+03 9.124805946419268787e-01
6.660000000000000000e+03 9.127726068519286251e-01
6.665000000000000000e+03 9.130785825830309843e-01
6.670000000000000000e+03 9.133846282116721005e-01
6.675000000000000000e+03 9.137041854014850140e-01
6.680000000000000000e+03 9.140238189876339625e-01
6.685000000000000000e+03 9.143565528490950056e-01
6.690000000000000000e+03 9.146893696123814532e-01
6.695000000000000000e+03 9.150348304783719744e-01
6.700000000000000000e+03 9.153803800459482387e-01
6.705000000000000000e+03 9.157404194661447061e-01
6.710000000000000000e+03 9.161005545817273443e-01
6.715000000000000000e+03 9.164725584314491469e-01
6.720000000000000000e+03 9.168446634796773020e-01
6.725000000000000000e+03 9.172280346210128776e-01
6.730000000000000000e+03 9.176115119393523090e-01
6.735000000000000000e+03 9.180059361797872075e-01
6.740000000000000000e+03 9.184004712126996317e-01
6.745000000000000000e+03 9.188015123497764725e-01
6.750000000000000000e+03 9.192026668272690326e-01
6.755000000000000000e+03 9.196135000618602673e-01
6.760000000000000000e+03 9.200244505009733675e-01
6.765000000000000000e+03 9.204447120431639151e-01
6.770000000000000000e+03 9.208650944506077130e-01
6.775000000000000000e+03 9.212943174039001093e-01
6.780000000000000000e+03 9.217236641684136700e-01
6.785000000000000000e+03 9.221611492571731850e-01
6.790000000000000000e+03 9.225987606724839196e-01
6.795000000000000000e+03 9.230456577372320170e-01
6.800000000000000000e+03 9.234926844359924170e-01
6.805000000000000000e+03 9.239467195368155084e-01
6.810000000000000000e+03 9.244008859694395897e-01
6.815000000000000000e+03 9.248615390805319247e-01
6.820000000000000000e+03 9.253223248319183414e-01
6.825000000000000000e+03 9.257886984834109434e-01
6.830000000000000000e+03 9.262552052057704266e-01
6.835000000000000000e+03 9.267266800335873800e-01
6.840000000000000000e+03 9.271982880142465300e-01
6.845000000000000000e+03 9.276746149097537808e-01
6.850000000000000000e+03 9.281510749035430941e-01
6.855000000000000000e+03 9.286313591009448531e-01
6.860000000000000000e+03 9.291117756028656194e-01
6.865000000000000000e+03 9.295955795323515014e-01
6.870000000000000000e+03 9.300795145080419379e-01
6.875000000000000000e+03 9.305658361973931925e-01
6.880000000000000000e+03 9.310522869985532468e-01
6.885000000000000000e+03 9.315407348750954775e-01
6.890000000000000000e+03 9.320293096702961799e-01
6.895000000000000000e+03 9.325191128092027437e-01
6.900000000000000000e+03 9.330090400452329957e-01
6.905000000000000000e+03 9.334973673613274903e-01
6.910000000000000000e+03 9.339858143218581210e-01
6.915000000000000000e+03 9.344740855773056021e-01
6.920000000000000000e+03 9.349624727297197735e-01
6.925000000000000000e+03 9.354499584428865866e-01
6.930000000000000000e+03 9.359375558753374458e-01
6.935000000000000000e+03 9.364236187161326663e-01
6.940000000000000000e+03 9.369097886491982718e-01
6.945000000000000000e+03 9.373936008129418740e-01
6.950000000000000000e+03 9.378775150176476005e-01
6.955000000000000000e+03 9.383587212564385993e-01
6.960000000000000000e+03 9.388400243372280185e-01
6.965000000000000000e+03 9.393176022638173306e-01
6.970000000000000000e+03 9.397952711156831729e-01
6.975000000000000000e+03 9.402688178771135830e-01
6.980000000000000000e+03 9.407424497701916133e-01
6.985000000000000000e+03 9.412110826597525071e-01
6.990000000000000000e+03 9.416797942638144292e-01
6.995000000000000000e+03 9.421430111256072770e-01
7.000000000000000000e+03 9.426063002815451286e-01
7.005000000000000000e+03 9.430623199134701151e-01
7.010000000000000000e+03 9.435183996270685158e-01
7.015000000000000000e+03 9.439677007835226563e-01
7.020000000000000000e+03 9.444170549900030576e-01
7.025000000000000000e+03 9.448481082706950973e-01
7.030000000000000000e+03 9.452792041494815223e-01
7.035000000000000000e+03 9.457021884027891900e-01
7.040000000000000000e+03 9.461252082942539499e-01
7.045000000000000000e+03 9.465479840391329835e-01
7.050000000000000000e+03 9.469707920059429185e-01
7.055000000000000000e+03 9.473845950406812877e-01
7.060000000000000000e+03 9.477984232246506879e-01
7.065000000000000000e+03 9.481940488345010909e-01
7.070000000000000000e+03 9.485896882223543436e-01
7.075000000000000000e+03 9.489745539734765201e-01
7.080000000000000000e+03 9.493594264082108047e-01
7.085000000000000000e+03 9.497331728024853703e-01
7.090000000000000000e+03 9.501069191315411055e-01
7.095000000000000000e+03 9.504686506289858894e-01
7.100000000000000000e+03 9.508303756676903529e-01
7.105000000000000000e+03 9.511802207625705829e-01
7.110000000000000000e+03 9.515300528525335588e-01
7.115000000000000000e+03 9.518770055186400736e-01
7.120000000000000000e+03 9.522239420839403445e-01
7.125000000000000000e+03 9.525581556533985195e-01
7.130000000000000000e+03 9.528923466709526835e-01
7.135000000000000000e+03 9.532045540772998704e-01
7.140000000000000000e+03 9.535167283724090836e-01
7.145000000000000000e+03 9.538148466639776446e-01
7.150000000000000000e+03 9.541129262820593482e-01
7.155000000000000000e+03 9.544057604616095203e-01
7.160000000000000000e+03 9.546985550688443789e-01
7.165000000000000000e+03 9.549769374274423850e-01
7.170000000000000000e+03 9.552552750778329216e-01
7.175000000000000000e+03 9.555086142155241324e-01
7.180000000000000000e+03 9.557619023259734670e-01
7.185000000000000000e+03 9.559999358109779743e-01
7.190000000000000000e+03 9.562379140472057060e-01
7.195000000000000000e+03 9.564604851771912886e-01
7.200000000000000000e+03 9.566829976012147796e-01
7.205000000000000000e+03 9.568999046969770550e-01
7.210000000000000000e+03 9.571167510843375803e-01
7.215000000000000000e+03 9.573174056530344700e-01
7.220000000000000000e+03 9.575179964361434370e-01
7.225000000000000000e+03 9.576914628401416163e-01
7.230000000000000000e+03 9.578648599658765583e-01
7.235000000000000000e+03 9.580211827492014498e-01
7.240000000000000000e+03 9.581774344912835639e-01
7.245000000000000000e+03 9.583275912744259051e-01
7.250000000000000000e+03 9.584776784974505803e-01
7.255000000000000000e+03 9.586108363401201204e-01
7.260000000000000000e+03 9.587439238534120056e-01
7.265000000000000000e+03 9.588495884523230428e-01
7.270000000000000000e+03 9.589551824734970920e-01
7.275000000000000000e+03 9.590435551585534402e-01
7.280000000000000000e+03 9.591318575108892519e-01
7.285000000000000000e+03 9.592026986946644573e-01
7.290000000000000000e+03 9.592734702854397444e-01
7.295000000000000000e+03 9.593366482039915599e-01
7.300000000000000000e+03 9.593997575106630871e-01
7.305000000000000000e+03 9.594451715522970270e-01
7.310000000000000000e+03 9.594905188075328883e-01
7.315000000000000000e+03 9.595059214732758468e-01
7.320000000000000000e+03 9.595212588874162396e-01
7.325000000000000000e+03 9.595187184235903777e-01
7.330000000000000000e+03 9.595161157407420260e-01
7.335000000000000000e+03 9.595050985308521962e-01
7.340000000000000000e+03 9.594940232684342485e-01
7.345000000000000000e+03 9.594652806793321220e-01
7.350000000000000000e+03 9.594364837982324312e-01
7.355000000000000000e+03 9.593900290112027385e-01
7.360000000000000000e+03 9.593435243607338903e-01
7.365000000000000000e+03 9.592720609870956094e-01
7.370000000000000000e+03 9.592005533594178956e-01
7.375000000000000000e+03 9.591115057678346600e-01
7.380000000000000000e+03 9.590224191056333503e-01
7.385000000000000000e+03 9.589261073123610535e-01
7.390000000000000000e+03 9.588297601030275619e-01
7.395000000000000000e+03 9.587158974995703131e-01
7.400000000000000000e+03 9.586020054611893437e-01
7.405000000000000000e+03 9.584623000268566173e-01
7.410000000000000000e+03 9.583225739369585217e-01
7.415000000000000000e+03 9.581661337028959391e-01
7.420000000000000000e+03 9.580096792551264784e-01
7.425000000000000000e+03 9.578364768707579024e-01
7.430000000000000000e+03 9.576632673707854426e-01
7.435000000000000000e+03 9.574824563582030601e-01
7.440000000000000000e+03 9.573016426765140752e-01
7.445000000000000000e+03 9.571044026631766455e-01
7.450000000000000000e+03 9.569071673705291659e-01
7.455000000000000000e+03 9.566833211408370952e-01
7.460000000000000000e+03 9.564594909079319196e-01
7.465000000000000000e+03 9.562201376620265147e-01
7.470000000000000000e+03 9.559808081635239319e-01
7.475000000000000000e+03 9.557261169493032060e-01
7.480000000000000000e+03 9.554714576326039932e-01
7.485000000000000000e+03 9.552122235930875505e-01
7.490000000000000000e+03 9.549530253412276126e-01
7.495000000000000000e+03 9.546789315123711539e-01
7.500000000000000000e+03 9.544048816573059701e-01
7.505000000000000000e+03 9.541076502443075480e-01
7.510000000000000000e+03 9.538104749742188915e-01
7.515000000000000000e+03 9.534994022598241026e-01
7.520000000000000000e+03 9.531883940115514209e-01
7.525000000000000000e+03 9.528710299752466417e-01
7.530000000000000000e+03 9.525537349164368006e-01
7.535000000000000000e+03 9.522232468448666998e-01
7.540000000000000000e+03 9.518928357777842741e-01
7.545000000000000000e+03 9.515497789875215773e-01
7.550000000000000000e+03 9.512068070209505066e-01
7.555000000000000000e+03 9.508445528580843353e-01
7.560000000000000000e+03 9.504823951634725487e-01
7.565000000000000000e+03 9.501084886839505916e-01
7.570000000000000000e+03 9.497346864998027494e-01
7.575000000000000000e+03 9.493562746407225861e-01
7.580000000000000000e+03 9.489779704119588599e-01
7.585000000000000000e+03 9.485888565669111649e-01
7.590000000000000000e+03 9.481998576516232902e-01
7.595000000000000000e+03 9.478001585333378776e-01
7.600000000000000000e+03 9.474005814125004976e-01
7.605000000000000000e+03 9.469845476364302517e-01
7.610000000000000000e+03 9.465686465290475970e-01
7.615000000000000000e+03 9.461434170490728990e-01
7.620000000000000000e+03 9.457183268336458726e-01
7.625000000000000000e+03 9.452858318891208533e-01
7.630000000000000000e+03 9.448534810739953604e-01
7.635000000000000000e+03 9.444128750245449622e-01
7.640000000000000000e+03 9.439724186428800623e-01
7.645000000000000000e+03 9.435239553125341905e-01
7.650000000000000000e+03 9.430756473789048133e-01
7.655000000000000000e+03 9.426253521262929480e-01
7.660000000000000000e+03 9.421752129105367413e-01
7.665000000000000000e+03 9.417178968231229019e-01
7.670000000000000000e+03 9.412607413719613625e-01
7.675000000000000000e+03 9.407920843994723725e-01
7.680000000000000000e+03 9.403235962809616266e-01
7.685000000000000000e+03 9.398493775175910114e-01
7.690000000000000000e+03 9.393753315190570552e-01
7.695000000000000000e+03 9.388959888118902919e-01
7.700000000000000000e+03 9.384168218178596810e-01
7.705000000000000000e+03 9.379371013380221056e-01
7.710000000000000000e+03 9.374575557277917692e-01
7.715000000000000000e+03 9.369736731448154998e-01
7.720000000000000000e+03 9.364899676487641322e-01
7.725000000000000000e+03 9.360023545486231278e-01
7.730000000000000000e+03 9.355149208073395561e-01
7.735000000000000000e+03 9.350188585956198395e-01
7.740000000000000000e+03 9.345229817517333171e-01
7.745000000000000000e+03 9.340246280372256349e-01
7.750000000000000000e+03 9.335264602921494737e-01
7.755000000000000000e+03 9.330283618483178332e-01
7.760000000000000000e+03 9.325304475071664045e-01
7.765000000000000000e+03 9.320309568059891303e-01
7.770000000000000000e+03 9.315316501085496581e-01
7.775000000000000000e+03 9.310311892055362915e-01
7.780000000000000000e+03 9.305309116832568561e-01
7.785000000000000000e+03 9.300281195879026575e-01
7.790000000000000000e+03 9.295255124077878017e-01
7.795000000000000000e+03 9.290230692387090317e-01
7.800000000000000000e+03 9.285208093626664549e-01
7.805000000000000000e+03 9.280237847530073969e-01
7.810000000000000000e+03 9.275269370378184108e-01
7.815000000000000000e+03 9.270311366693029242e-01
7.820000000000000000e+03 9.265355108172874665e-01
7.825000000000000000e+03 9.260413016983698453e-01
7.830000000000000000e+03 9.255472647740535797e-01
7.835000000000000000e+03 9.250522552038642488e-01
7.840000000000000000e+03 9.245574177532398519e-01
7.845000000000000000e+03 9.240650216523232929e-01
7.850000000000000000e+03 9.235727941837447164e-01
7.855000000000000000e+03 9.230837511777567617e-01
7.860000000000000000e+03 9.225948728042293601e-01
7.865000000000000000e+03 9.221125038992549205e-01
7.870000000000000000e+03 9.216302912318862228e-01
7.875000000000000000e+03 9.211519461802546438e-01
7.880000000000000000e+03 9.206737527644313079e-01
7.885000000000000000e+03 9.201972615647926457e-01
7.890000000000000000e+03 9.197209210720732608e-01
7.895000000000000000e+03 9.192494599443867820e-01
7.900000000000000000e+03 9.187781442554335820e-01
7.905000000000000000e+03 9.183122590820385067e-01
7.910000000000000000e+03 9.178465137380928951e-01
7.915000000000000000e+03 9.173892518315572842e-01
7.920000000000000000e+03 9.169321208936257461e-01
7.925000000000000000e+03 9.164811878569659731e-01
7.930000000000000000e+03 9.160303797262807635e-01
7.935000000000000000e+03 9.155861778906850823e-01
7.940000000000000000e+03 9.151420948440961434e-01
7.945000000000000000e+03 9.147026221499954257e-01
7.950000000000000000e+03 9.142632651095446983e-01
7.955000000000000000e+03 9.138315164771010357e-01
7.960000000000000000e+03 9.133998766260222890e-01
7.965000000000000000e+03 9.129762047346002829e-01
7.970000000000000000e+03 9.125526349825594519e-01
7.975000000000000000e+03 9.121399354074515298e-01
7.980000000000000000e+03 9.117273270611802038e-01
7.985000000000000000e+03 9.113233533024176491e-01
7.990000000000000000e+03 9.109194638151638657e-01
7.995000000000000000e+03 9.105221230615172523e-01
8.000000000000000000e+03 9.101248638538166347e-01
8.005000000000000000e+03 9.097370053826551173e-01
8.010000000000000000e+03 9.093492213086975529e-01
8.015000000000000000e+03 9.089713345560225255e-01
8.020000000000000000e+03 9.085935151209897365e-01
8.025000000000000000e+03 9.082279575978392527e-01
8.030000000000000000e+03 9.078624576311734584e-01
8.035000000000000000e+03 9.075073811697601522e-01
8.040000000000000000e+03 9.071523552883152819e-01
8.045000000000000000e+03 9.068080641279958609e-01
8.050000000000000000e+03 9.064638167190994800e-01
8.055000000000000000e+03 9.061283831904154429e-01
8.060000000000000000e+03 9.057929893027109047e-01
8.065000000000000000e+03 9.054689085257549008e-01
8.070000000000000000e+03 9.051448608718559719e-01
8.075000000000000000e+03 9.048324368382602012e-01
8.080000000000000000e+03 9.045200395049480813e-01
8.085000000000000000e+03 9.042217542386281615e-01
8.090000000000000000e+03 9.039234864545556691e-01
8.095000000000000000e+03 9.036374167842431415e-01
8.100000000000000000e+03 9.033513585956572944e-01
8.105000000000000000e+03 9.030775322248549841e-01
8.110000000000000000e+03 9.028037114104261462e-01
8.115000000000000000e+03 9.025411010167166959e-01
8.120000000000000000e+03 9.022784936050384230e-01
8.125000000000000000e+03 9.020286534434016623e-01
8.130000000000000000e+03 9.017788107733283320e-01
8.135000000000000000e+03 9.015444831956713756e-01
8.140000000000000000e+03 9.013101437457720078e-01
8.145000000000000000e+03 9.010891024121031601e-01
8.150000000000000000e+03 9.008680441640177783e-01
8.155000000000000000e+03 9.006571968358413338e-01
8.160000000000000000e+03 9.004463318058324450e-01
8.165000000000000000e+03 9.002490279805597240e-01
8.170000000000000000e+03 9.000517019524877371e-01
8.175000000000000000e+03 8.998680675499142190e-01
8.180000000000000000e+03 8.996844068229573610e-01
8.185000000000000000e+03 8.995146149899689858e-01
8.190000000000000000e+03 8.993447931587502664e-01
8.195000000000000000e+03 8.991914473417702558e-01
8.200000000000000000e+03 8.990380660441884553e-01
8.205000000000000000e+03 8.988990007513085745e-01
8.210000000000000000e+03 8.987598969706993568e-01
8.215000000000000000e+03 8.986351055438372981e-01
8.220000000000000000e+03 8.985102732979146634e-01
8.225000000000000000e+03 8.983974649939785451e-01
8.230000000000000000e+03 8.982846155551806877e-01
8.235000000000000000e+03 8.981862567061166258e-01
8.240000000000000000e+03 8.980878548783417514e-01
8.245000000000000000e+03 8.980040337259952432e-01
8.250000000000000000e+03 8.979201682288453501e-01
8.255000000000000000e+03 8.978536223728295074e-01
8.260000000000000000e+03 8.977870292956623421e-01
8.265000000000000000e+03 8.977351976528633593e-01
8.270000000000000000e+03 8.976833181761819658e-01
8.275000000000000000e+03 8.976462007955775535e-01
8.280000000000000000e+03 8.976090355080884597e-01
8.285000000000000000e+03 8.975840820833558276e-01
8.290000000000000000e+03 8.975590825168626719e-01
8.295000000000000000e+03 8.975489871432755784e-01
8.300000000000000000e+03 8.975388463869744538e-01
8.305000000000000000e+03 8.975434746479997727e-01
8.310000000000000000e+03 8.975480584151628305e-01
8.315000000000000000e+03 8.975675983975166528e-01
8.320000000000000000e+03 8.975870953602739233e-01
8.325000000000000000e+03 8.976213699314464778e-01
8.330000000000000000e+03 8.976556031323734697e-01
8.335000000000000000e+03 8.977046635640224537e-01
8.340000000000000000e+03 8.977536848459881647e-01
8.345000000000000000e+03 8.978205945520607578e-01
8.350000000000000000e+03 8.978874668112172275e-01
8.355000000000000000e+03 8.979692269211914102e-01
8.360000000000000000e+03 8.980509527272445558e-01
8.365000000000000000e+03 8.981475741126004886e-01
8.370000000000000000e+03 8.982441647111474303e-01
8.375000000000000000e+03 8.983522366255327629e-01
8.380000000000000000e+03 8.984602821926098715e-01
8.385000000000000000e+03 8.985829178282624952e-01
8.390000000000000000e+03 8.987055310802947172e-01
8.395000000000000000e+03 8.988426534497068188e-01
8.400000000000000000e+03 8.989797580866951687e-01
8.405000000000000000e+03 8.991347564921302604e-01
8.410000000000000000e+03 8.992897417975433960e-01
8.415000000000000000e+03 8.994593512317854422e-01
8.420000000000000000e+03 8.996289528629440868e-01
8.425000000000000000e+03 8.998127287861186208e-01
8.430000000000000000e+03 8.999965024143691261e-01
8.435000000000000000e+03 9.001908982443784790e-01
8.440000000000000000e+03 9.003852972868300331e-01
8.445000000000000000e+03 9.005937096579352819e-01
8.450000000000000000e+03 9.008021313454476209e-01
8.455000000000000000e+03 9.010243961473832774e-01
8.460000000000000000e+03 9.012466766607254431e-01
8.465000000000000000e+03 9.014865669544693816e-01
8.470000000000000000e+03 9.017264801768677396e-01
8.475000000000000000e+03 9.019800826896657853e-01
8.480000000000000000e+03 9.022337151963177870e-01
8.485000000000000000e+03 9.025008668774606724e-01
8.490000000000000000e+03 9.027680556275561319e-01
8.495000000000000000e+03 9.030444200619539563e-01
8.500000000000000000e+03 9.033208275394015718e-01
8.505000000000000000e+03 9.036103673516687751e-01
8.510000000000000000e+03 9.038999576219095555e-01
8.515000000000000000e+03 9.042022795668531732e-01
8.520000000000000000e+03 9.045046593950653024e-01
8.525000000000000000e+03 9.048193492598231025e-01
8.530000000000000000e+03 9.051341042122463820e-01
8.535000000000000000e+03 9.054612995718334112e-01
8.540000000000000000e+03 9.057885678119311779e-01
8.545000000000000000e+03 9.061279679736083947e-01
8.550000000000000000e+03 9.064674488797059837e-01
8.555000000000000000e+03 9.068188456952139820e-01
8.560000000000000000e+03 9.071703313024442883e-01
8.565000000000000000e+03 9.075330719003147362e-01
8.570000000000000000e+03 9.078959090959717315e-01
8.575000000000000000e+03 9.082702777425373242e-01
8.580000000000000000e+03 9.086447509070226802e-01
8.585000000000000000e+03 9.090304033700432607e-01
8.590000000000000000e+03 9.094161684303063709e-01
8.595000000000000000e+03 9.098179374080535009e-01
8.600000000000000000e+03 9.102198297824108941e-01
8.605000000000000000e+03 9.106324741029450109e-01
8.610000000000000000e+03 9.110452501962552629e-01
8.615000000000000000e+03 9.114685181208163067e-01
8.620000000000000000e+03 9.118919258546722695e-01
8.625000000000000000e+03 9.123206415841187411e-01
8.630000000000000000e+03 9.127495019936171516e-01
8.635000000000000000e+03 9.131881828429811998e-01
8.640000000000000000e+03 9.136270161906789866e-01
8.645000000000000000e+03 9.140753561966942220e-01
8.650000000000000000e+03 9.145238561302582170e-01
8.655000000000000000e+03 9.149869492602494825e-01
8.660000000000000000e+03 9.154502136658468903e-01
8.665000000000000000e+03 9.159226050007749365e-01
8.670000000000000000e+03 9.163951752497228043e-01
8.675000000000000000e+03 9.168763719600074857e-01
8.680000000000000000e+03 9.173577550153320104e-01
8.685000000000000000e+03 9.178412863002868294e-01
8.690000000000000000e+03 9.183250061100075579e-01
8.695000000000000000e+03 9.188164850644433557e-01
8.700000000000000000e+03 9.193081592409642067e-01
8.705000000000000000e+03 9.198075564984852237e-01
8.710000000000000000e+03 9.203071553939078386e-01
8.715000000000000000e+03 9.208139764013668627e-01
8.720000000000000000e+03 9.213210052388282056e-01
8.725000000000000000e+03 9.218416915719767069e-01
8.730000000000000000e+03 9.223625972407932805e-01
8.735000000000000000e+03 9.228901010450974995e-01
8.740000000000000000e+03 9.234178299626655262e-01
8.745000000000000000e+03 9.239518845750935849e-01
8.750000000000000000e+03 9.244861700198546695e-01
8.755000000000000000e+03 9.250205841391500039e-01
8.760000000000000000e+03 9.255552291108759544e-01
8.765000000000000000e+03 9.260951281619851372e-01
8.770000000000000000e+03 9.266352627422493882e-01
8.775000000000000000e+03 9.271806155203849986e-01
8.780000000000000000e+03 9.277262083863011544e-01
8.785000000000000000e+03 9.282799024181274117e-01
8.790000000000000000e+03 9.288338434003466926e-01
8.795000000000000000e+03 9.293920783127920249e-01
8.800000000000000000e+03 9.299505637026108662e-01
8.805000000000000000e+03 9.305130661334020115e-01
8.810000000000000000e+03 9.310758222916605265e-01
8.815000000000000000e+03 9.316421289646120707e-01
8.820000000000000000e+03 9.322086922088554939e-01
8.825000000000000000e+03 9.327745902366121333e-01
8.830000000000000000e+03 9.333407437586367372e-01
8.835000000000000000e+03 9.339095037369582464e-01
8.840000000000000000e+03 9.344785210502249972e-01
8.845000000000000000e+03 9.350498143426879682e-01
8.850000000000000000e+03 9.356213664965618015e-01
8.855000000000000000e+03 9.361969965457687115e-01
8.860000000000000000e+03 9.367728885105163217e-01
8.865000000000000000e+03 9.373502553827776085e-01
8.870000000000000000e+03 9.379278848732530705e-01
8.875000000000000000e+03 9.385065134556302979e-01
8.880000000000000000e+03 9.390854049280293880e-01
8.885000000000000000e+03 9.396612930143503073e-01
8.890000000000000000e+03 9.402374404054658630e-01
8.895000000000000000e+03 9.408137680448543927e-01
8.900000000000000000e+03 9.413903539878393234e-01
8.905000000000000000e+03 9.419665488890403005e-01
8.910000000000000000e+03 9.425430008511800350e-01
8.915000000000000000e+03 9.431185760153641962e-01
8.920000000000000000e+03 9.436944064693409961e-01
8.925000000000000000e+03 9.442763163395782033e-01
8.930000000000000000e+03 9.448584858720193713e-01
8.935000000000000000e+03 9.454388227081231832e-01
8.940000000000000000e+03 9.460194164024390284e-01
8.945000000000000000e+03 9.465978824154188676e-01
8.950000000000000000e+03 9.471766019336101960e-01
8.955000000000000000e+03 9.477452955904642762e-01
8.960000000000000000e+03 9.483142325935093320e-01
8.965000000000000000e+03 9.488799613436897928e-01
8.970000000000000000e+03 9.494459294411501382e-01
8.975000000000000000e+03 9.500084881540469262e-01
8.980000000000000000e+03 9.505712816021782974e-01
8.985000000000000000e+03 9.511299823657288766e-01
8.990000000000000000e+03 9.516889129724315222e-01
8.995000000000000000e+03 9.522504130097503294e-01
9.000000000000000000e+03 9.528121434444929427e-01
9.005000000000000000e+03 9.533688519794258909e-01
9.010000000000000000e+03 9.539257846016545583e-01
9.015000000000000000e+03 9.544771020577427212e-01
9.020000000000000000e+03 9.550286374003215117e-01
9.025000000000000000e+03 9.555672243882619155e-01
9.030000000000000000e+03 9.561060170516640921e-01
9.035000000000000000e+03 9.566382895158559441e-01
9.040000000000000000e+03 9.571707604121542090e-01
9.045000000000000000e+03 9.576964540731752740e-01
9.050000000000000000e+03 9.582223390063248081e-01
9.055000000000000000e+03 9.587409957829807761e-01
9.060000000000000000e+03 9.592598363533200168e-01
9.065000000000000000e+03 9.597773758896999130e-01
9.070000000000000000e+03 9.602950956848126385e-01
9.075000000000000000e+03 9.608043981342575535e-01
9.080000000000000000e+03 9.613138722737705200e-01
9.085000000000000000e+03 9.618144240275960932e-01
9.090000000000000000e+03 9.623151384211833248e-01
9.095000000000000000e+03 9.628000329446716465e-01
9.100000000000000000e+03 9.632850769681996494e-01
9.105000000000000000e+03 9.637604289326763274e-01
9.110000000000000000e+03 9.642359213491555892e-01
9.115000000000000000e+03 9.647012640449484921e-01
9.120000000000000000e+03 9.651667379323894957e-01
9.125000000000000000e+03 9.656215544727224653e-01
9.130000000000000000e+03 9.660764928821324871e-01
9.135000000000000000e+03 9.665222253917788997e-01
9.140000000000000000e+03 9.669680712595142280e-01
9.145000000000000000e+03 9.674021516273474397e-01
9.150000000000000000e+03 9.678363354497254711e-01
9.155000000000000000e+03 9.682583904474566516e-01
9.160000000000000000e+03 9.686805390495478729e-01
9.165000000000000000e+03 9.690903449918667478e-01
9.170000000000000000e+03 9.695002344422973817e-01
9.175000000000000000e+03 9.698960956507233222e-01
9.180000000000000000e+03 9.702920300393619302e-01
9.185000000000000000e+03 9.706744066935623083e-01
9.190000000000000000e+03 9.710568463699214004e-01
9.195000000000000000e+03 9.714256096010106534e-01
9.200000000000000000e+03 9.717944261625955926e-01
9.205000000000000000e+03 9.721514701775090250e-01
9.210000000000000000e+03 9.725085583670325384e-01
9.215000000000000000e+03 9.728506103957293982e-01
9.220000000000000000e+03 9.731926965143040675e-01
9.225000000000000000e+03 9.735195791215744965e-01
9.230000000000000000e+03 9.738464860229643083e-01
9.235000000000000000e+03 9.741574339330906218e-01
9.240000000000000000e+03 9.744683962506783814e-01
9.245000000000000000e+03 9.747604216013917577e-01
9.250000000000000000e+03 9.750524519291007275e-01
9.255000000000000000e+03 9.753281899908137209e-01
9.260000000000000000e+03 9.756039241450642496e-01
9.265000000000000000e+03 9.758626610735613438e-01
9.270000000000000000e+03 9.761213852518190182e-01
9.275000000000000000e+03 9.763629475804029845e-01
9.280000000000000000e+03 9.766044890007063994e-01
9.285000000000000000e+03 9.768315737398785004e-01
9.290000000000000000e+03 9.770586286871673076e-01
9.295000000000000000e+03 9.772670161787023746e-01
9.300000000000000000e+03 9.774753657859934775e-01
9.305000000000000000e+03 9.776648836961577826e-01
9.310000000000000000e+03 9.778543563532640093e-01
9.315000000000000000e+03 9.780221146284308054e-01
9.320000000000000000e+03 9.781898219958601315e-01
9.325000000000000000e+03 9.783381784092758382e-01
9.330000000000000000e+03 9.784864777453606832e-01
9.335000000000000000e+03 9.786154144594346738e-01
9.340000000000000000e+03 9.787442883297852170e-01
9.345000000000000000e+03 9.788530013676031150e-01
9.350000000000000000e+03 9.789616464786012884e-01
9.355000000000000000e+03 9.790510132735162907e-01
9.360000000000000000e+03 9.791403063306368670e-01
9.365000000000000000e+03 9.792084838154010429e-01
9.370000000000000000e+03 9.792765835511514361e-01
9.375000000000000000e+03 9.793233645412567911e-01
9.380000000000000000e+03 9.793700643549683171e-01
9.385000000000000000e+03 9.793949963529123837e-01
9.390000000000000000e+03 9.794198447641158101e-01
9.395000000000000000e+03 9.794225750993189594e-01
9.400000000000000000e+03 9.794252215770833381e-01
9.405000000000000000e+03 9.794059961817731530e-01
9.410000000000000000e+03 9.793866859329251051e-01
9.415000000000000000e+03 9.793450108816328381e-01
9.420000000000000000e+03 9.793032508926337032e-01
9.425000000000000000e+03 9.792388808744599826e-01
9.430000000000000000e+03 9.791744265967087246e-01
9.435000000000000000e+03 9.790865259124755804e-01
9.440000000000000000e+03 9.789985416782230887e-01
9.445000000000000000e+03 9.788871173288538063e-01
9.450000000000000000e+03 9.787756121436643753e-01
9.455000000000000000e+03 9.786404274642741541e-01
9.460000000000000000e+03 9.785051655004575188e-01
9.465000000000000000e+03 9.783458878564225136e-01
9.470000000000000000e+03 9.781865372946851878e-01
9.475000000000000000e+03 9.780044165858690075e-01
9.480000000000000000e+03 9.778222292610739830e-01
9.485000000000000000e+03 9.776158046229387333e-01
9.490000000000000000e+03 9.774093198192628229e-01
9.495000000000000000e+03 9.771786609289623282e-01
9.500000000000000000e+03 9.769479493977767381e-01
9.505000000000000000e+03 9.766924911483010341e-01
9.510000000000000000e+03 9.764369889501768318e-01
9.515000000000000000e+03 9.761538441433258440e-01
9.520000000000000000e+03 9.758706642553620636e-01
9.525000000000000000e+03 9.755620413433865323e-01
9.530000000000000000e+03 9.752533943982988340e-01
9.535000000000000000e+03 9.749190341303853868e-01
9.540000000000000000e+03 9.745846621601299553e-01
9.545000000000000000e+03 9.742244075112316271e-01
9.550000000000000000e+03 9.738641546188530063e-01
9.555000000000000000e+03 9.734818456556951771e-01
9.560000000000000000e+03 9.730995527477560580e-01
9.565000000000000000e+03 9.726915833356349905e-01
9.570000000000000000e+03 9.722836454496993630e-01
9.575000000000000000e+03 9.718499184302258342e-01
9.580000000000000000e+03 9.714162396112789866e-01
9.585000000000000000e+03 9.709566101467848043e-01
9.590000000000000000e+03 9.704970466683054964e-01
9.595000000000000000e+03 9.700041944934417737e-01
9.600000000000000000e+03 9.695114301438646498e-01
9.605000000000000000e+03 9.689915777573836486e-01
9.610000000000000000e+03 9.684718345784387727e-01
9.615000000000000000e+03 9.679250966531692812e-01
9.620000000000000000e+03 9.673784903269101454e-01
9.625000000000000000e+03 9.668103352195811517e-01
9.630000000000000000e+03 9.662423323883874149e-01
9.635000000000000000e+03 9.656476728917706698e-01
9.640000000000000000e+03 9.650531900878097646e-01
9.645000000000000000e+03 9.644318578636268402e-01
9.650000000000000000e+03 9.638107282418002519e-01
9.655000000000000000e+03 9.631628021418416896e-01
9.660000000000000000e+03 9.625151056333607347e-01
9.665000000000000000e+03 9.618405740808633198e-01
9.670000000000000000e+03 9.611663001349535218e-01
9.675000000000000000e+03 9.604689604801759373e-01
9.680000000000000000e+03 9.597719048621126126e-01
9.685000000000000000e+03 9.590482279057017667e-01
9.690000000000000000e+03 9.583248652084320751e-01
9.695000000000000000e+03 9.575750421770812260e-01
9.700000000000000000e+03 9.568255647274112041e-01
9.705000000000000000e+03 9.560495475030482693e-01
9.710000000000000000e+03 9.552739085674301078e-01
9.715000000000000000e+03 9.544627656908443170e-01
9.720000000000000000e+03 9.536520443312083151e-01
9.725000000000000000e+03 9.528142587289804011e-01
9.730000000000000000e+03 9.519769306459836544e-01
9.735000000000000000e+03 9.511125642263370539e-01
9.740000000000000000e+03 9.502486927984574727e-01
9.745000000000000000e+03 9.493576702728153682e-01
9.750000000000000000e+03 9.484671814684634272e-01
9.755000000000000000e+03 9.475599082826104969e-01
9.760000000000000000e+03 9.466531959135429108e-01
9.765000000000000000e+03 9.457202982667720637e-01
9.770000000000000000e+03 9.447880008637505878e-01
9.775000000000000000e+03 9.438295511309063857e-01
9.780000000000000000e+03 9.428717424749067932e-01
9.785000000000000000e+03 9.418878676802231453e-01
9.790000000000000000e+03 9.409046756060065464e-01
9.795000000000000000e+03 9.398840800323928768e-01
9.800000000000000000e+03 9.388642266926690017e-01
9.805000000000000000e+03 9.378178346805638999e-01
9.810000000000000000e+03 9.367722305542135475e-01
9.815000000000000000e+03 9.357002764699944297e-01
9.820000000000000000e+03 9.346291566606788059e-01
9.825000000000000000e+03 9.335318809307852073e-01
9.830000000000000000e+03 9.324354869881664731e-01
9.835000000000000000e+03 9.313258533954079654e-01
9.840000000000000000e+03 9.302171288382354852e-01
9.845000000000000000e+03 9.290832730480143020e-01
9.850000000000000000e+03 9.279503736423779792e-01
9.855000000000000000e+03 9.267923976247569584e-01
9.860000000000000000e+03 9.256354264345647564e-01
9.865000000000000000e+03 9.244537150582105012e-01
9.870000000000000000e+03 9.232730574711796034e-01
9.875000000000000000e+03 9.220534312247377073e-01
9.880000000000000000e+03 9.208349353047088348e-01
9.885000000000000000e+03 9.195912285274359110e-01
9.890000000000000000e+03 9.183487047985411378e-01
9.895000000000000000e+03 9.170812689737461998e-01
9.900000000000000000e+03 9.158150698815068491e-01
9.905000000000000000e+03 9.145243033218831696e-01
9.910000000000000000e+03 9.132348273388806170e-01
9.915000000000000000e+03 9.119371143718295603e-01
9.920000000000000000e+03 9.106407137602369195e-01
9.925000000000000000e+03 9.093209157112298602e-01
9.930000000000000000e+03 9.080024830457276153e-01
9.935000000000000000e+03 9.066607141668363568e-01
9.940000000000000000e+03 9.053203644794226568e-01
9.945000000000000000e+03 9.039571133226140809e-01
9.950000000000000000e+03 9.025953354524742789e-01
9.955000000000000000e+03 9.012106333574112504e-01
9.960000000000000000e+03 8.998274596126883962e-01
9.965000000000000000e+03 8.984037710473214977e-01
9.970000000000000000e+03 8.969817067475233108e-01
9.975000000000000000e+03 8.955367164087376652e-01
9.980000000000000000e+03 8.940934085195557657e-01
9.985000000000000000e+03 8.926274790311200524e-01
9.990000000000000000e+03 8.911632904971413804e-01
9.995000000000000000e+03 8.896767834677881126e-01
1.000000000000000000e+04 8.881920758655894588e-01
1.000500000000000000e+04 8.866996888839793201e-01
1.001000000000000000e+04 8.852091251335711952e-01
1.001500000000000000e+04 8.836975945445123548e-01
1.002000000000000000e+04 8.821879438270588958e-01
1.002500000000000000e+04 8.806658019404757232e-01
1.003000000000000000e+04 8.791455756229745733e-01
1.003500000000000000e+04 8.776050918160073211e-01
1.004000000000000000e+04 8.760665797898601337e-01
1.004500000000000000e+04 8.745079741652779237e-01
1.005000000000000000e+04 8.729513968551840808e-01
1.005500000000000000e+04 8.713346878191341460e-01
1.006000000000000000e+04 8.697201722296334925e-01
1.006500000000000000e+04 8.680848800345895011e-01
1.007000000000000000e+04 8.664518432540301296e-01
1.007500000000000000e+04 8.648316002805559455e-01
1.008000000000000000e+04 8.632135830371480134e-01
1.008500000000000000e+04 8.615766534140179012e-01
1.009000000000000000e+04 8.599420067008086699e-01
1.009500000000000000e+04 8.582918626418893915e-01
1.010000000000000000e+04 8.566440497965427392e-01
1.010500000000000000e+04 8.549780912457852766e-01
1.011000000000000000e+04 8.533145203978060866e-01
1.011500000000000000e+04 8.516334082813188378e-01
1.012000000000000000e+04 8.499547391611580460e-01
1.012500000000000000e+04 8.482195883150762672e-01
1.013000000000000000e+04 8.464870525519899713e-01
1.013500000000000000e+04 8.447363211198543054e-01
1.014000000000000000e+04 8.429882653217941613e-01
1.014500000000000000e+04 8.412627095557231316e-01
1.015000000000000000e+04 8.395397661453369853e-01
1.015500000000000000e+04 8.378005921677931234e-01
1.016000000000000000e+04 8.360640852443089743e-01
1.016500000000000000e+04 8.343115930613781428e-01
1.017000000000000000e+04 8.325618219692710875e-01
1.017500000000000000e+04 8.308023759488347704e-01
1.018000000000000000e+04 8.290456858814816421e-01
1.018500000000000000e+04 8.272738664159041688e-01
1.019000000000000000e+04 8.255048556068790289e-01
1.019500000000000000e+04 8.236636658265673594e-01
1.020000000000000000e+04 8.218255245646503004e-01
1.020500000000000000e+04 8.199717308037656194e-01
1.021000000000000000e+04 8.181210432239827135e-01
1.021500000000000000e+04 8.163135724747352384e-01
1.022000000000000000e+04 8.145090689898007996e-01
1.022500000000000000e+04 8.126908743875499441e-01
1.023000000000000000e+04 8.108756976031947783e-01
1.023500000000000000e+04 8.090473652070478972e-01
1.024000000000000000e+04 8.072220994887359113e-01
1.024500000000000000e+04 8.053752902468762631e-01
1.025000000000000000e+04 8.035316263928212743e-01
1.025500000000000000e+04 8.016755174963181574e-01
1.026000000000000000e+04 7.998226016932539206e-01
1.026500000000000000e+04 7.979660254939553443e-01
1.027000000000000000e+04 7.961126597575249875e-01
1.027500000000000000e+04 7.942474372171525188e-01
1.028000000000000000e+04 7.923854716891693961e-01
1.028500000000000000e+04 7.905122576240514176e-01
1.029000000000000000e+04 7.886423452630059172e-01
1.029500000000000000e+04 7.866993248628919577e-01
1.030000000000000000e+04 7.847598756312181845e-01
1.030500000000000000e+04 7.828088182601473655e-01
1.031000000000000000e+04 7.808613808578385163e-01
1.031500000000000000e+04 7.789653742583556584e-01
1.032000000000000000e+04 7.770728039483086880e-01
1.032500000000000000e+04 7.751702424264435010e-01
1.033000000000000000e+04 7.732711589688512355e-01
1.033500000000000000e+04 7.713625463365781920e-01
1.034000000000000000e+04 7.694574523373723940e-01
1.034500000000000000e+04 7.675352873960153977e-01
1.035000000000000000e+04 7.656167103892461689e-01
1.035500000000000000e+04 7.636894303092582881e-01
1.036000000000000000e+04 7.617657761488515478e-01
1.036500000000000000e+04 7.598037724843246243e-01
1.037000000000000000e+04 7.578455460879020000e-01
1.037500000000000000e+04 7.558785368255073189e-01
1.038000000000000000e+04 7.539153448645522504e-01
1.038500000000000000e+04 7.519437761462545167e-01
1.039000000000000000e+04 7.499760633786627384e-01
1.039500000000000000e+04 7.480314200176573225e-01
1.040000000000000000e+04 7.460905490175845367e-01
1.040500000000000000e+04 7.441427578915280616e-01
1.041000000000000000e+04 7.421987720033283997e-01
1.041500000000000000e+04 7.402557075577551604e-01
1.042000000000000000e+04 7.383164500735570623e-01
1.042500000000000000e+04 7.363708597245161025e-01
1.043000000000000000e+04 7.344291071240126589e-01
1.043500000000000000e+04 7.324812522514142499e-01
1.044000000000000000e+04 7.305372650692859571e-01
1.044500000000000000e+04 7.285915758842415046e-01
1.045000000000000000e+04 7.266497628904742268e-01
1.045500000000000000e+04 7.247004028188647196e-01
1.046000000000000000e+04 7.227549550010754498e-01
1.046500000000000000e+04 7.208004445904754309e-01
1.047000000000000000e+04 7.188498928202807781e-01
1.047500000000000000e+04 7.168947613322025347e-01
1.048000000000000000e+04 7.149436130951636326e-01
1.048500000000000000e+04 7.129880612170694798e-01
1.049000000000000000e+04 7.110365167054276681e-01
1.049500000000000000e+04 7.090093226804696780e-01
1.050000000000000000e+04 7.069864621458751275e-01
