3.000000000000000000e+03 1.350000000000000045e-07
3.005000000000000000e+03 1.192840000000000085e-06
3.010000000000000000e+03 1.179779999999999994e-06
3.015000000000000000e+03 6.830000000000000676e-07
3.020000000000000000e+03 7.519999999999999575e-07
3.025000000000000000e+03 -1.340000000000000088e-07
3.030000000000000000e+03 1.480000000000000018e-07
3.035000000000000000e+03 1.274979999999999946e-06
3.040000000000000000e+03 4.839999999999999400e-07
3.045000000000000000e+03 5.100000000000000007e-08
3.050000000000000000e+03 7.570000000000000155e-07
3.055000000000000000e+03 2.470000000000000280e-07
3.060000000000000000e+03 9.430000000000000134e-07
3.065000000000000000e+03 4.979999999999999330e-07
3.070000000000000000e+03 -1.529999999999999804e-07
3.075000000000000000e+03 -1.119530000000000020e-06
3.080000000000000000e+03 7.100000000000000843e-07
3.085000000000000000e+03 6.430000000000000270e-07
3.090000000000000000e+03 -5.670000000000000347e-07
3.095000000000000000e+03 4.789999999999999879e-07
3.100000000000000000e+03 -6.250000000000000511e-07
3.105000000000000000e+03 4.820000000000000015e-07
3.110000000000000000e+03 6.289999999999999281e-07
3.115000000000000000e+03 7.470000000000000054e-07
3.120000000000000000e+03 -3.759999999999999788e-07
3.125000000000000000e+03 -7.160000000000000057e-07
3.130000000000000000e+03 1.819999999999999886e-07
3.135000000000000000e+03 -1.018089999999999980e-06
3.140000000000000000e+03 -1.320000000000000173e-07
3.145000000000000000e+03 1.116860000000000010e-06
3.150000000000000000e+03 -8.579999999999999802e-07
3.155000000000000000e+03 -2.949999999999999814e-07
3.160000000000000000e+03 -8.940000000000000379e-07
3.165000000000000000e+03 3.160000000000000238e-07
3.170000000000000000e+03 -2.829999999999999798e-07
3.175000000000000000e+03 7.040000000000000836e-08
3.180000000000000000e+03 -1.747119999999999884e-06
3.185000000000000000e+03 -5.299999999999999813e-08
3.190000000000000000e+03 1.065129999999999956e-06
3.195000000000000000e+03 -1.114890000000000052e-06
3.200000000000000000e+03 7.700000000000000393e-07
3.205000000000000000e+03 5.549999999999999802e-07
3.210000000000000000e+03 -1.038170000000000091e-06
3.215000000000000000e+03 -5.020000000000000218e-07
3.220000000000000000e+03 2.979999999999999950e-07
3.225000000000000000e+03 -1.233820000000000073e-06
3.230000000000000000e+03 3.350000000000000219e-07
3.235000000000000000e+03 5.999999999999999728e-07
3.240000000000000000e+03 4.440000000000000053e-07
3.245000000000000000e+03 8.490000000000000452e-07
3.250000000000000000e+03 1.792449999999999881e-06
3.255000000000000000e+03 1.404509999999999915e-06
3.260000000000000000e+03 -7.940000000000000424e-07
3.265000000000000000e+03 1.400000000000000095e-07
3.270000000000000000e+03 3.440000000000000363e-08
3.275000000000000000e+03 1.850000000000000022e-07
3.280000000000000000e+03 -2.619999999999999903e-07
3.285000000000000000e+03 1.879999999999999894e-07
3.290000000000000000e+03 5.319999999999999463e-07
3.295000000000000000e+03 1.480700000000000070e-06
3.300000000000000000e+03 -4.210000000000000244e-07
3.305000000000000000e+03 -3.949999999999999768e-07
3.310000000000000000e+03 1.211060000000000099e-06
3.315000000000000000e+03 1.167240000000000068e-06
3.320000000000000000e+03 4.840000000000000326e-08
3.325000000000000000e+03 1.958819999999999907e-06
3.330000000000000000e+03 1.060360000000000000e-06
3.335000000000000000e+03 3.359999999999999911e-07
3.340000000000000000e+03 8.870000000000000414e-07
3.345000000000000000e+03 1.685869999999999836e-06
3.350000000000000000e+03 3.429999999999999877e-07
3.355000000000000000e+03 6.519999999999999620e-07
3.360000000000000000e+03 7.519999999999999575e-07
3.365000000000000000e+03 -2.460000000000000058e-07
3.370000000000000000e+03 9.560000000000000372e-07
3.375000000000000000e+03 5.589999999999999631e-07
3.380000000000000000e+03 4.839999999999999400e-07
3.385000000000000000e+03 1.799999999999999971e-07
3.390000000000000000e+03 -2.410000000000000007e-07
3.395000000000000000e+03 -2.580000000000000074e-07
3.400000000000000000e+03 5.799999999999999526e-07
3.405000000000000000e+03 9.369999999999999862e-07
3.410000000000000000e+03 -1.028850000000000111e-06
3.415000000000000000e+03 1.087529999999999945e-06
3.420000000000000000e+03 1.280459999999999807e-06
3.425000000000000000e+03 1.002239999999999954e-06
3.430000000000000000e+03 1.449999999999999881e-07
3.435000000000000000e+03 -1.699999999999999870e-07
3.440000000000000000e+03 -8.959999999999999764e-07
3.445000000000000000e+03 2.529999999999999825e-08
3.450000000000000000e+03 -1.111260000000000013e-06
3.455000000000000000e+03 5.610000000000000074e-07
3.460000000000000000e+03 4.250000000000000072e-07
3.465000000000000000e+03 -7.850000000000000015e-07
3.470000000000000000e+03 7.720000000000000837e-07
3.475000000000000000e+03 2.659999999999999996e-08
3.480000000000000000e+03 2.970000000000000257e-07
3.485000000000000000e+03 -3.150000000000000016e-07
3.490000000000000000e+03 -3.099999999999999966e-07
3.495000000000000000e+03 -2.269999999999999813e-08
3.500000000000000000e+03 -9.269999999999999628e-09
3.505000000000000000e+03 3.710000000000000266e-07
3.510000000000000000e+03 -4.899999999999999540e-08
3.515000000000000000e+03 -3.449999999999999791e-07
3.520000000000000000e+03 -5.609999999999999942e-08
3.525000000000000000e+03 2.859999999999999934e-07
3.530000000000000000e+03 6.269999999999999896e-08
3.535000000000000000e+03 1.341360000000000147e-06
3.540000000000000000e+03 4.559999999999999540e-07
3.545000000000000000e+03 -6.420000000000000578e-07
3.550000000000000000e+03 -2.379999999999999871e-07
3.555000000000000000e+03 5.950000000000000207e-07
3.560000000000000000e+03 6.220000000000000110e-08
3.565000000000000000e+03 -9.640000000000000030e-07
3.570000000000000000e+03 1.707059999999999882e-06
3.575000000000000000e+03 -1.259999999999999901e-07
3.580000000000000000e+03 -1.930000000000000209e-07
3.585000000000000000e+03 2.029080000000000061e-06
3.590000000000000000e+03 7.830000000000000630e-07
3.595000000000000000e+03 4.800000000000000630e-07
3.600000000000000000e+03 2.330000000000000019e-08
3.605000000000000000e+03 9.640000000000000030e-07
3.610000000000000000e+03 1.210210000000000141e-06
3.615000000000000000e+03 1.005940000000000020e-06
3.620000000000000000e+03 7.830000000000000630e-07
3.625000000000000000e+03 3.660000000000000216e-07
3.630000000000000000e+03 1.068440000000000057e-06
3.635000000000000000e+03 1.426600000000000029e-06
3.640000000000000000e+03 7.409999999999999781e-07
3.645000000000000000e+03 6.770000000000000403e-07
3.650000000000000000e+03 3.889999999999999496e-07
3.655000000000000000e+03 9.889999999999999754e-07
3.660000000000000000e+03 2.829999999999999798e-07
3.665000000000000000e+03 -7.770000000000000358e-07
3.670000000000000000e+03 9.090000000000000002e-07
3.675000000000000000e+03 9.880000000000001120e-07
3.680000000000000000e+03 -1.669999999999999999e-07
3.685000000000000000e+03 -2.619999999999999969e-08
3.690000000000000000e+03 3.880000000000000333e-07
3.695000000000000000e+03 1.228429999999999943e-06
3.700000000000000000e+03 2.589999999999999766e-07
3.705000000000000000e+03 5.039999999999999603e-07
3.710000000000000000e+03 -2.349999999999999735e-07
3.715000000000000000e+03 -2.379999999999999871e-07
3.720000000000000000e+03 1.130000000000000060e-07
3.725000000000000000e+03 4.720000000000000443e-07
3.730000000000000000e+03 -8.610000000000000997e-07
3.735000000000000000e+03 -9.659999999999999415e-07
3.740000000000000000e+03 5.869999999999999491e-07
3.745000000000000000e+03 7.009999999999999376e-07
3.750000000000000000e+03 -1.309999999999999951e-07
3.755000000000000000e+03 -2.069999999999999875e-07
3.760000000000000000e+03 -1.809999999999999929e-07
3.765000000000000000e+03 2.119999999999999925e-07
3.770000000000000000e+03 4.869999999999999536e-07
3.775000000000000000e+03 9.880000000000001120e-07
3.780000000000000000e+03 1.709999999999999827e-07
3.785000000000000000e+03 -6.129999999999999966e-07
3.790000000000000000e+03 1.565100000000000058e-06
3.795000000000000000e+03 -6.289999999999999281e-07
3.800000000000000000e+03 -1.310159999999999921e-06
3.805000000000000000e+03 -1.104829999999999974e-06
3.810000000000000000e+03 5.289999999999999327e-07
3.815000000000000000e+03 6.509999999999999928e-07
3.820000000000000000e+03 3.710000000000000266e-07
3.825000000000000000e+03 -1.143560000000000110e-06
3.830000000000000000e+03 7.730000000000001058e-08
3.835000000000000000e+03 5.689999999999999732e-07
3.840000000000000000e+03 -3.130000000000000102e-07
3.845000000000000000e+03 -5.169999999999999840e-07
3.850000000000000000e+03 -4.149999999999999971e-07
3.855000000000000000e+03 -4.330000000000000259e-07
3.860000000000000000e+03 4.479999999999999882e-07
3.865000000000000000e+03 -5.990000000000000036e-07
3.870000000000000000e+03 -4.309999999999999816e-07
3.875000000000000000e+03 -4.920000000000000116e-07
3.880000000000000000e+03 -2.659999999999999731e-07
3.885000000000000000e+03 1.250299999999999913e-06
3.890000000000000000e+03 4.029999999999999955e-07
3.895000000000000000e+03 1.367990000000000009e-06
3.900000000000000000e+03 5.570000000000000246e-07
3.905000000000000000e+03 -1.390000000000000039e-08
3.910000000000000000e+03 -1.370000000000000025e-09
3.915000000000000000e+03 3.580000000000000029e-07
3.920000000000000000e+03 8.579999999999999802e-07
3.925000000000000000e+03 1.178449999999999915e-06
3.930000000000000000e+03 5.239999999999999805e-07
3.935000000000000000e+03 -9.040000000000000480e-07
3.940000000000000000e+03 -4.119999999999999835e-07
3.945000000000000000e+03 4.589999999999999676e-07
3.950000000000000000e+03 1.483119999999999956e-06
3.955000000000000000e+03 1.103139999999999911e-06
3.960000000000000000e+03 9.799999999999999080e-08
3.965000000000000000e+03 -1.639999999999999862e-07
3.970000000000000000e+03 -4.809999999999999264e-07
3.975000000000000000e+03 -3.280000000000000254e-08
3.980000000000000000e+03 -4.020000000000000263e-07
3.985000000000000000e+03 -5.309999999999999903e-08
3.990000000000000000e+03 6.570000000000000200e-07
3.995000000000000000e+03 1.509999999999999889e-07
4.000000000000000000e+03 3.929999999999999854e-07
4.005000000000000000e+03 1.782839999999999942e-06
4.010000000000000000e+03 4.850000000000000151e-07
4.015000000000000000e+03 4.780000000000000186e-07
4.020000000000000000e+03 -3.049999999999999915e-07
4.025000000000000000e+03 2.589999999999999766e-07
4.030000000000000000e+03 8.980000000000000208e-07
4.035000000000000000e+03 9.280000000000000512e-07
4.040000000000000000e+03 1.142500000000000073e-06
4.045000000000000000e+03 -4.900000000000000036e-09
4.050000000000000000e+03 5.850000000000000106e-07
4.055000000000000000e+03 7.700000000000000393e-07
4.060000000000000000e+03 1.079780000000000104e-06
4.065000000000000000e+03 -7.579999999999999848e-07
4.070000000000000000e+03 5.649999999999999903e-07
4.075000000000000000e+03 4.130000000000000421e-09
4.080000000000000000e+03 6.719999999999999955e-09
4.085000000000000000e+03 1.270999999999999986e-06
4.090000000000000000e+03 1.545580000000000159e-06
4.095000000000000000e+03 -7.540000000000000019e-09
4.100000000000000000e+03 5.069999999999999739e-07
4.105000000000000000e+03 -1.000000000000000087e-07
4.110000000000000000e+03 9.399999999999999469e-08
4.115000000000000000e+03 -3.800000000000000146e-07
4.120000000000000000e+03 -1.727740000000000038e-06
4.125000000000000000e+03 -1.396160000000000029e-06
4.130000000000000000e+03 1.690000000000000178e-07
4.135000000000000000e+03 -8.549999999999999137e-08
4.140000000000000000e+03 -7.819999999999999879e-07
4.145000000000000000e+03 3.979999999999999905e-08
4.150000000000000000e+03 5.289999999999999327e-07
4.155000000000000000e+03 4.800000000000000630e-07
4.160000000000000000e+03 -6.139999999999999394e-08
4.165000000000000000e+03 7.449999999999999610e-07
4.170000000000000000e+03 -1.029249999999999929e-06
4.175000000000000000e+03 5.530000000000000417e-07
4.180000000000000000e+03 1.058060000000000039e-06
4.185000000000000000e+03 5.050000000000000354e-07
4.190000000000000000e+03 -9.729999999999998321e-07
4.195000000000000000e+03 -2.586889999999999893e-06
4.200000000000000000e+03 -1.527259999999999926e-06
4.205000000000000000e+03 1.028340000000000009e-06
4.210000000000000000e+03 4.920000000000000116e-07
4.215000000000000000e+03 2.110000000000000233e-07
4.220000000000000000e+03 -7.850000000000000015e-07
4.225000000000000000e+03 -1.385210000000000160e-06
4.230000000000000000e+03 3.089999999999999744e-07
4.235000000000000000e+03 5.549999999999999802e-07
4.240000000000000000e+03 -9.519999999999999484e-07
4.245000000000000000e+03 -8.239999999999999669e-07
4.250000000000000000e+03 1.389610000000000067e-06
4.255000000000000000e+03 -5.829999999999999662e-07
4.260000000000000000e+03 3.949999999999999768e-07
4.265000000000000000e+03 9.139999999999999523e-07
4.270000000000000000e+03 -7.230000000000000055e-09
4.275000000000000000e+03 1.241600000000000106e-06
4.280000000000000000e+03 1.529999999999999804e-07
4.285000000000000000e+03 8.059999999999999911e-07
4.290000000000000000e+03 1.010000000000000044e-07
4.295000000000000000e+03 2.820000000000000105e-07
4.300000000000000000e+03 1.126250000000000017e-06
4.305000000000000000e+03 9.029999999999999464e-08
4.310000000000000000e+03 1.082020000000000103e-06
4.315000000000000000e+03 1.549999999999999983e-07
4.320000000000000000e+03 2.250499999999999883e-06
4.325000000000000000e+03 3.619999999999999857e-07
4.330000000000000000e+03 1.109369999999999934e-06
4.335000000000000000e+03 6.959999999999999854e-07
4.340000000000000000e+03 4.800000000000000630e-07
4.345000000000000000e+03 1.850000000000000022e-07
4.350000000000000000e+03 5.789999999999999833e-07
4.355000000000000000e+03 1.162530000000000074e-06
4.360000000000000000e+03 -6.789999999999999788e-07
4.365000000000000000e+03 -1.128950000000000008e-06
4.370000000000000000e+03 5.230000000000000113e-07
4.375000000000000000e+03 4.080000000000000006e-07
4.380000000000000000e+03 5.209999999999999669e-07
4.385000000000000000e+03 2.829999999999999798e-07
4.390000000000000000e+03 -2.739999999999999918e-07
4.395000000000000000e+03 2.489999999999999665e-07
4.400000000000000000e+03 -1.650000000000000084e-07
4.405000000000000000e+03 5.619999999999999767e-07
4.410000000000000000e+03 2.169999999999999976e-07
4.415000000000000000e+03 6.179999999999999487e-07
4.420000000000000000e+03 1.058320000000000016e-06
4.425000000000000000e+03 5.190000000000000284e-07
4.430000000000000000e+03 1.489999999999999975e-07
4.435000000000000000e+03 6.479999999999999791e-07
4.440000000000000000e+03 8.490000000000000452e-07
4.445000000000000000e+03 5.629999999999999459e-07
4.450000000000000000e+03 2.549999999999999938e-07
4.455000000000000000e+03 5.670000000000000347e-07
4.460000000000000000e+03 1.851439999999999802e-06
4.465000000000000000e+03 2.089419999999999978e-06
4.470000000000000000e+03 6.260000000000000204e-07
4.475000000000000000e+03 -4.089999999999999698e-07
4.480000000000000000e+03 -1.470000000000000061e-07
4.485000000000000000e+03 -1.006289999999999940e-06
4.490000000000000000e+03 -1.760000000000000143e-07
4.495000000000000000e+03 -7.459999999999999302e-07
4.500000000000000000e+03 -2.820000000000000105e-07
4.505000000000000000e+03 -3.459999999999999880e-08
4.510000000000000000e+03 -1.656740000000000209e-06
4.515000000000000000e+03 -1.092530000000000109e-06
4.520000000000000000e+03 -1.000579999999999871e-06
4.525000000000000000e+03 1.260000000000000043e-10
4.530000000000000000e+03 -1.228109999999999792e-06
4.535000000000000000e+03 -1.056879999999999866e-06
4.540000000000000000e+03 -8.670000000000000211e-07
4.545000000000000000e+03 9.889999999999999754e-07
4.550000000000000000e+03 -9.369999999999999862e-07
4.555000000000000000e+03 6.300000000000000033e-07
4.560000000000000000e+03 4.269999999999999987e-07
4.565000000000000000e+03 -6.779999999999999037e-07
4.570000000000000000e+03 -1.360000000000000002e-07
4.575000000000000000e+03 9.469999999999999963e-07
4.580000000000000000e+03 7.080000000000000400e-07
4.585000000000000000e+03 -4.000000000000000348e-07
4.590000000000000000e+03 1.900000000000000073e-07
4.595000000000000000e+03 9.889999999999999754e-07
4.600000000000000000e+03 6.239999999999999760e-07
4.605000000000000000e+03 1.439999999999999924e-07
4.610000000000000000e+03 7.320000000000000431e-07
4.615000000000000000e+03 -5.230000000000000113e-07
4.620000000000000000e+03 7.700000000000000393e-07
4.625000000000000000e+03 -8.969999999999999456e-07
4.630000000000000000e+03 6.950000000000000691e-08
4.635000000000000000e+03 -1.429999999999999967e-07
4.640000000000000000e+03 -7.710000000000000879e-08
4.645000000000000000e+03 -3.929999999999999854e-07
4.650000000000000000e+03 -2.659999999999999731e-07
4.655000000000000000e+03 -1.387319999999999958e-06
4.660000000000000000e+03 -1.941919999999999696e-06
4.665000000000000000e+03 -2.320000000000000128e-07
4.670000000000000000e+03 5.850000000000000106e-08
4.675000000000000000e+03 -2.540000000000000245e-07
4.680000000000000000e+03 3.040000000000000222e-07
4.685000000000000000e+03 8.969999999999999456e-07
4.690000000000000000e+03 1.212660000000000007e-06
4.695000000000000000e+03 7.530000000000000326e-07
4.700000000000000000e+03 8.139999999999999568e-07
4.705000000000000000e+03 -7.059999999999999956e-07
4.710000000000000000e+03 1.777150000000000002e-06
4.715000000000000000e+03 1.044190000000000035e-06
4.720000000000000000e+03 1.178099999999999994e-06
4.725000000000000000e+03 -4.869999999999999536e-07
4.730000000000000000e+03 7.279999999999999544e-07
4.735000000000000000e+03 7.660000000000000564e-07
4.740000000000000000e+03 2.309859999999999853e-06
4.745000000000000000e+03 6.770000000000000403e-09
4.750000000000000000e+03 8.640000000000000149e-10
4.755000000000000000e+03 7.519999999999999575e-07
4.760000000000000000e+03 1.009539999999999867e-06
4.765000000000000000e+03 -1.321770000000000010e-06
4.770000000000000000e+03 6.629999999999999414e-07
4.775000000000000000e+03 -2.770000000000000055e-07
4.780000000000000000e+03 -6.400000000000000134e-07
4.785000000000000000e+03 -5.920000000000000071e-07
4.790000000000000000e+03 -1.273310000000000011e-06
4.795000000000000000e+03 4.360000000000000396e-07
4.800000000000000000e+03 8.179999999999999397e-07
4.805000000000000000e+03 -3.419999999999999655e-07
4.810000000000000000e+03 9.119999999999999079e-07
4.815000000000000000e+03 -4.850000000000000416e-08
4.820000000000000000e+03 -4.169999999999999885e-07
4.825000000000000000e+03 3.289999999999999946e-07
4.830000000000000000e+03 6.420000000000000578e-07
4.835000000000000000e+03 -5.220000000000000420e-07
4.840000000000000000e+03 1.580580000000000036e-06
4.845000000000000000e+03 4.670000000000000127e-08
4.850000000000000000e+03 6.320000000000000476e-07
4.855000000000000000e+03 2.460000000000000058e-07
4.860000000000000000e+03 1.281020000000000019e-06
4.865000000000000000e+03 1.093680000000000090e-06
4.870000000000000000e+03 1.531289999999999996e-06
4.875000000000000000e+03 6.920000000000000026e-07
4.880000000000000000e+03 -2.800000000000000191e-07
4.885000000000000000e+03 1.730000000000000006e-07
4.890000000000000000e+03 -4.220000000000000465e-07
4.895000000000000000e+03 1.148449999999999990e-06
4.900000000000000000e+03 -9.530000000000000236e-07
4.905000000000000000e+03 -1.657440000000000050e-06
4.910000000000000000e+03 -4.419999999999999609e-07
4.915000000000000000e+03 1.616920000000000055e-06
4.920000000000000000e+03 -3.429999999999999877e-07
4.925000000000000000e+03 -8.090000000000000047e-07
4.930000000000000000e+03 -3.289999999999999682e-08
4.935000000000000000e+03 7.409999999999999847e-09
4.940000000000000000e+03 -3.619999999999999857e-07
4.945000000000000000e+03 7.710000000000000085e-07
4.950000000000000000e+03 -4.490000000000000501e-08
4.955000000000000000e+03 3.239999999999999896e-07
4.960000000000000000e+03 -8.810000000000000141e-08
4.965000000000000000e+03 -1.205820000000000086e-06
4.970000000000000000e+03 1.069999999999999920e-07
4.975000000000000000e+03 6.020000000000000172e-07
4.980000000000000000e+03 8.910000000000000243e-07
4.985000000000000000e+03 1.078009999999999950e-06
4.990000000000000000e+03 -8.440000000000000931e-07
4.995000000000000000e+03 -3.680000000000000130e-07
5.000000000000000000e+03 -4.359999999999999999e-08
5.005000000000000000e+03 4.189999999999999800e-08
5.010000000000000000e+03 -3.350000000000000219e-07
5.015000000000000000e+03 5.570000000000000246e-07
5.020000000000000000e+03 -2.759999999999999833e-07
5.025000000000000000e+03 2.669999999999999953e-07
5.030000000000000000e+03 -5.069999999999999739e-07
5.035000000000000000e+03 2.069999999999999875e-07
5.040000000000000000e+03 4.569999999999999761e-07
5.045000000000000000e+03 -9.820000000000000847e-07
5.050000000000000000e+03 -2.400000000000000315e-07
5.055000000000000000e+03 -2.780000000000000277e-07
5.060000000000000000e+03 -7.309999999999999680e-07
5.065000000000000000e+03 6.069999999999999694e-07
5.070000000000000000e+03 -5.540000000000000109e-07
5.075000000000000000e+03 -2.960000000000000035e-07
5.080000000000000000e+03 6.270000000000000955e-07
5.085000000000000000e+03 -4.510000000000000018e-07
5.090000000000000000e+03 7.210000000000000637e-07
5.095000000000000000e+03 4.800000000000000630e-07
5.100000000000000000e+03 3.190000000000000110e-08
5.105000000000000000e+03 2.739999999999999918e-07
5.110000000000000000e+03 -1.720000000000000049e-07
5.115000000000000000e+03 1.161639999999999859e-06
5.120000000000000000e+03 1.237509999999999863e-06
5.125000000000000000e+03 -1.274559999999999999e-06
5.130000000000000000e+03 7.349999999999999509e-07
5.135000000000000000e+03 7.279999999999999544e-07
5.140000000000000000e+03 4.880000000000000287e-07
5.145000000000000000e+03 4.330000000000000259e-07
5.150000000000000000e+03 -6.830000000000000676e-07
5.155000000000000000e+03 4.630000000000000034e-07
5.160000000000000000e+03 2.320000000000000128e-07
5.165000000000000000e+03 -1.309999999999999951e-07
5.170000000000000000e+03 -4.829999999999999707e-07
5.175000000000000000e+03 -2.700000000000000090e-07
5.180000000000000000e+03 -5.400000000000000179e-07
5.185000000000000000e+03 -4.490000000000000104e-07
5.190000000000000000e+03 -8.659999999999999460e-08
5.195000000000000000e+03 -1.830000000000000108e-07
5.200000000000000000e+03 5.310000000000000829e-07
5.205000000000000000e+03 -6.899999999999999582e-07
5.210000000000000000e+03 6.339999999999999861e-07
5.215000000000000000e+03 -2.570000000000000381e-07
5.220000000000000000e+03 5.160000000000000148e-07
5.225000000000000000e+03 -3.119999999999999880e-07
5.230000000000000000e+03 -4.409999999999999917e-07
5.235000000000000000e+03 7.339999999999999816e-07
5.240000000000000000e+03 2.330000000000000085e-07
5.245000000000000000e+03 6.830000000000000676e-07
5.250000000000000000e+03 -9.129999999999999830e-07
5.255000000000000000e+03 3.359999999999999911e-07
5.260000000000000000e+03 5.409999999999999872e-07
5.265000000000000000e+03 8.949999999999999013e-07
5.270000000000000000e+03 1.244650000000000018e-06
5.275000000000000000e+03 -1.139999999999999885e-07
5.280000000000000000e+03 1.146280000000000018e-06
5.285000000000000000e+03 2.169999999999999976e-07
5.290000000000000000e+03 -3.229999999999999674e-07
5.295000000000000000e+03 7.579999999999999848e-07
5.300000000000000000e+03 1.232290000000000191e-06
5.305000000000000000e+03 4.360000000000000396e-07
5.310000000000000000e+03 -9.209999999999999753e-08
5.315000000000000000e+03 -3.619999999999999857e-07
5.320000000000000000e+03 -1.483509999999999921e-06
5.325000000000000000e+03 -1.709999999999999827e-07
5.330000000000000000e+03 -8.090000000000000047e-07
5.335000000000000000e+03 3.169999999999999931e-07
5.340000000000000000e+03 9.130000000000000360e-08
5.345000000000000000e+03 -7.289999999999999236e-07
5.350000000000000000e+03 -4.010000000000000041e-07
5.355000000000000000e+03 3.030000000000000001e-07
5.360000000000000000e+03 7.210000000000000637e-07
5.365000000000000000e+03 3.180000000000000153e-07
5.370000000000000000e+03 5.560000000000000553e-07
5.375000000000000000e+03 -2.750000000000000140e-07
5.380000000000000000e+03 6.789999999999999788e-07
5.385000000000000000e+03 8.880000000000000106e-08
5.390000000000000000e+03 4.099999999999999920e-07
5.395000000000000000e+03 -3.119999999999999880e-07
5.400000000000000000e+03 -1.196199999999999872e-06
5.405000000000000000e+03 8.409999999999999736e-07
5.410000000000000000e+03 8.500000000000000145e-07
5.415000000000000000e+03 -1.230000000000000029e-07
5.420000000000000000e+03 -5.829999999999999662e-07
5.425000000000000000e+03 -7.339999999999999816e-07
5.430000000000000000e+03 3.639999999999999772e-07
5.435000000000000000e+03 2.320000000000000128e-07
5.440000000000000000e+03 -9.700000000000000302e-07
5.445000000000000000e+03 2.570000000000000381e-07
5.450000000000000000e+03 -3.300000000000000168e-07
5.455000000000000000e+03 2.110000000000000233e-07
5.460000000000000000e+03 1.900000000000000073e-07
5.465000000000000000e+03 6.550000000000000815e-07
5.470000000000000000e+03 6.250000000000000511e-07
5.475000000000000000e+03 -5.430000000000000315e-07
5.480000000000000000e+03 3.690000000000000352e-07
5.485000000000000000e+03 1.569999999999999897e-07
5.490000000000000000e+03 -1.089620000000000039e-06
5.495000000000000000e+03 -4.770000000000000361e-08
5.500000000000000000e+03 3.649999999999999994e-07
5.505000000000000000e+03 -8.550000000000000460e-09
5.510000000000000000e+03 -2.419999999999999700e-07
5.515000000000000000e+03 -2.630000000000000125e-07
5.520000000000000000e+03 4.630000000000000034e-07
5.525000000000000000e+03 3.739999999999999873e-07
5.530000000000000000e+03 -4.259999999999999765e-07
5.535000000000000000e+03 1.148739999999999949e-06
5.540000000000000000e+03 4.459999999999999571e-08
5.545000000000000000e+03 4.289999999999999901e-07
5.550000000000000000e+03 -5.280000000000000693e-07
5.555000000000000000e+03 4.380000000000000310e-07
5.560000000000000000e+03 2.349999999999999735e-07
5.565000000000000000e+03 3.409999999999999962e-07
5.570000000000000000e+03 4.399999999999999695e-07
5.575000000000000000e+03 -1.146300000000000146e-06
5.580000000000000000e+03 -1.038239999999999905e-06
5.585000000000000000e+03 -9.980000000000000162e-07
5.590000000000000000e+03 3.200000000000000067e-07
5.595000000000000000e+03 2.239999999999999941e-07
5.600000000000000000e+03 -1.869999999999999937e-07
5.605000000000000000e+03 1.239760000000000138e-06
5.610000000000000000e+03 1.940000000000000166e-07
5.615000000000000000e+03 1.065270000000000009e-06
5.620000000000000000e+03 2.870000000000000156e-07
5.625000000000000000e+03 3.160000000000000238e-07
5.630000000000000000e+03 -1.819999999999999886e-07
5.635000000000000000e+03 1.720000000000000049e-07
5.640000000000000000e+03 7.160000000000000057e-07
5.645000000000000000e+03 1.659999999999999975e-08
5.650000000000000000e+03 2.320000000000000128e-07
5.655000000000000000e+03 1.630369999999999901e-06
5.660000000000000000e+03 -8.330000000000000078e-07
5.665000000000000000e+03 -1.089460000000000069e-06
5.670000000000000000e+03 4.930000000000000470e-08
5.675000000000000000e+03 7.300000000000000517e-08
5.680000000000000000e+03 6.150000000000000410e-07
5.685000000000000000e+03 1.949999999999999859e-07
5.690000000000000000e+03 -1.044880000000000023e-06
5.695000000000000000e+03 3.330000000000000305e-07
5.700000000000000000e+03 3.139999999999999794e-07
5.705000000000000000e+03 -5.899999999999999627e-07
5.710000000000000000e+03 -3.490000000000000149e-07
5.715000000000000000e+03 4.019999999999999601e-08
5.720000000000000000e+03 -2.970000000000000257e-07
5.725000000000000000e+03 1.709999999999999827e-07
5.730000000000000000e+03 1.815289999999999945e-06
5.735000000000000000e+03 -8.489999999999999923e-08
5.740000000000000000e+03 -1.220000000000000130e-09
5.745000000000000000e+03 5.069999999999999739e-08
5.750000000000000000e+03 1.327629999999999984e-06
5.755000000000000000e+03 -5.650000000000000135e-09
5.760000000000000000e+03 2.859999999999999934e-07
5.765000000000000000e+03 2.599999999999999988e-07
5.770000000000000000e+03 -1.080000000000000009e-07
5.775000000000000000e+03 1.470000000000000061e-07
5.780000000000000000e+03 2.201099999999999983e-06
5.785000000000000000e+03 -7.789999999999999743e-07
5.790000000000000000e+03 -9.229999999999998873e-07
5.795000000000000000e+03 2.789999999999999969e-07
5.800000000000000000e+03 3.649999999999999994e-07
5.805000000000000000e+03 -5.740000000000000312e-07
5.810000000000000000e+03 5.020000000000000218e-07
5.815000000000000000e+03 6.590000000000000644e-07
5.820000000000000000e+03 -5.899999999999999627e-07
5.825000000000000000e+03 -3.309999999999999861e-07
5.830000000000000000e+03 -4.470000000000000189e-07
5.835000000000000000e+03 -7.880000000000000152e-07
5.840000000000000000e+03 -4.339999999999999952e-07
5.845000000000000000e+03 -2.640000000000000346e-07
5.850000000000000000e+03 -1.264820000000000072e-06
5.855000000000000000e+03 1.161670000000000052e-06
5.860000000000000000e+03 3.979999999999999905e-07
5.865000000000000000e+03 -4.829999999999999707e-07
5.870000000000000000e+03 3.190000000000000374e-07
5.875000000000000000e+03 -7.899999999999999537e-07
5.880000000000000000e+03 3.949999999999999768e-07
5.885000000000000000e+03 -3.279999999999999725e-07
5.890000000000000000e+03 -3.729999999999999651e-07
5.895000000000000000e+03 1.200000000000000157e-07
5.900000000000000000e+03 -8.919999999999999935e-07
5.905000000000000000e+03 -2.669999999999999953e-07
5.910000000000000000e+03 5.990000000000000036e-07
5.915000000000000000e+03 -1.474659999999999786e-06
5.920000000000000000e+03 -1.076770000000000026e-06
5.925000000000000000e+03 -8.700000000000000347e-07
5.930000000000000000e+03 4.259999999999999765e-07
5.935000000000000000e+03 -6.380000000000000749e-07
5.940000000000000000e+03 -8.910000000000000243e-07
5.945000000000000000e+03 -4.649999999999999948e-07
5.950000000000000000e+03 -5.869999999999999491e-07
5.955000000000000000e+03 -3.330000000000000305e-07
5.960000000000000000e+03 -3.919999999999999632e-07
5.965000000000000000e+03 -1.884220000000000020e-06
5.970000000000000000e+03 -2.139999999999999840e-07
5.975000000000000000e+03 3.540000000000000200e-07
5.980000000000000000e+03 -6.240000000000000289e-08
5.985000000000000000e+03 -5.589999999999999631e-07
5.990000000000000000e+03 -2.220000000000000027e-07
5.995000000000000000e+03 3.010000000000000086e-07
6.000000000000000000e+03 -2.209999999999999805e-07
6.005000000000000000e+03 1.529999999999999804e-07
6.010000000000000000e+03 1.093080000000000044e-06
6.015000000000000000e+03 -5.980000000000000608e-08
6.020000000000000000e+03 2.759999999999999833e-07
6.025000000000000000e+03 9.069999999999999558e-07
6.030000000000000000e+03 9.640000000000000030e-07
6.035000000000000000e+03 5.419999999999999564e-08
6.040000000000000000e+03 9.029999999999999464e-08
6.045000000000000000e+03 8.279999999999999498e-07
6.050000000000000000e+03 4.139999999999999749e-07
6.055000000000000000e+03 -9.789999999999998593e-07
6.060000000000000000e+03 -8.839999999999999219e-07
6.065000000000000000e+03 -9.289999999999999146e-07
6.070000000000000000e+03 -7.150000000000000365e-07
6.075000000000000000e+03 -2.630000000000000125e-07
6.080000000000000000e+03 -1.544620000000000129e-06
6.085000000000000000e+03 3.680000000000000130e-07
6.090000000000000000e+03 -6.069999999999999694e-07
6.095000000000000000e+03 -1.970000000000000038e-07
6.100000000000000000e+03 -2.180000000000000198e-07
6.105000000000000000e+03 3.830000000000000282e-07
6.110000000000000000e+03 -9.579999999999999757e-07
6.115000000000000000e+03 9.479999999999999656e-07
6.120000000000000000e+03 -6.119999999999999215e-07
6.125000000000000000e+03 1.569999999999999897e-07
6.130000000000000000e+03 -8.819999999999999834e-07
6.135000000000000000e+03 4.500000000000000326e-07
6.140000000000000000e+03 -1.670750000000000055e-06
6.145000000000000000e+03 -1.209999999999999850e-07
6.150000000000000000e+03 1.709999999999999827e-07
6.155000000000000000e+03 1.277580000000000141e-06
6.160000000000000000e+03 3.009999999999999821e-08
6.165000000000000000e+03 -8.550000000000000725e-07
6.170000000000000000e+03 -1.309999999999999951e-07
6.175000000000000000e+03 -3.389999999999999915e-08
6.180000000000000000e+03 8.610000000000000997e-07
6.185000000000000000e+03 6.889999999999999889e-07
6.190000000000000000e+03 7.440000000000000976e-07
6.195000000000000000e+03 5.090000000000000183e-07
6.200000000000000000e+03 -6.449999999999999655e-07
6.205000000000000000e+03 2.289999999999999992e-08
6.210000000000000000e+03 -7.679999999999999949e-07
6.215000000000000000e+03 -4.619999999999999812e-07
6.220000000000000000e+03 -4.539999999999999625e-08
6.225000000000000000e+03 -1.000900000000000022e-06
6.230000000000000000e+03 -8.820000000000000893e-08
6.235000000000000000e+03 -4.699999999999999470e-07
6.240000000000000000e+03 4.449999999999999746e-07
6.245000000000000000e+03 -1.340000000000000129e-09
6.250000000000000000e+03 1.200000000000000157e-07
6.255000000000000000e+03 -7.590000000000000599e-07
6.260000000000000000e+03 1.528460000000000016e-06
6.265000000000000000e+03 5.190000000000000284e-07
6.270000000000000000e+03 -1.080619999999999998e-06
6.275000000000000000e+03 4.309999999999999816e-07
6.280000000000000000e+03 -2.160000000000000151e-08
6.285000000000000000e+03 1.152389999999999905e-06
6.290000000000000000e+03 -1.541609999999999840e-06
6.295000000000000000e+03 5.069999999999999739e-07
6.300000000000000000e+03 -4.210000000000000244e-07
6.305000000000000000e+03 -4.580000000000000314e-09
6.310000000000000000e+03 4.500000000000000326e-07
6.315000000000000000e+03 -4.910000000000000424e-07
6.320000000000000000e+03 1.710430000000000156e-06
6.325000000000000000e+03 -6.969999999999999547e-07
6.330000000000000000e+03 1.212459999999999992e-06
6.335000000000000000e+03 -2.330000000000000085e-07
6.340000000000000000e+03 -3.330000000000000305e-07
6.345000000000000000e+03 1.410000000000000053e-07
6.350000000000000000e+03 -6.029999999999999865e-07
6.355000000000000000e+03 -4.910000000000000424e-07
6.360000000000000000e+03 -9.439999999999999827e-08
6.365000000000000000e+03 1.600000000000000033e-07
6.370000000000000000e+03 -3.409999999999999962e-07
6.375000000000000000e+03 4.470000000000000189e-07
6.380000000000000000e+03 1.320000000000000173e-07
6.385000000000000000e+03 -2.330000000000000085e-07
6.390000000000000000e+03 -2.100000000000000011e-07
6.395000000000000000e+03 -4.510000000000000018e-07
6.400000000000000000e+03 2.499999999999999887e-07
6.405000000000000000e+03 4.380000000000000310e-07
6.410000000000000000e+03 -7.669999999999999198e-07
6.415000000000000000e+03 -1.879999999999999894e-07
6.420000000000000000e+03 -9.100000000000000753e-07
6.425000000000000000e+03 -1.588690000000000073e-06
6.430000000000000000e+03 1.230000000000000029e-07
6.435000000000000000e+03 5.119999999999999260e-07
6.440000000000000000e+03 -1.814560000000000123e-06
6.445000000000000000e+03 5.579999999999999673e-08
6.450000000000000000e+03 1.830000000000000108e-07
6.455000000000000000e+03 4.809999999999999264e-07
6.460000000000000000e+03 1.036439999999999982e-06
6.465000000000000000e+03 1.197009999999999996e-06
6.470000000000000000e+03 9.919999999999999890e-07
6.475000000000000000e+03 -1.989999999999999952e-07
6.480000000000000000e+03 -2.570000000000000381e-07
6.485000000000000000e+03 -6.789999999999999788e-07
6.490000000000000000e+03 6.830000000000000676e-07
6.495000000000000000e+03 1.470959999999999931e-06
6.500000000000000000e+03 8.069999999999999603e-07
6.505000000000000000e+03 -5.950000000000000207e-07
6.510000000000000000e+03 6.920000000000000026e-07
6.515000000000000000e+03 1.609999999999999726e-07
6.520000000000000000e+03 4.240000000000000248e-08
6.525000000000000000e+03 -7.899999999999999537e-07
6.530000000000000000e+03 8.710000000000000040e-07
6.535000000000000000e+03 -2.270000000000000077e-07
6.540000000000000000e+03 2.800000000000000191e-07
6.545000000000000000e+03 5.710000000000000176e-07
6.550000000000000000e+03 -3.249999999999999985e-08
6.555000000000000000e+03 4.300000000000000123e-07
6.560000000000000000e+03 1.136170000000000042e-06
6.565000000000000000e+03 1.777279999999999990e-06
6.570000000000000000e+03 1.245879999999999877e-06
6.575000000000000000e+03 1.362579999999999963e-06
6.580000000000000000e+03 2.456690000000000275e-06
6.585000000000000000e+03 2.969880000000000015e-06
6.590000000000000000e+03 3.590659999999999940e-06
6.595000000000000000e+03 2.716560000000000127e-06
6.600000000000000000e+03 5.621160000000000235e-06
6.605000000000000000e+03 6.818520000000000575e-06
6.610000000000000000e+03 8.218420000000000505e-06
6.615000000000000000e+03 9.451169999999999840e-06
6.620000000000000000e+03 1.346669999999999932e-05
6.625000000000000000e+03 1.603155000000000069e-05
6.630000000000000000e+03 2.078747000000000174e-05
6.635000000000000000e+03 2.590288999999999824e-05
6.640000000000000000e+03 3.226060000000000077e-05
6.645000000000000000e+03 4.059817000000000503e-05
6.650000000000000000e+03 4.997654000000000110e-05
6.655000000000000000e+03 6.343181999999999944e-05
6.660000000000000000e+03 7.853490999999999988e-05
6.665000000000000000e+03 9.902268999999999568e-05
6.670000000000000000e+03 1.256067600000000022e-04
6.675000000000000000e+03 1.567486099999999859e-04
6.680000000000000000e+03 1.958621699999999876e-04
6.685000000000000000e+03 2.434139699999999954e-04
6.690000000000000000e+03 3.032236400000000247e-04
6.695000000000000000e+03 3.786184599999999501e-04
6.700000000000000000e+03 4.733711899999999912e-04
6.705000000000000000e+03 5.868178600000000357e-04
6.710000000000000000e+03 7.277331500000000985e-04
6.715000000000000000e+03 9.012933099999999049e-04
6.720000000000000000e+03 1.110761760000000039e-03
6.725000000000000000e+03 1.367836000000000095e-03
6.730000000000000000e+03 1.680566070000000028e-03
6.735000000000000000e+03 2.063441129999999974e-03
6.740000000000000000e+03 2.524939780000000269e-03
6.745000000000000000e+03 3.069929780000000240e-03
6.750000000000000000e+03 3.734333810000000069e-03
6.755000000000000000e+03 4.512783590000000490e-03
6.760000000000000000e+03 5.449082259999999886e-03
6.765000000000000000e+03 6.580122109999999441e-03
6.770000000000000000e+03 7.878513339999998824e-03
6.775000000000000000e+03 9.389095309999999708e-03
6.780000000000000000e+03 1.119648456999999993e-02
6.785000000000000000e+03 1.326123713999999981e-02
6.790000000000000000e+03 1.566338538999999946e-02
6.795000000000000000e+03 1.842150806999999849e-02
6.800000000000000000e+03 2.158102989000000235e-02
6.805000000000000000e+03 2.520289183000000086e-02
6.810000000000000000e+03 2.924738646000000358e-02
6.815000000000000000e+03 3.391145468000000135e-02
6.820000000000000000e+03 3.902323246000000134e-02
6.825000000000000000e+03 4.476592540999999731e-02
6.830000000000000000e+03 5.126424313000000482e-02
6.835000000000000000e+03 5.829600810999999855e-02
6.840000000000000000e+03 6.599627495000000288e-02
6.845000000000000000e+03 7.456767559000000711e-02
6.850000000000000000e+03 8.374529838999998643e-02
6.855000000000000000e+03 9.373407363999999853e-02
6.860000000000000000e+03 1.045289897999999995e-01
6.865000000000000000e+03 1.160729313000000013e-01
6.870000000000000000e+03 1.283784389000000026e-01
6.875000000000000000e+03 1.411466311999999834e-01
6.880000000000000000e+03 1.549187850999999838e-01
6.885000000000000000e+03 1.691388892999999838e-01
6.890000000000000000e+03 1.841000938000000309e-01
6.895000000000000000e+03 1.999482345999999966e-01
6.900000000000000000e+03 2.160581970000000074e-01
6.905000000000000000e+03 2.326598357999999922e-01
6.910000000000000000e+03 2.498836899000000111e-01
6.915000000000000000e+03 2.672183609000000071e-01
6.920000000000000000e+03 2.851559257999999875e-01
6.925000000000000000e+03 3.033304595999999909e-01
6.930000000000000000e+03 3.219421005000000502e-01
6.935000000000000000e+03 3.404712296000000360e-01
6.940000000000000000e+03 3.589279938000000114e-01
6.945000000000000000e+03 3.776551819000000254e-01
6.950000000000000000e+03 3.962242888999999990e-01
6.955000000000000000e+03 4.147760009999999498e-01
6.960000000000000000e+03 4.335812378000000189e-01
6.965000000000000000e+03 4.517815018000000404e-01
6.970000000000000000e+03 4.697283936000000160e-01
6.975000000000000000e+03 4.876834105999999780e-01
6.980000000000000000e+03 5.051302337999999947e-01
6.985000000000000000e+03 5.223991775999999865e-01
6.990000000000000000e+03 5.393590163999999465e-01
6.995000000000000000e+03 5.558568191999999630e-01
7.000000000000000000e+03 5.720829773000000174e-01
7.005000000000000000e+03 5.875607299999999755e-01
7.010000000000000000e+03 6.030842209000000231e-01
7.015000000000000000e+03 6.176695251000000608e-01
7.020000000000000000e+03 6.319947814999999913e-01
7.025000000000000000e+03 6.462909698000000036e-01
7.030000000000000000e+03 6.596759032999999217e-01
7.035000000000000000e+03 6.724858855999999996e-01
7.040000000000000000e+03 6.852786254999999604e-01
7.045000000000000000e+03 6.973186492999999819e-01
7.050000000000000000e+03 7.089804076999999261e-01
7.055000000000000000e+03 7.202749633999999679e-01
7.060000000000000000e+03 7.310917664000000649e-01
7.065000000000000000e+03 7.415295410000000143e-01
7.070000000000000000e+03 7.513129424999999140e-01
7.075000000000000000e+03 7.609606933999999434e-01
7.080000000000000000e+03 7.700479889000000355e-01
7.085000000000000000e+03 7.787366486000000254e-01
7.090000000000000000e+03 7.873133850000000322e-01
7.095000000000000000e+03 7.953131865999999439e-01
7.100000000000000000e+03 8.029152679000000070e-01
7.105000000000000000e+03 8.101963806000000989e-01
7.110000000000000000e+03 8.172313690000000408e-01
7.115000000000000000e+03 8.240299987999999409e-01
7.120000000000000000e+03 8.304199219000000243e-01
7.125000000000000000e+03 8.365959929999999822e-01
7.130000000000000000e+03 8.423828125000000222e-01
7.135000000000000000e+03 8.480056000000000260e-01
7.140000000000000000e+03 8.532800293000000202e-01
7.145000000000000000e+03 8.582990264999998953e-01
7.150000000000000000e+03 8.631899261000000045e-01
7.155000000000000000e+03 8.678509520999999616e-01
7.160000000000000000e+03 8.721700287000000440e-01
7.165000000000000000e+03 8.763724517999998964e-01
7.170000000000000000e+03 8.804300689999999818e-01
7.175000000000000000e+03 8.841629790999999683e-01
7.180000000000000000e+03 8.877375792999999682e-01
7.185000000000000000e+03 8.911988830999999500e-01
7.190000000000000000e+03 8.945608521000000257e-01
7.195000000000000000e+03 8.976438903999999219e-01
7.200000000000000000e+03 9.006439209000000057e-01
7.205000000000000000e+03 9.034514618000000219e-01
7.210000000000000000e+03 9.061542511000000300e-01
7.215000000000000000e+03 9.087067412999999538e-01
7.220000000000000000e+03 9.112482452000000288e-01
7.225000000000000000e+03 9.135539246000000668e-01
7.230000000000000000e+03 9.157755280000000608e-01
7.235000000000000000e+03 9.178734588999999389e-01
7.240000000000000000e+03 9.199826813000000492e-01
7.245000000000000000e+03 9.219155121000000008e-01
7.250000000000000000e+03 9.236893462999999915e-01
7.255000000000000000e+03 9.254263306000000133e-01
7.260000000000000000e+03 9.271788024999999545e-01
7.265000000000000000e+03 9.287728882000000352e-01
7.270000000000000000e+03 9.302770232999999500e-01
7.275000000000000000e+03 9.317434692000000629e-01
7.280000000000000000e+03 9.332208251999999371e-01
7.285000000000000000e+03 9.345502472000000171e-01
7.290000000000000000e+03 9.358228302000000109e-01
7.295000000000000000e+03 9.369776154000000190e-01
7.300000000000000000e+03 9.381363677999999817e-01
7.305000000000000000e+03 9.391902923999999597e-01
7.310000000000000000e+03 9.402576446999999504e-01
7.315000000000000000e+03 9.413818359000000191e-01
7.320000000000000000e+03 9.423067473999999777e-01
7.325000000000000000e+03 9.432381438999999368e-01
7.330000000000000000e+03 9.441513061999999845e-01
7.335000000000000000e+03 9.449427794999999408e-01
7.340000000000000000e+03 9.457447815000000757e-01
7.345000000000000000e+03 9.465029144000000061e-01
7.350000000000000000e+03 9.472235106999999932e-01
7.355000000000000000e+03 9.479891967999999336e-01
7.360000000000000000e+03 9.485351563000000708e-01
7.365000000000000000e+03 9.492290496999999938e-01
7.370000000000000000e+03 9.498769378999999402e-01
7.375000000000000000e+03 9.505391693000000419e-01
7.380000000000000000e+03 9.510739135999999316e-01
7.385000000000000000e+03 9.516156768999999294e-01
7.390000000000000000e+03 9.522010803000000578e-01
7.395000000000000000e+03 9.527007294000000570e-01
7.400000000000000000e+03 9.531847381999999369e-01
7.405000000000000000e+03 9.535314178000000584e-01
7.410000000000000000e+03 9.539730072000000005e-01
7.415000000000000000e+03 9.544317626999999638e-01
7.420000000000000000e+03 9.549142455999999335e-01
7.425000000000000000e+03 9.552016449000000353e-01
7.430000000000000000e+03 9.556813049000000282e-01
7.435000000000000000e+03 9.559907531999999319e-01
7.440000000000000000e+03 9.563409424000000048e-01
7.445000000000000000e+03 9.566130828999999114e-01
7.450000000000000000e+03 9.571195221000000641e-01
7.455000000000000000e+03 9.574227141999999136e-01
7.460000000000000000e+03 9.576638030999999884e-01
7.465000000000000000e+03 9.579425048999999914e-01
7.470000000000000000e+03 9.581800079000000192e-01
7.475000000000000000e+03 9.584523009999998955e-01
7.480000000000000000e+03 9.587311553999999791e-01
7.485000000000000000e+03 9.590331267999999687e-01
7.490000000000000000e+03 9.592938994999999913e-01
7.495000000000000000e+03 9.596136474999999999e-01
7.500000000000000000e+03 9.597319031000001166e-01
7.505000000000000000e+03 9.599433899000000547e-01
7.510000000000000000e+03 9.601389312999999426e-01
7.515000000000000000e+03 9.604326629999999643e-01
7.520000000000000000e+03 9.606161498999999937e-01
7.525000000000000000e+03 9.608394622999999468e-01
7.530000000000000000e+03 9.610460663000001125e-01
7.535000000000000000e+03 9.612027740000000930e-01
7.540000000000000000e+03 9.613116454999999227e-01
7.545000000000000000e+03 9.615238189999999463e-01
7.550000000000000000e+03 9.617617035000001202e-01
7.555000000000000000e+03 9.617746735000000102e-01
7.560000000000000000e+03 9.619730377000000887e-01
7.565000000000000000e+03 9.622299194000000222e-01
7.570000000000000000e+03 9.623342896000000035e-01
7.575000000000000000e+03 9.624197387999999798e-01
7.580000000000000000e+03 9.626398467999999209e-01
7.585000000000000000e+03 9.626119232000001080e-01
7.590000000000000000e+03 9.629318236999999669e-01
7.595000000000000000e+03 9.629838562000000435e-01
7.600000000000000000e+03 9.630130004999999382e-01
7.605000000000000000e+03 9.631648253999999243e-01
7.610000000000000000e+03 9.632809448000000385e-01
7.615000000000000000e+03 9.634381865999999128e-01
7.620000000000000000e+03 9.634640503000000411e-01
7.625000000000000000e+03 9.637110138000000159e-01
7.630000000000000000e+03 9.637657927999999652e-01
7.635000000000000000e+03 9.638420868000000530e-01
7.640000000000000000e+03 9.640054321000000037e-01
7.645000000000000000e+03 9.641307830999999995e-01
7.650000000000000000e+03 9.642381287000000301e-01
7.655000000000000000e+03 9.642612456999999360e-01
7.660000000000000000e+03 9.644471740999999154e-01
7.665000000000000000e+03 9.645179749000000191e-01
7.670000000000000000e+03 9.645098113999999168e-01
7.675000000000000000e+03 9.646174621999999976e-01
7.680000000000000000e+03 9.646968079000000085e-01
7.685000000000000000e+03 9.647824860000000502e-01
7.690000000000000000e+03 9.648175048999999559e-01
7.695000000000000000e+03 9.649485778999999930e-01
7.700000000000000000e+03 9.648864745999999881e-01
7.705000000000000000e+03 9.650747681000000355e-01
7.710000000000000000e+03 9.650569152999999289e-01
7.715000000000000000e+03 9.651808166999999994e-01
7.720000000000000000e+03 9.652514648000000141e-01
7.725000000000000000e+03 9.653133391999999535e-01
7.730000000000000000e+03 9.653858185000000480e-01
7.735000000000000000e+03 9.654682158999999819e-01
7.740000000000000000e+03 9.654373169000000088e-01
7.745000000000000000e+03 9.656650543000000475e-01
7.750000000000000000e+03 9.657169342000000434e-01
7.755000000000000000e+03 9.657183838000000797e-01
7.760000000000000000e+03 9.657844543000000392e-01
7.765000000000000000e+03 9.658654022000000561e-01
7.770000000000000000e+03 9.660030364999999675e-01
7.775000000000000000e+03 9.658784484999999309e-01
7.780000000000000000e+03 9.659866332999998972e-01
7.785000000000000000e+03 9.660406494000000066e-01
7.790000000000000000e+03 9.660327911000000656e-01
7.795000000000000000e+03 9.660698699999999972e-01
7.800000000000000000e+03 9.661804198999999205e-01
7.805000000000000000e+03 9.663304900999999392e-01
7.810000000000000000e+03 9.661083220999999721e-01
7.815000000000000000e+03 9.662672424000000593e-01
7.820000000000000000e+03 9.662490845000000217e-01
7.825000000000000000e+03 9.664333344000000103e-01
7.830000000000000000e+03 9.663812255999999490e-01
7.835000000000000000e+03 9.664888000000000368e-01
7.840000000000000000e+03 9.665345763999999562e-01
7.845000000000000000e+03 9.665379333000000406e-01
7.850000000000000000e+03 9.666327666999999790e-01
7.855000000000000000e+03 9.667497253000000290e-01
7.860000000000000000e+03 9.667598723999999422e-01
7.865000000000000000e+03 9.667452239999999586e-01
7.870000000000000000e+03 9.668462372000000693e-01
7.875000000000000000e+03 9.668174743999999876e-01
7.880000000000000000e+03 9.668574523999999837e-01
7.885000000000000000e+03 9.668845366999999635e-01
7.890000000000000000e+03 9.668758391999999757e-01
7.895000000000000000e+03 9.669122314000000440e-01
7.900000000000000000e+03 9.669625091999999311e-01
7.905000000000000000e+03 9.668740081999999125e-01
7.910000000000000000e+03 9.670065307999999860e-01
7.915000000000000000e+03 9.669925689999999685e-01
7.920000000000000000e+03 9.670735167999999771e-01
7.925000000000000000e+03 9.672275543000000697e-01
7.930000000000000000e+03 9.671058654999999948e-01
7.935000000000000000e+03 9.671957396999999457e-01
7.940000000000000000e+03 9.672154236000000127e-01
7.945000000000000000e+03 9.672402954000000053e-01
7.950000000000000000e+03 9.672521209999999092e-01
7.955000000000000000e+03 9.672302245999999659e-01
7.960000000000000000e+03 9.671977234000000978e-01
7.965000000000000000e+03 9.673931885000000008e-01
7.970000000000000000e+03 9.673873138000000926e-01
7.975000000000000000e+03 9.672832488999999478e-01
7.980000000000000000e+03 9.674221038999999411e-01
7.985000000000000000e+03 9.674788666000000426e-01
7.990000000000000000e+03 9.674085236000000698e-01
7.995000000000000000e+03 9.675372314000000307e-01
8.000000000000000000e+03 9.674858856000000396e-01
8.005000000000000000e+03 9.675370025999999735e-01
8.010000000000000000e+03 9.675514983999999874e-01
8.015000000000000000e+03 9.673693084999999137e-01
8.020000000000000000e+03 9.674647521999999444e-01
8.025000000000000000e+03 9.675511932000000481e-01
8.030000000000000000e+03 9.676224517999999497e-01
8.035000000000000000e+03 9.675608062999999648e-01
8.040000000000000000e+03 9.676171875000000311e-01
8.045000000000000000e+03 9.675936126999999942e-01
8.050000000000000000e+03 9.677455901999999499e-01
8.055000000000000000e+03 9.677792358000000261e-01
8.060000000000000000e+03 9.678095245000000180e-01
8.065000000000000000e+03 9.678874968999999773e-01
8.070000000000000000e+03 9.678253936999999807e-01
8.075000000000000000e+03 9.677572631999999953e-01
8.080000000000000000e+03 9.679321289000000217e-01
8.085000000000000000e+03 9.677470397999999863e-01
8.090000000000000000e+03 9.679094696000000164e-01
8.095000000000000000e+03 9.678836060000000074e-01
8.100000000000000000e+03 9.678559113000000380e-01
8.105000000000000000e+03 9.679561614999999675e-01
8.110000000000000000e+03 9.679793548999999775e-01
8.115000000000000000e+03 9.678498840000000492e-01
8.120000000000000000e+03 9.679312896999999749e-01
8.125000000000000000e+03 9.678069304999999956e-01
8.130000000000000000e+03 9.680135344999999392e-01
8.135000000000000000e+03 9.679999542000000678e-01
8.140000000000000000e+03 9.680696106000000745e-01
8.145000000000000000e+03 9.680027771000000447e-01
8.150000000000000000e+03 9.681134032999999528e-01
8.155000000000000000e+03 9.680261230000000161e-01
8.160000000000000000e+03 9.681037139999999486e-01
8.165000000000000000e+03 9.680654907000000309e-01
8.170000000000000000e+03 9.681133269999999680e-01
8.175000000000000000e+03 9.680742644999998925e-01
8.180000000000000000e+03 9.681559753000000823e-01
8.185000000000000000e+03 9.680335236000000565e-01
8.190000000000000000e+03 9.681599425999999342e-01
8.195000000000000000e+03 9.682186126999999809e-01
8.200000000000000000e+03 9.682193755999999318e-01
8.205000000000000000e+03 9.682585907000000880e-01
8.210000000000000000e+03 9.682025145999999527e-01
8.215000000000000000e+03 9.681353759999999919e-01
8.220000000000000000e+03 9.680642699999999490e-01
8.225000000000000000e+03 9.682299804999999759e-01
8.230000000000000000e+03 9.681696320000000577e-01
8.235000000000000000e+03 9.683158111999999873e-01
8.240000000000000000e+03 9.681952667000000012e-01
8.245000000000000000e+03 9.681195067999999182e-01
8.250000000000000000e+03 9.684543610000000413e-01
8.255000000000000000e+03 9.682879638999999372e-01
8.260000000000000000e+03 9.679829407000000163e-01
8.265000000000000000e+03 9.683448792000000083e-01
8.270000000000000000e+03 9.681893920999999903e-01
8.275000000000000000e+03 9.684505463000000480e-01
8.280000000000000000e+03 9.683856201000000663e-01
8.285000000000000000e+03 9.683052062999999432e-01
8.290000000000000000e+03 9.684138489000000405e-01
8.295000000000000000e+03 9.683067321999999644e-01
8.300000000000000000e+03 9.684951781999999731e-01
8.305000000000000000e+03 9.684771729000000162e-01
8.310000000000000000e+03 9.685099030000000608e-01
8.315000000000000000e+03 9.684268188000000332e-01
8.320000000000000000e+03 9.685491942999999715e-01
8.325000000000000000e+03 9.685269927999999862e-01
8.330000000000000000e+03 9.684650421000000620e-01
8.335000000000000000e+03 9.687880706999999481e-01
8.340000000000000000e+03 9.686174010999999417e-01
8.345000000000000000e+03 9.685812378000000500e-01
8.350000000000000000e+03 9.685737609999999220e-01
8.355000000000000000e+03 9.685430907999998951e-01
8.360000000000000000e+03 9.686065673999999515e-01
8.365000000000000000e+03 9.687113189999999596e-01
8.370000000000000000e+03 9.685119629000000785e-01
8.375000000000000000e+03 9.687168884000000313e-01
8.380000000000000000e+03 9.687954711999999802e-01
8.385000000000000000e+03 9.688204192999999576e-01
8.390000000000000000e+03 9.687019347999999974e-01
8.395000000000000000e+03 9.690107727000000226e-01
8.400000000000000000e+03 9.684970092999999336e-01
8.405000000000000000e+03 9.688310242000000017e-01
8.410000000000000000e+03 9.687673186999999908e-01
8.415000000000000000e+03 9.688242339999999508e-01
8.420000000000000000e+03 9.687576293999999866e-01
8.425000000000000000e+03 9.690949249000000432e-01
8.430000000000000000e+03 9.689820862000000368e-01
8.435000000000000000e+03 9.687768554999999226e-01
8.440000000000000000e+03 9.690302277000000242e-01
8.445000000000000000e+03 9.687160491999999845e-01
8.450000000000000000e+03 9.691593933000000050e-01
8.455000000000000000e+03 9.690205383000000117e-01
8.460000000000000000e+03 9.689974213000001058e-01
8.465000000000000000e+03 9.690309142999999903e-01
8.470000000000000000e+03 9.691259003000000094e-01
8.475000000000000000e+03 9.690330504999999928e-01
8.480000000000000000e+03 9.691889191000000459e-01
8.485000000000000000e+03 9.691240691999999379e-01
8.490000000000000000e+03 9.690733337000000391e-01
8.495000000000000000e+03 9.692916870000000129e-01
8.500000000000000000e+03 9.704822540000000997e-01
8.505000000000000000e+03 9.705109405999999828e-01
8.510000000000000000e+03 9.704714965999999832e-01
8.515000000000000000e+03 9.705120086999999840e-01
8.520000000000000000e+03 9.704820250999999232e-01
8.525000000000000000e+03 9.704315947999999636e-01
8.530000000000000000e+03 9.704927825999999369e-01
8.535000000000000000e+03 9.704962157999998951e-01
8.540000000000000000e+03 9.705029296999999611e-01
8.545000000000000000e+03 9.705158233999999773e-01
8.550000000000000000e+03 9.704854584000000006e-01
8.555000000000000000e+03 9.704768371999999976e-01
8.560000000000000000e+03 9.704708099000000088e-01
8.565000000000000000e+03 9.704796600000000772e-01
8.570000000000000000e+03 9.704471587999999871e-01
8.575000000000000000e+03 9.704220581000000401e-01
8.580000000000000000e+03 9.703929900999999081e-01
8.585000000000000000e+03 9.705020141999999295e-01
8.590000000000000000e+03 9.704901123000000407e-01
8.595000000000000000e+03 9.704416655999998920e-01
8.600000000000000000e+03 9.704917908000000315e-01
8.605000000000000000e+03 9.704446411000000605e-01
8.610000000000000000e+03 9.704569243999999761e-01
8.615000000000000000e+03 9.704430388999999435e-01
8.620000000000000000e+03 9.704732513000000615e-01
8.625000000000000000e+03 9.704426574999999167e-01
8.630000000000000000e+03 9.704084777999999467e-01
8.635000000000000000e+03 9.704111480999999539e-01
8.640000000000000000e+03 9.704315185999999871e-01
8.645000000000000000e+03 9.704859923999999971e-01
8.650000000000000000e+03 9.704123688000000358e-01
8.655000000000000000e+03 9.704212188999999933e-01
8.660000000000000000e+03 9.704322815000000491e-01
8.665000000000000000e+03 9.704118347000000311e-01
8.670000000000000000e+03 9.704129028000000323e-01
8.675000000000000000e+03 9.703589630000000188e-01
8.680000000000000000e+03 9.704156494000000244e-01
8.685000000000000000e+03 9.704166411999999298e-01
8.690000000000000000e+03 9.704118347000000311e-01
8.695000000000000000e+03 9.704199982000000224e-01
8.700000000000000000e+03 9.703942870999999748e-01
8.705000000000000000e+03 9.703778839000000156e-01
8.710000000000000000e+03 9.704266356999999843e-01
8.715000000000000000e+03 9.703733062999999603e-01
8.720000000000000000e+03 9.703730011000000211e-01
8.725000000000000000e+03 9.703735351999999148e-01
8.730000000000000000e+03 9.703100585999999694e-01
8.735000000000000000e+03 9.703620911000000460e-01
8.740000000000000000e+03 9.702885437000000612e-01
8.745000000000000000e+03 9.703042603000000543e-01
8.750000000000000000e+03 9.702975463999998773e-01
8.755000000000000000e+03 9.702926635999999938e-01
8.760000000000000000e+03 9.703665161000000206e-01
8.765000000000000000e+03 9.702869415000000552e-01
8.770000000000000000e+03 9.703017425999999057e-01
8.775000000000000000e+03 9.703218078999999996e-01
8.780000000000000000e+03 9.703063964999999458e-01
8.785000000000000000e+03 9.702883147999998847e-01
8.790000000000000000e+03 9.703418731999999824e-01
8.795000000000000000e+03 9.702886200000000461e-01
8.800000000000000000e+03 9.702840423999999908e-01
8.805000000000000000e+03 9.702803040000000934e-01
8.810000000000000000e+03 9.702493286000000161e-01
8.815000000000000000e+03 9.702787017999999764e-01
8.820000000000000000e+03 9.703128814999999463e-01
8.825000000000000000e+03 9.702623749000000020e-01
8.830000000000000000e+03 9.702785492000000067e-01
8.835000000000000000e+03 9.702334595000000617e-01
8.840000000000000000e+03 9.702494049000001120e-01
8.845000000000000000e+03 9.702422333000000343e-01
8.850000000000000000e+03 9.703089904999999682e-01
8.855000000000000000e+03 9.702607726999999960e-01
8.860000000000000000e+03 9.703111266999999707e-01
8.865000000000000000e+03 9.702109528000000260e-01
8.870000000000000000e+03 9.702017975000000183e-01
8.875000000000000000e+03 9.702355194000000793e-01
8.880000000000000000e+03 9.702294159000000029e-01
8.885000000000000000e+03 9.702013396999999983e-01
8.890000000000000000e+03 9.701428986000000254e-01
8.895000000000000000e+03 9.701803588999999839e-01
8.900000000000000000e+03 9.701659392999999465e-01
8.905000000000000000e+03 9.701765441999999906e-01
8.910000000000000000e+03 9.702009582999999715e-01
8.915000000000000000e+03 9.701332854999999977e-01
8.920000000000000000e+03 9.701225281000001033e-01
8.925000000000000000e+03 9.701585387999999144e-01
8.930000000000000000e+03 9.701692963000000391e-01
8.935000000000000000e+03 9.701340484999999569e-01
8.940000000000000000e+03 9.701576995999999786e-01
8.945000000000000000e+03 9.701744842999999729e-01
8.950000000000000000e+03 9.701430510999999868e-01
8.955000000000000000e+03 9.701300811999999940e-01
8.960000000000000000e+03 9.701179503999999287e-01
8.965000000000000000e+03 9.701422882000000358e-01
8.970000000000000000e+03 9.701683807000001103e-01
8.975000000000000000e+03 9.701024628000000094e-01
8.980000000000000000e+03 9.700876617000000479e-01
8.985000000000000000e+03 9.700558472000000432e-01
8.990000000000000000e+03 9.701007842999999076e-01
8.995000000000000000e+03 9.700523375999999809e-01
9.000000000000000000e+03 9.700907134999999792e-01
9.005000000000000000e+03 9.700724030000000830e-01
9.010000000000000000e+03 9.700454711999999535e-01
9.015000000000000000e+03 9.700299835000000259e-01
9.020000000000000000e+03 9.699989318999999721e-01
9.025000000000000000e+03 9.699945067999999893e-01
9.030000000000000000e+03 9.700215148999999926e-01
9.035000000000000000e+03 9.700228882000000441e-01
9.040000000000000000e+03 9.699955749999999988e-01
9.045000000000000000e+03 9.700342560000000391e-01
9.050000000000000000e+03 9.699774170000000639e-01
9.055000000000000000e+03 9.699945830999999741e-01
9.060000000000000000e+03 9.699847412000000002e-01
9.065000000000000000e+03 9.698963928000000623e-01
9.070000000000000000e+03 9.698782348999999137e-01
9.075000000000000000e+03 9.699637603999999858e-01
9.080000000000000000e+03 9.699419403000000273e-01
9.085000000000000000e+03 9.699719237999999688e-01
9.090000000000000000e+03 9.699896239999999947e-01
9.095000000000000000e+03 9.699216460999999789e-01
9.100000000000000000e+03 9.698899840999999356e-01
9.105000000000000000e+03 9.699220276000000140e-01
9.110000000000000000e+03 9.699056244000000548e-01
9.115000000000000000e+03 9.698676299999999806e-01
9.120000000000000000e+03 9.698020934999999065e-01
9.125000000000000000e+03 9.698178101000000106e-01
9.130000000000000000e+03 9.698659514999999898e-01
9.135000000000000000e+03 9.698207091999999641e-01
9.140000000000000000e+03 9.698108672999999902e-01
9.145000000000000000e+03 9.696968079000000129e-01
9.150000000000000000e+03 9.698743439000000466e-01
9.155000000000000000e+03 9.698430634000000383e-01
9.160000000000000000e+03 9.698844146999999749e-01
9.165000000000000000e+03 9.698451996000000408e-01
9.170000000000000000e+03 9.697901154000000412e-01
9.175000000000000000e+03 9.697888183999999745e-01
9.180000000000000000e+03 9.698474120999999171e-01
9.185000000000000000e+03 9.697382355000000453e-01
9.190000000000000000e+03 9.697348784999999527e-01
9.195000000000000000e+03 9.697766113000000354e-01
9.200000000000000000e+03 9.697247314000000395e-01
9.205000000000000000e+03 9.697668457000000464e-01
9.210000000000000000e+03 9.697341156000000018e-01
9.215000000000000000e+03 9.696972656000000246e-01
9.220000000000000000e+03 9.697322844999999303e-01
9.225000000000000000e+03 9.696682739000000995e-01
9.230000000000000000e+03 9.697282409999999908e-01
9.235000000000000000e+03 9.695796966999999933e-01
9.240000000000000000e+03 9.697789763999999924e-01
9.245000000000000000e+03 9.696155548000000568e-01
9.250000000000000000e+03 9.696819304999999556e-01
9.255000000000000000e+03 9.696057892000000678e-01
9.260000000000000000e+03 9.695956420999999326e-01
9.265000000000000000e+03 9.696322632000000663e-01
9.270000000000000000e+03 9.696434020999999959e-01
9.275000000000000000e+03 9.696420288000000554e-01
9.280000000000000000e+03 9.695945740000000423e-01
9.285000000000000000e+03 9.695838928000000134e-01
9.290000000000000000e+03 9.695763397000000117e-01
9.295000000000000000e+03 9.695561218000000592e-01
9.300000000000000000e+03 9.695288849000001097e-01
9.305000000000000000e+03 9.694731140000000247e-01
9.310000000000000000e+03 9.695733642999999624e-01
9.315000000000000000e+03 9.695329284999999464e-01
9.320000000000000000e+03 9.696385193000000013e-01
9.325000000000000000e+03 9.694864655000000608e-01
9.330000000000000000e+03 9.694877624999999055e-01
9.335000000000000000e+03 9.694936371000000275e-01
9.340000000000000000e+03 9.694324493000000542e-01
9.345000000000000000e+03 9.694168854000000390e-01
9.350000000000000000e+03 9.693865967000000472e-01
9.355000000000000000e+03 9.694409942999999696e-01
9.360000000000000000e+03 9.693662261999999030e-01
9.365000000000000000e+03 9.693435669000000088e-01
9.370000000000000000e+03 9.692871857000000535e-01
9.375000000000000000e+03 9.692418671000000430e-01
9.380000000000000000e+03 9.692334746999999862e-01
9.385000000000000000e+03 9.692001342999999602e-01
9.390000000000000000e+03 9.692106628000000113e-01
9.395000000000000000e+03 9.691561127000000164e-01
9.400000000000000000e+03 9.691082763999999683e-01
9.405000000000000000e+03 9.691705322000000455e-01
9.410000000000000000e+03 9.690486908000000010e-01
9.415000000000000000e+03 9.690326690999999659e-01
9.420000000000000000e+03 9.690691375999999080e-01
9.425000000000000000e+03 9.690071869000000948e-01
9.430000000000000000e+03 9.690532684000000563e-01
9.435000000000000000e+03 9.690580749999999632e-01
9.440000000000000000e+03 9.690163422000001026e-01
9.445000000000000000e+03 9.688791655999999808e-01
9.450000000000000000e+03 9.689086914000000217e-01
9.455000000000000000e+03 9.689543915000000673e-01
9.460000000000000000e+03 9.690206145999999965e-01
9.465000000000000000e+03 9.689299773999999754e-01
9.470000000000000000e+03 9.689265442000000172e-01
9.475000000000000000e+03 9.689257050000000815e-01
9.480000000000000000e+03 9.688059998000000395e-01
9.485000000000000000e+03 9.688822174000000231e-01
9.490000000000000000e+03 9.688520813000000009e-01
9.495000000000000000e+03 9.689236449999999445e-01
9.500000000000000000e+03 9.689245605000000872e-01
9.505000000000000000e+03 9.689171600000000550e-01
9.510000000000000000e+03 9.688468169999999713e-01
9.515000000000000000e+03 9.688738250999999746e-01
9.520000000000000000e+03 9.688653564000000440e-01
9.525000000000000000e+03 9.688031768999999516e-01
9.530000000000000000e+03 9.688921355999999818e-01
9.535000000000000000e+03 9.688484954999999621e-01
9.540000000000000000e+03 9.687913512999999366e-01
9.545000000000000000e+03 9.687100983000000998e-01
9.550000000000000000e+03 9.686639404000000342e-01
9.555000000000000000e+03 9.687696837999999477e-01
9.560000000000000000e+03 9.688803101000000861e-01
9.565000000000000000e+03 9.688764953999999818e-01
9.570000000000000000e+03 9.687877655000000088e-01
9.575000000000000000e+03 9.687443541999999352e-01
9.580000000000000000e+03 9.687142944000000089e-01
9.585000000000000000e+03 9.687352753000000316e-01
9.590000000000000000e+03 9.687339782999999649e-01
9.595000000000000000e+03 9.687037659000000689e-01
9.600000000000000000e+03 9.687747955000000077e-01
9.605000000000000000e+03 9.687010956000000617e-01
9.610000000000000000e+03 9.686479186999999991e-01
9.615000000000000000e+03 9.687133789000000883e-01
9.620000000000000000e+03 9.687026977999999566e-01
9.625000000000000000e+03 9.687135315000000579e-01
9.630000000000000000e+03 9.686103058000000710e-01
9.635000000000000000e+03 9.686501311999999864e-01
9.640000000000000000e+03 9.686509705000000414e-01
9.645000000000000000e+03 9.686697388000000686e-01
9.650000000000000000e+03 9.686424255000000150e-01
9.655000000000000000e+03 9.685917663999999982e-01
9.660000000000000000e+03 9.685409546000000036e-01
9.665000000000000000e+03 9.685985565000000408e-01
9.670000000000000000e+03 9.685956572999999681e-01
9.675000000000000000e+03 9.685447692999999969e-01
9.680000000000000000e+03 9.685469817999999842e-01
9.685000000000000000e+03 9.685503386999999575e-01
9.690000000000000000e+03 9.685475922000000848e-01
9.695000000000000000e+03 9.684765625000000266e-01
9.700000000000000000e+03 9.684961699999999896e-01
9.705000000000000000e+03 9.685345458999999879e-01
9.710000000000000000e+03 9.684413146999999444e-01
9.715000000000000000e+03 9.684776306000000279e-01
9.720000000000000000e+03 9.684899901999999283e-01
9.725000000000000000e+03 9.684279633000000276e-01
9.730000000000000000e+03 9.684258269999999058e-01
9.735000000000000000e+03 9.684297942999999798e-01
9.740000000000000000e+03 9.684628295999999636e-01
9.745000000000000000e+03 9.683618927000000598e-01
9.750000000000000000e+03 9.684547424000000682e-01
9.755000000000000000e+03 9.683416747999999963e-01
9.760000000000000000e+03 9.683257294000000570e-01
9.765000000000000000e+03 9.683551025000000090e-01
9.770000000000000000e+03 9.684536742999999559e-01
9.775000000000000000e+03 9.682582854999999267e-01
9.780000000000000000e+03 9.683971405000000310e-01
9.785000000000000000e+03 9.684179688000000841e-01
9.790000000000000000e+03 9.682182312000000568e-01
9.795000000000000000e+03 9.683724213000001191e-01
9.800000000000000000e+03 9.682145690999999221e-01
9.805000000000000000e+03 9.681979370000000085e-01
9.810000000000000000e+03 9.683829498000000591e-01
9.815000000000000000e+03 9.681443787000000301e-01
9.820000000000000000e+03 9.682898711999999852e-01
9.825000000000000000e+03 9.681761169000000500e-01
9.830000000000000000e+03 9.682370758000000688e-01
9.835000000000000000e+03 9.681688689999999875e-01
9.840000000000000000e+03 9.681285857999999411e-01
9.845000000000000000e+03 9.681555939000000555e-01
9.850000000000000000e+03 9.681918335000000431e-01
9.855000000000000000e+03 9.680732726999999871e-01
9.860000000000000000e+03 9.680744934000000690e-01
9.865000000000000000e+03 9.680832671999999306e-01
9.870000000000000000e+03 9.680394744999999412e-01
9.875000000000000000e+03 9.680548096000000102e-01
9.880000000000000000e+03 9.682012939000000928e-01
9.885000000000000000e+03 9.679796600000000195e-01
9.890000000000000000e+03 9.680136871000000198e-01
9.895000000000000000e+03 9.679296874999999689e-01
9.900000000000000000e+03 9.679666138000000419e-01
9.905000000000000000e+03 9.679804993000000746e-01
9.910000000000000000e+03 9.679454040999999620e-01
9.915000000000000000e+03 9.679111481000000072e-01
9.920000000000000000e+03 9.678419495000000206e-01
9.925000000000000000e+03 9.679280853000000739e-01
9.930000000000000000e+03 9.678565979000000041e-01
9.935000000000000000e+03 9.678286742999999692e-01
9.940000000000000000e+03 9.678749084000000114e-01
9.945000000000000000e+03 9.677545928999999880e-01
9.950000000000000000e+03 9.677082824999999611e-01
9.955000000000000000e+03 9.677536010999999716e-01
9.960000000000000000e+03 9.677985381999999470e-01
9.965000000000000000e+03 9.677458953999998892e-01
9.970000000000000000e+03 9.677501678000000052e-01
9.975000000000000000e+03 9.675988769999999128e-01
9.980000000000000000e+03 9.677976227000000264e-01
9.985000000000000000e+03 9.676133728000000378e-01
9.990000000000000000e+03 9.676936340000000802e-01
9.995000000000000000e+03 9.675667572000000716e-01
1.000000000000000000e+04 9.676158141999999796e-01
1.000500000000000000e+04 9.675026703000000339e-01
1.001000000000000000e+04 9.675891876000000114e-01
1.001500000000000000e+04 9.675516509999999570e-01
1.002000000000000000e+04 9.675672912999999653e-01
1.002500000000000000e+04 9.674362182999999282e-01
1.003000000000000000e+04 9.674823760999999855e-01
1.003500000000000000e+04 9.674935150000000261e-01
1.004000000000000000e+04 9.674765777999999594e-01
1.004500000000000000e+04 9.673058319000000793e-01
1.005000000000000000e+04 9.674885559000000468e-01
1.005500000000000000e+04 9.673526001000000152e-01
1.006000000000000000e+04 9.674025726000000658e-01
1.006500000000000000e+04 9.672997284000000029e-01
1.007000000000000000e+04 9.673320006999999165e-01
1.007500000000000000e+04 9.672553252999999129e-01
1.008000000000000000e+04 9.672568511999999341e-01
1.008500000000000000e+04 9.673188018999999693e-01
1.009000000000000000e+04 9.671165465999999045e-01
1.009500000000000000e+04 9.672282409999999331e-01
1.010000000000000000e+04 9.671746826000000574e-01
1.010500000000000000e+04 9.671037291999999841e-01
1.011000000000000000e+04 9.670986175999999324e-01
1.011500000000000000e+04 9.671460724000000564e-01
1.012000000000000000e+04 9.671240996999999062e-01
1.012500000000000000e+04 9.669993590999999000e-01
1.013000000000000000e+04 9.670748901000000286e-01
1.013500000000000000e+04 9.670533752000000094e-01
1.014000000000000000e+04 9.670822143999999732e-01
1.014500000000000000e+04 9.669190215999999838e-01
1.015000000000000000e+04 9.668727875000000527e-01
1.015500000000000000e+04 9.670056915000000419e-01
1.016000000000000000e+04 9.669019317999999474e-01
1.016500000000000000e+04 9.668682097999998781e-01
1.017000000000000000e+04 9.667970275999999696e-01
1.017500000000000000e+04 9.668974303999999798e-01
1.018000000000000000e+04 9.668066405999999890e-01
1.018500000000000000e+04 9.666712952000000580e-01
1.019000000000000000e+04 9.668362426999999037e-01
1.019500000000000000e+04 9.667583466000000403e-01
1.020000000000000000e+04 9.667874145999999502e-01
1.020500000000000000e+04 9.664245605000000294e-01
1.021000000000000000e+04 9.668313599000000202e-01
1.021500000000000000e+04 9.665689087000000068e-01
1.022000000000000000e+04 9.665047454999999843e-01
1.022500000000000000e+04 9.666644287000000224e-01
1.023000000000000000e+04 9.663376617000000168e-01
1.023500000000000000e+04 9.666833495999999082e-01
1.024000000000000000e+04 9.664255523999999431e-01
1.024500000000000000e+04 9.663407134999999482e-01
1.025000000000000000e+04 9.664972686999999674e-01
1.025500000000000000e+04 9.664743042000000228e-01
1.026000000000000000e+04 9.661343383999999590e-01
1.026500000000000000e+04 9.665567016999999650e-01
1.027000000000000000e+04 9.662520598999999599e-01
1.027500000000000000e+04 9.664371490000001064e-01
1.028000000000000000e+04 9.662297058000000050e-01
1.028500000000000000e+04 9.661700439000000529e-01
1.029000000000000000e+04 9.663680266999999935e-01
1.029500000000000000e+04 9.660476685000000119e-01
1.030000000000000000e+04 9.661721801999999526e-01
1.030500000000000000e+04 9.662137604000000657e-01
1.031000000000000000e+04 9.661282348999999936e-01
1.031500000000000000e+04 9.659747314000000085e-01
1.032000000000000000e+04 9.659887695000000107e-01
1.032500000000000000e+04 9.661484527999999461e-01
1.033000000000000000e+04 9.658609008999999856e-01
1.033500000000000000e+04 9.660111999999999588e-01
1.034000000000000000e+04 9.659532927999999741e-01
1.034500000000000000e+04 9.658901977999999611e-01
1.035000000000000000e+04 9.657505798000000086e-01
1.035500000000000000e+04 9.658975220000001194e-01
1.036000000000000000e+04 9.657839203000000428e-01
1.036500000000000000e+04 9.657393645999999832e-01
1.037000000000000000e+04 9.657049560999999560e-01
1.037500000000000000e+04 9.657928467000000960e-01
1.038000000000000000e+04 9.657301330999998878e-01
1.038500000000000000e+04 9.654995727999999833e-01
1.039000000000000000e+04 9.656855774000000503e-01
1.039500000000000000e+04 9.654117583999999308e-01
1.040000000000000000e+04 9.656681061000000899e-01
1.040500000000000000e+04 9.654302979000000118e-01
1.041000000000000000e+04 9.655155182000000336e-01
1.041500000000000000e+04 9.653382111000000654e-01
1.042000000000000000e+04 9.654239655000000919e-01
1.042500000000000000e+04 9.653235625999999625e-01
1.043000000000000000e+04 9.653163910000001069e-01
1.043500000000000000e+04 9.652756499999999296e-01
1.044000000000000000e+04 9.651422119000000466e-01
1.044500000000000000e+04 9.653347777999999879e-01
1.045000000000000000e+04 9.651533507999999761e-01
1.045500000000000000e+04 9.650707244999999768e-01
1.046000000000000000e+04 9.651211548000000473e-01
1.046500000000000000e+04 9.651569366000000150e-01
1.047000000000000000e+04 9.650151062000000834e-01
1.047500000000000000e+04 9.650308227999999655e-01
1.048000000000000000e+04 9.649575806000000311e-01
1.048500000000000000e+04 9.648471831999999582e-01
1.049000000000000000e+04 9.649311829000000174e-01
1.049500000000000000e+04 9.647367859000000045e-01
1.050000000000000000e+04 9.648847198000000125e-01
1.050500000000000000e+04 9.646762085000000209e-01
1.051000000000000000e+04 9.647172546000000182e-01
1.051500000000000000e+04 9.647284698000000436e-01
1.052000000000000000e+04 9.645846557999999682e-01
1.052500000000000000e+04 9.646176909999999438e-01
1.053000000000000000e+04 9.645977019999999458e-01
1.053500000000000000e+04 9.647296906000000227e-01
1.054000000000000000e+04 9.642719268999999649e-01
1.054500000000000000e+04 9.644214630000000898e-01
1.055000000000000000e+04 9.644139098999999771e-01
1.055500000000000000e+04 9.643096923999999737e-01
1.056000000000000000e+04 9.644272614000000132e-01
1.056500000000000000e+04 9.643156432999999694e-01
1.057000000000000000e+04 9.643560028000000006e-01
1.057500000000000000e+04 9.642768096999999594e-01
1.058000000000000000e+04 9.641898346000000730e-01
1.058500000000000000e+04 9.642435455000000211e-01
1.059000000000000000e+04 9.640979004000000963e-01
1.059500000000000000e+04 9.641261291999999594e-01
1.060000000000000000e+04 9.641218566999999462e-01
1.060500000000000000e+04 9.640010071000000291e-01
1.061000000000000000e+04 9.640532684000000518e-01
1.061500000000000000e+04 9.640622710999999789e-01
1.062000000000000000e+04 9.638713837000000284e-01
1.062500000000000000e+04 9.639366149999999411e-01
1.063000000000000000e+04 9.638269805999999384e-01
1.063500000000000000e+04 9.637017822000000233e-01
1.064000000000000000e+04 9.636897277999999512e-01
1.064500000000000000e+04 9.637704468000000135e-01
1.065000000000000000e+04 9.637427520999999331e-01
1.065500000000000000e+04 9.635268402000000121e-01
1.066000000000000000e+04 9.636986542000000044e-01
1.066500000000000000e+04 9.637125396999999261e-01
1.067000000000000000e+04 9.634664917000000939e-01
1.067500000000000000e+04 9.635594176999999760e-01
1.068000000000000000e+04 9.634089661000000415e-01
1.068500000000000000e+04 9.633721923999999381e-01
1.069000000000000000e+04 9.634002685999999427e-01
1.069500000000000000e+04 9.632676696999999955e-01
1.070000000000000000e+04 9.632549285999999489e-01
1.070500000000000000e+04 9.632125092000000111e-01
1.071000000000000000e+04 9.631497192000000318e-01
1.071500000000000000e+04 9.631108856000000218e-01
1.072000000000000000e+04 9.630839539000000116e-01
1.072500000000000000e+04 9.629809570000000818e-01
1.073000000000000000e+04 9.630195618000000346e-01
1.073500000000000000e+04 9.629080962999999604e-01
1.074000000000000000e+04 9.628395844000000592e-01
1.074500000000000000e+04 9.628356170999999852e-01
1.075000000000000000e+04 9.627801513999999505e-01
1.075500000000000000e+04 9.627520751999999460e-01
1.076000000000000000e+04 9.626065825999999825e-01
1.076500000000000000e+04 9.626377868999999032e-01
1.077000000000000000e+04 9.626815033000000188e-01
1.077500000000000000e+04 9.625184630999999991e-01
1.078000000000000000e+04 9.623780822999999929e-01
1.078500000000000000e+04 9.625970458999999479e-01
1.079000000000000000e+04 9.623168182000000348e-01
1.079500000000000000e+04 9.623530579000000307e-01
1.080000000000000000e+04 9.623756409000000511e-01
1.080500000000000000e+04 9.621665192000000699e-01
1.081000000000000000e+04 9.622249603000000429e-01
1.081500000000000000e+04 9.621460724000000519e-01
1.082000000000000000e+04 9.620521544999999231e-01
1.082500000000000000e+04 9.622546386999999424e-01
1.083000000000000000e+04 9.620521544999999231e-01
1.083500000000000000e+04 9.618919372999999995e-01
1.084000000000000000e+04 9.620157622999999658e-01
1.084500000000000000e+04 9.618275452000000225e-01
1.085000000000000000e+04 9.617538451999999571e-01
1.085500000000000000e+04 9.618428040000001067e-01
1.086000000000000000e+04 9.616392516999999751e-01
1.086500000000000000e+04 9.615898894999999058e-01
1.087000000000000000e+04 9.616931915000000997e-01
1.087500000000000000e+04 9.614730072000000627e-01
1.088000000000000000e+04 9.614042663999999849e-01
1.088500000000000000e+04 9.615755463000000836e-01
1.089000000000000000e+04 9.614526367000000295e-01
1.089500000000000000e+04 9.613721466000000326e-01
1.090000000000000000e+04 9.612605285999999971e-01
1.090500000000000000e+04 9.611793518000000258e-01
1.091000000000000000e+04 9.610597991999999534e-01
1.091500000000000000e+04 9.610704040999999975e-01
1.092000000000000000e+04 9.609912108999999480e-01
1.092500000000000000e+04 9.609304810000000030e-01
1.093000000000000000e+04 9.610170745999999653e-01
1.093500000000000000e+04 9.609685516000000538e-01
1.094000000000000000e+04 9.609214782999999649e-01
1.094500000000000000e+04 9.608601378999999110e-01
1.095000000000000000e+04 9.605158233999999684e-01
1.095500000000000000e+04 9.608671570000000273e-01
1.096000000000000000e+04 9.605642699999999978e-01
1.096500000000000000e+04 9.606352234000000712e-01
1.097000000000000000e+04 9.606123352000000004e-01
1.097500000000000000e+04 9.603838347999998915e-01
1.098000000000000000e+04 9.603964996000000642e-01
1.098500000000000000e+04 9.602057647999999723e-01
1.099000000000000000e+04 9.604058838000000264e-01
1.099500000000000000e+04 9.601861572000000011e-01
1.100000000000000000e+04 9.601100922000000981e-01
