3.260000000000000000e+03 9.517694073903218421e-02
3.265000000000000000e+03 1.010092329361534230e-01
3.270000000000000000e+03 1.071293146163318499e-01
3.275000000000000000e+03 1.138193299653954549e-01
3.280000000000000000e+03 1.208522620568901473e-01
3.285000000000000000e+03 1.285454000641166605e-01
3.290000000000000000e+03 1.366472348654061697e-01
3.295000000000000000e+03 1.454796666775466374e-01
3.300000000000000000e+03 1.547949438180097614e-01
3.305000000000000000e+03 1.649009514059340265e-01
3.310000000000000000e+03 1.755708155796283920e-01
3.315000000000000000e+03 1.871627925966148631e-01
3.320000000000000000e+03 1.993723437741916626e-01
3.325000000000000000e+03 2.124741522883885625e-01
3.330000000000000000e+03 2.263223437382072545e-01
3.335000000000000000e+03 2.410762469507262140e-01
3.340000000000000000e+03 2.566672590758599104e-01
3.345000000000000000e+03 2.672370424082375351e-01
3.350000000000000000e+03 2.781985354990584303e-01
3.355000000000000000e+03 2.894586009594400378e-01
3.360000000000000000e+03 3.011289686048393421e-01
3.365000000000000000e+03 3.129806813186061243e-01
3.370000000000000000e+03 3.252129342283890390e-01
3.375000000000000000e+03 3.373399988408074535e-01
3.380000000000000000e+03 3.498721317397768815e-01
3.385000000000000000e+03 3.623271848069978818e-01
3.390000000000000000e+03 3.751779324067605059e-01
3.395000000000000000e+03 3.878166706931813201e-01
3.400000000000000000e+03 4.008332769405920093e-01
3.405000000000000000e+03 4.135051567535820150e-01
3.410000000000000000e+03 4.265297745742310798e-01
3.415000000000000000e+03 4.392176621400288861e-01
3.420000000000000000e+03 4.522348820665817448e-01
3.425000000000000000e+03 4.646327394730268567e-01
3.430000000000000000e+03 4.773226330793632899e-01
3.435000000000000000e+03 4.893095119979650742e-01
3.440000000000000000e+03 5.015466758080118215e-01
3.445000000000000000e+03 5.128606735445490061e-01
3.450000000000000000e+03 5.243822231903961795e-01
3.455000000000000000e+03 5.351743250503661065e-01
3.460000000000000000e+03 5.461404340360657139e-01
3.465000000000000000e+03 5.563949751557857315e-01
3.470000000000000000e+03 5.667933083527534333e-01
3.475000000000000000e+03 5.765286083641211201e-01
3.480000000000000000e+03 5.863815537400585143e-01
3.485000000000000000e+03 5.956424422511230610e-01
3.490000000000000000e+03 6.049991062136295117e-01
3.495000000000000000e+03 6.138670886736007359e-01
3.500000000000000000e+03 6.228136536397212986e-01
3.505000000000000000e+03 6.245126849696446270e-01
3.510000000000000000e+03 6.262067286299153324e-01
3.515000000000000000e+03 6.275899431460357780e-01
3.520000000000000000e+03 6.289535531425815007e-01
3.525000000000000000e+03 6.301614116194869109e-01
3.530000000000000000e+03 6.313615043331992638e-01
3.535000000000000000e+03 6.325552858094825037e-01
3.540000000000000000e+03 6.337412527226312653e-01
3.545000000000000000e+03 6.350541817229831132e-01
3.550000000000000000e+03 6.363599347918714733e-01
3.555000000000000000e+03 6.379136512708974971e-01
3.560000000000000000e+03 6.394615688046458857e-01
3.565000000000000000e+03 6.412459733352368074e-01
3.570000000000000000e+03 6.430260106059363379e-01
3.575000000000000000e+03 6.452797545058154283e-01
3.580000000000000000e+03 6.475325035579044819e-01
3.585000000000000000e+03 6.503444436228322800e-01
3.590000000000000000e+03 6.531601221236100763e-01
3.595000000000000000e+03 6.566872739548818005e-01
3.600000000000000000e+03 6.602821396106156593e-01
3.605000000000000000e+03 6.645245875035979966e-01
3.610000000000000000e+03 6.687862997358697825e-01
3.615000000000000000e+03 6.737320443287085903e-01
3.620000000000000000e+03 6.787063865252397354e-01
3.625000000000000000e+03 6.843799729535162690e-01
3.630000000000000000e+03 6.900928577313496515e-01
3.635000000000000000e+03 6.965059509813247285e-01
3.640000000000000000e+03 7.029702024854345144e-01
3.645000000000000000e+03 7.101060869602759951e-01
3.650000000000000000e+03 7.173055073491069189e-01
3.655000000000000000e+03 7.225845930666914274e-01
3.660000000000000000e+03 7.278991958386800132e-01
3.665000000000000000e+03 7.337792132916823862e-01
3.670000000000000000e+03 7.397028557520617387e-01
3.675000000000000000e+03 7.461372165241082488e-01
3.680000000000000000e+03 7.523526762625621922e-01
3.685000000000000000e+03 7.590747543813785025e-01
3.690000000000000000e+03 7.658519672474720652e-01
3.695000000000000000e+03 7.730134256450940100e-01
3.700000000000000000e+03 7.802363984262040697e-01
3.705000000000000000e+03 7.866081244856588661e-01
3.710000000000000000e+03 7.930273153434298505e-01
3.715000000000000000e+03 7.996278836228684073e-01
3.720000000000000000e+03 8.062785553706882657e-01
3.725000000000000000e+03 8.130208754899146406e-01
3.730000000000000000e+03 8.198146078650176971e-01
3.735000000000000000e+03 8.265844851844809105e-01
3.740000000000000000e+03 8.334053407137088643e-01
3.745000000000000000e+03 8.400965597660327022e-01
3.750000000000000000e+03 8.468367711295925471e-01
3.755000000000000000e+03 8.533532889636714636e-01
3.760000000000000000e+03 8.599945803606802164e-01
3.765000000000000000e+03 8.663246584849875198e-01
3.770000000000000000e+03 8.726973153267286731e-01
3.775000000000000000e+03 8.786401976294815341e-01
3.780000000000000000e+03 8.846200435988262889e-01
3.785000000000000000e+03 8.900849496889987611e-01
3.790000000000000000e+03 8.955806440711464589e-01
3.795000000000000000e+03 9.004858911888917739e-01
3.800000000000000000e+03 9.054155512336030664e-01
3.805000000000000000e+03 9.089500693781291663e-01
3.810000000000000000e+03 9.124970034310773137e-01
3.815000000000000000e+03 9.153686572228298957e-01
3.820000000000000000e+03 9.182483109647714414e-01
3.825000000000000000e+03 9.204270760617579983e-01
3.830000000000000000e+03 9.226102041287791433e-01
3.835000000000000000e+03 9.240813186761105413e-01
3.840000000000000000e+03 9.255426915341423699e-01
3.845000000000000000e+03 9.262893318449236801e-01
3.850000000000000000e+03 9.270358629902121228e-01
3.855000000000000000e+03 9.270767742507652898e-01
3.860000000000000000e+03 9.271168184415832236e-01
3.865000000000000000e+03 9.264731581303743413e-01
3.870000000000000000e+03 9.258288121050280983e-01
3.875000000000000000e+03 9.245461104741210523e-01
3.880000000000000000e+03 9.232637039593242223e-01
3.885000000000000000e+03 9.213995196039165281e-01
3.890000000000000000e+03 9.195372116903949289e-01
3.895000000000000000e+03 9.172239460892401830e-01
3.900000000000000000e+03 9.149142572691714159e-01
3.905000000000000000e+03 9.116268911370026817e-01
3.910000000000000000e+03 9.083488619361856919e-01
3.915000000000000000e+03 9.047208252594923783e-01
3.920000000000000000e+03 9.011044515769500718e-01
3.925000000000000000e+03 8.972138863048273461e-01
3.930000000000000000e+03 8.932440010543112319e-01
3.935000000000000000e+03 8.889692957272272711e-01
3.940000000000000000e+03 8.847117528557925104e-01
3.945000000000000000e+03 8.803423879057922230e-01
3.950000000000000000e+03 8.759911916004146093e-01
3.955000000000000000e+03 8.715802844916954450e-01
3.960000000000000000e+03 8.671881223507446057e-01
3.965000000000000000e+03 8.628158368204457140e-01
3.970000000000000000e+03 8.584621817869354521e-01
3.975000000000000000e+03 8.541920045589543875e-01
3.980000000000000000e+03 8.499397862983332219e-01
3.985000000000000000e+03 8.458297337761938595e-01
3.990000000000000000e+03 8.417364787963310668e-01
3.995000000000000000e+03 8.376869666591084673e-01
4.000000000000000000e+03 8.336539240437309539e-01
4.005000000000000000e+03 8.298842040634819561e-01
4.010000000000000000e+03 8.261290842146273850e-01
4.015000000000000000e+03 8.226561857309432346e-01
4.020000000000000000e+03 8.191957672391328993e-01
4.025000000000000000e+03 8.158324334479576390e-01
4.030000000000000000e+03 8.124808891198039840e-01
4.035000000000000000e+03 8.097092290667796677e-01
4.040000000000000000e+03 8.069455875486464258e-01
4.045000000000000000e+03 8.045458775010759789e-01
4.050000000000000000e+03 8.021521751003036771e-01
4.055000000000000000e+03 8.000345832667267176e-01
4.060000000000000000e+03 7.979217472092450247e-01
4.065000000000000000e+03 7.962000234267317955e-01
4.070000000000000000e+03 7.944814185299218234e-01
4.075000000000000000e+03 7.931685185302945751e-01
4.080000000000000000e+03 7.918573901945962223e-01
4.085000000000000000e+03 7.909413709870202203e-01
4.090000000000000000e+03 7.900261554597023395e-01
4.095000000000000000e+03 7.894983180315686688e-01
4.100000000000000000e+03 7.889706673684371285e-01
4.105000000000000000e+03 7.888336952225917242e-01
4.110000000000000000e+03 7.886966238211778890e-01
4.115000000000000000e+03 7.889448930082989531e-01
4.120000000000000000e+03 7.891931112106830293e-01
4.125000000000000000e+03 7.898111688885938175e-01
4.130000000000000000e+03 7.904295306599735671e-01
4.135000000000000000e+03 7.914342044753601702e-01
4.140000000000000000e+03 7.924398564111252430e-01
4.145000000000000000e+03 7.937675824414960335e-01
4.150000000000000000e+03 7.950971312726883289e-01
4.155000000000000000e+03 7.967380854422270176e-01
4.160000000000000000e+03 7.983818747297641849e-01
4.165000000000000000e+03 8.003126772848435655e-01
4.170000000000000000e+03 8.022474303102262727e-01
4.175000000000000000e+03 8.044428321181322783e-01
4.180000000000000000e+03 8.066433467612285080e-01
4.185000000000000000e+03 8.090662231186011022e-01
4.190000000000000000e+03 8.114953135385450933e-01
4.195000000000000000e+03 8.141246222194148396e-01
4.200000000000000000e+03 8.167612182060487447e-01
4.205000000000000000e+03 8.195388575823379096e-01
4.210000000000000000e+03 8.223245449577728516e-01
4.215000000000000000e+03 8.252492465484831952e-01
4.220000000000000000e+03 8.281828134456002966e-01
4.225000000000000000e+03 8.312088104793271537e-01
4.230000000000000000e+03 8.342442277350416990e-01
4.235000000000000000e+03 8.373372951109367968e-01
4.240000000000000000e+03 8.404401235068725828e-01
4.245000000000000000e+03 8.435813363509760965e-01
4.250000000000000000e+03 8.467325276540197398e-01
4.255000000000000000e+03 8.498894747374655667e-01
4.260000000000000000e+03 8.530564065411839758e-01
4.265000000000000000e+03 8.562111639037726096e-01
4.270000000000000000e+03 8.593757924825128347e-01
4.275000000000000000e+03 8.624827282524785144e-01
4.280000000000000000e+03 8.655991376463199050e-01
4.285000000000000000e+03 8.686140504697411613e-01
4.290000000000000000e+03 8.716377849584294735e-01
4.295000000000000000e+03 8.745462279774735004e-01
4.300000000000000000e+03 8.774627835894437400e-01
4.305000000000000000e+03 8.802376743551409977e-01
4.310000000000000000e+03 8.830198556810281429e-01
4.315000000000000000e+03 8.856360383060173369e-01
4.320000000000000000e+03 8.882586101593414885e-01
4.325000000000000000e+03 8.906935295003833852e-01
4.330000000000000000e+03 8.931338955364251930e-01
4.335000000000000000e+03 8.953672967370628344e-01
4.340000000000000000e+03 8.976051942810023831e-01
4.345000000000000000e+03 8.996197509742874798e-01
4.350000000000000000e+03 9.016378814815161347e-01
4.355000000000000000e+03 9.034217908571716693e-01
4.360000000000000000e+03 9.052084180538981784e-01
4.365000000000000000e+03 9.067475777659377290e-01
4.370000000000000000e+03 9.082886714987853383e-01
4.375000000000000000e+03 9.095740405270898998e-01
4.380000000000000000e+03 9.108606655538644681e-01
4.385000000000000000e+03 9.118864851563761587e-01
4.390000000000000000e+03 9.129130034983936604e-01
4.395000000000000000e+03 9.136774260502331657e-01
4.400000000000000000e+03 9.144421225906519402e-01
4.405000000000000000e+03 9.149457765850377289e-01
4.410000000000000000e+03 9.154494155349137685e-01
4.415000000000000000e+03 9.156965206959892800e-01
4.420000000000000000e+03 9.159434557367985841e-01
4.425000000000000000e+03 9.159393242472825269e-01
4.430000000000000000e+03 9.159349941592584976e-01
4.435000000000000000e+03 9.156901062164644056e-01
4.440000000000000000e+03 9.154451061439767834e-01
4.445000000000000000e+03 9.149795999159120452e-01
4.450000000000000000e+03 9.145141610880668237e-01
4.455000000000000000e+03 9.138353379507095919e-01
4.460000000000000000e+03 9.131568411336303814e-01
4.465000000000000000e+03 9.123173202634243806e-01
4.470000000000000000e+03 9.114783867572725518e-01
4.475000000000000000e+03 9.104650746510379866e-01
4.480000000000000000e+03 9.094526795570060385e-01
4.485000000000000000e+03 9.082803756823951691e-01
4.490000000000000000e+03 9.071093411874119328e-01
4.495000000000000000e+03 9.057372451741758645e-01
4.500000000000000000e+03 9.043669226104795733e-01
4.505000000000000000e+03 9.028666446359777664e-01
4.510000000000000000e+03 9.013685107844440214e-01
4.515000000000000000e+03 8.997918192493093992e-01
4.520000000000000000e+03 8.982175127334817155e-01
4.525000000000000000e+03 8.965549265662200451e-01
4.530000000000000000e+03 8.948950060953361207e-01
4.535000000000000000e+03 8.931317095598126921e-01
4.540000000000000000e+03 8.913714225960250870e-01
4.545000000000000000e+03 8.895586728507783869e-01
4.550000000000000000e+03 8.877491118760920674e-01
4.555000000000000000e+03 8.859230295644064945e-01
4.560000000000000000e+03 8.841001877208821691e-01
4.565000000000000000e+03 8.822620767575980461e-01
4.570000000000000000e+03 8.804272512574139453e-01
4.575000000000000000e+03 8.786642941978445309e-01
4.580000000000000000e+03 8.769043561571627787e-01
4.585000000000000000e+03 8.751617004782371589e-01
4.590000000000000000e+03 8.734219899733588477e-01
4.595000000000000000e+03 8.717137647608602657e-01
4.600000000000000000e+03 8.700083617457162743e-01
4.605000000000000000e+03 8.683435445938599839e-01
4.610000000000000000e+03 8.666813703907295663e-01
4.615000000000000000e+03 8.650775153136631701e-01
4.620000000000000000e+03 8.634760960936272989e-01
4.625000000000000000e+03 8.619287724651357729e-01
4.630000000000000000e+03 8.603836966809749187e-01
4.635000000000000000e+03 8.589205563774114927e-01
4.640000000000000000e+03 8.574594003468856140e-01
4.645000000000000000e+03 8.561505302455613142e-01
4.650000000000000000e+03 8.548432098428329073e-01
4.655000000000000000e+03 8.536310367989484726e-01
4.660000000000000000e+03 8.524201585053784447e-01
4.665000000000000000e+03 8.513113705171880818e-01
4.670000000000000000e+03 8.502036268372737959e-01
4.675000000000000000e+03 8.491641078267506693e-01
4.680000000000000000e+03 8.481254701311137234e-01
4.685000000000000000e+03 8.472036140171543828e-01
4.690000000000000000e+03 8.462823994480758172e-01
4.695000000000000000e+03 8.454703680059835191e-01
4.700000000000000000e+03 8.446587795810303056e-01
4.705000000000000000e+03 8.439743480373155249e-01
4.710000000000000000e+03 8.432901636571044079e-01
4.715000000000000000e+03 8.427805512519529474e-01
4.720000000000000000e+03 8.422709848379296149e-01
4.725000000000000000e+03 8.418826322523897954e-01
4.730000000000000000e+03 8.414942187302115739e-01
4.735000000000000000e+03 8.412272258588312512e-01
4.740000000000000000e+03 8.409600980790478131e-01
4.745000000000000000e+03 8.407862832770831574e-01
4.750000000000000000e+03 8.406122939058092713e-01
4.755000000000000000e+03 8.405637579416604943e-01
4.760000000000000000e+03 8.405150312689210201e-01
4.765000000000000000e+03 8.406103036879705170e-01
4.770000000000000000e+03 8.407054137499149205e-01
4.775000000000000000e+03 8.409109152576782487e-01
4.780000000000000000e+03 8.411163045455423148e-01
4.785000000000000000e+03 8.414316180952235991e-01
4.790000000000000000e+03 8.417468943808746884e-01
4.795000000000000000e+03 8.421557217461791423e-01
4.800000000000000000e+03 8.425645934443876106e-01
4.805000000000000000e+03 8.430792447602976081e-01
4.810000000000000000e+03 8.435940590584266596e-01
4.815000000000000000e+03 8.442175949854543449e-01
4.820000000000000000e+03 8.448414435994986427e-01
4.825000000000000000e+03 8.455561635333059822e-01
4.830000000000000000e+03 8.462733549820119494e-01
4.835000000000000000e+03 8.470804616930567299e-01
4.840000000000000000e+03 8.478881840645121626e-01
4.845000000000000000e+03 8.487747908391317653e-01
4.850000000000000000e+03 8.496621636772461184e-01
4.855000000000000000e+03 8.506175724248398184e-01
4.860000000000000000e+03 8.515738896691096294e-01
4.865000000000000000e+03 8.525945694500109973e-01
4.870000000000000000e+03 8.536163008944156472e-01
4.875000000000000000e+03 8.546963136254223103e-01
4.880000000000000000e+03 8.557775126606076421e-01
4.885000000000000000e+03 8.569096462694129057e-01
4.890000000000000000e+03 8.580430890487490414e-01
4.895000000000000000e+03 8.592621218558474938e-01
4.900000000000000000e+03 8.604826745762654827e-01
4.905000000000000000e+03 8.617430825530619787e-01
4.910000000000000000e+03 8.630051142864700875e-01
4.915000000000000000e+03 8.642391071505516331e-01
4.920000000000000000e+03 8.654746538550011081e-01
4.925000000000000000e+03 8.667307182804627752e-01
4.930000000000000000e+03 8.679883875637590673e-01
4.935000000000000000e+03 8.692592543141816064e-01
4.940000000000000000e+03 8.705317569235121455e-01
4.945000000000000000e+03 8.718384949589841337e-01
4.950000000000000000e+03 8.731469534436395730e-01
4.955000000000000000e+03 8.744552848287716618e-01
4.960000000000000000e+03 8.757653298204093328e-01
4.965000000000000000e+03 8.770679266692666953e-01
4.970000000000000000e+03 8.783722100727061610e-01
4.975000000000000000e+03 8.796556462752407324e-01
4.980000000000000000e+03 8.809407059992274691e-01
4.985000000000000000e+03 8.822046409744804807e-01
4.990000000000000000e+03 8.834701357791505671e-01
4.995000000000000000e+03 8.847122893961300027e-01
5.000000000000000000e+03 8.859559348308317928e-01
5.005000000000000000e+03 8.871195347155976796e-01
5.010000000000000000e+03 8.882844102666297426e-01
5.015000000000000000e+03 8.894102855063726887e-01
5.020000000000000000e+03 8.905373371258072934e-01
5.025000000000000000e+03 8.915943386489051381e-01
5.030000000000000000e+03 8.926523563208633716e-01
5.035000000000000000e+03 8.936610407645746434e-01
5.040000000000000000e+03 8.946706311761073449e-01
5.045000000000000000e+03 8.956266725184414135e-01
5.050000000000000000e+03 8.965835070932510753e-01
5.055000000000000000e+03 8.975057254093776749e-01
5.060000000000000000e+03 8.984286629130510127e-01
5.065000000000000000e+03 8.992895843351518259e-01
5.070000000000000000e+03 9.001511087981411974e-01
5.075000000000000000e+03 9.009469679240305062e-01
5.080000000000000000e+03 9.017433165998560707e-01
5.085000000000000000e+03 9.024618018093140126e-01
5.090000000000000000e+03 9.031806509962998497e-01
5.095000000000000000e+03 9.038246648945005290e-01
5.100000000000000000e+03 9.044689385040908247e-01
5.105000000000000000e+03 9.050492244927847985e-01
5.110000000000000000e+03 9.056296960571976751e-01
5.115000000000000000e+03 9.061349216982618193e-01
5.120000000000000000e+03 9.066402519354002099e-01
5.125000000000000000e+03 9.070686261693619024e-01
5.130000000000000000e+03 9.074970345864060706e-01
5.135000000000000000e+03 9.078287800052192713e-01
5.140000000000000000e+03 9.081604918562076190e-01
5.145000000000000000e+03 9.084154688050417592e-01
5.150000000000000000e+03 9.086703706577041739e-01
5.155000000000000000e+03 9.088482854401245259e-01
5.160000000000000000e+03 9.090260961050926625e-01
5.165000000000000000e+03 9.091437191280739016e-01
5.170000000000000000e+03 9.092612227768419597e-01
5.175000000000000000e+03 9.093005757799447197e-01
5.180000000000000000e+03 9.093398030300466894e-01
5.185000000000000000e+03 9.093019843049799933e-01
5.190000000000000000e+03 9.092640456039216001e-01
5.195000000000000000e+03 9.091363823481960482e-01
5.200000000000000000e+03 9.090086225321435398e-01
5.205000000000000000e+03 9.088084024520060034e-01
5.210000000000000000e+03 9.086081158291484661e-01
5.215000000000000000e+03 9.083365474152257368e-01
5.220000000000000000e+03 9.080649526317589038e-01
5.225000000000000000e+03 9.077409158600773242e-01
5.230000000000000000e+03 9.074168899330575799e-01
5.235000000000000000e+03 9.070248469924603318e-01
5.240000000000000000e+03 9.066328705168128499e-01
5.245000000000000000e+03 9.061757025000795052e-01
5.250000000000000000e+03 9.057186623906899881e-01
5.255000000000000000e+03 9.051839952098048592e-01
5.260000000000000000e+03 9.046495386979823694e-01
5.265000000000000000e+03 9.040558574623394072e-01
5.270000000000000000e+03 9.034624592513252894e-01
5.275000000000000000e+03 9.028129115376299918e-01
5.280000000000000000e+03 9.021637215768856244e-01
5.285000000000000000e+03 9.014691623877657545e-01
5.290000000000000000e+03 9.007750271215142490e-01
5.295000000000000000e+03 9.000315594823397047e-01
5.300000000000000000e+03 8.992885907972653081e-01
5.305000000000000000e+03 8.984994448745818874e-01
5.310000000000000000e+03 8.977108717239048463e-01
5.315000000000000000e+03 8.968754045104859740e-01
5.320000000000000000e+03 8.960405879628650094e-01
5.325000000000000000e+03 8.951645333685867012e-01
5.330000000000000000e+03 8.942892023343058661e-01
5.335000000000000000e+03 8.933762603591625107e-01
5.340000000000000000e+03 8.924641105042476763e-01
5.345000000000000000e+03 8.915236981487347778e-01
5.350000000000000000e+03 8.905841318232520232e-01
5.355000000000000000e+03 8.896155018993145980e-01
5.360000000000000000e+03 8.886477735522699817e-01
5.365000000000000000e+03 8.876536988514840409e-01
5.370000000000000000e+03 8.866605767558685125e-01
5.375000000000000000e+03 8.856461511406534814e-01
5.380000000000000000e+03 8.846327192749436907e-01
5.385000000000000000e+03 8.835990914398536011e-01
5.390000000000000000e+03 8.825664973007776304e-01
5.395000000000000000e+03 8.815166430911777207e-01
5.400000000000000000e+03 8.804678564217960357e-01
5.405000000000000000e+03 8.794316440173093330e-01
5.410000000000000000e+03 8.783964709846331376e-01
5.415000000000000000e+03 8.773517932323339208e-01
5.420000000000000000e+03 8.763081716731179194e-01
5.425000000000000000e+03 8.752575155885090608e-01
5.430000000000000000e+03 8.742079268788200963e-01
5.435000000000000000e+03 8.731539804902263002e-01
5.440000000000000000e+03 8.721011067688364538e-01
5.445000000000000000e+03 8.710194078901748460e-01
5.450000000000000000e+03 8.699388375195740153e-01
5.455000000000000000e+03 8.688588758707439519e-01
5.460000000000000000e+03 8.677800369879686837e-01
5.465000000000000000e+03 8.666746750422653633e-01
5.470000000000000000e+03 8.655704986381851374e-01
5.475000000000000000e+03 8.644815740703775120e-01
5.480000000000000000e+03 8.633937977248355988e-01
5.485000000000000000e+03 8.623142827622015671e-01
5.490000000000000000e+03 8.612358933539253636e-01
5.495000000000000000e+03 8.601678586525144388e-01
5.500000000000000000e+03 8.591009223858376842e-01
5.505000000000000000e+03 8.580369110358625484e-01
5.510000000000000000e+03 8.569739876742357154e-01
5.515000000000000000e+03 8.559255874808369136e-01
5.520000000000000000e+03 8.548782399507535157e-01
5.525000000000000000e+03 8.538474717207730214e-01
5.530000000000000000e+03 8.528177176574507357e-01
5.535000000000000000e+03 8.518313892069491189e-01
5.540000000000000000e+03 8.508459826158736306e-01
5.545000000000000000e+03 8.498797991502924365e-01
5.550000000000000000e+03 8.489144963135806243e-01
5.555000000000000000e+03 8.479698876875779723e-01
5.560000000000000000e+03 8.470261164365858741e-01
5.565000000000000000e+03 8.461045046682241777e-01
5.570000000000000000e+03 8.451836859790236023e-01
5.575000000000000000e+03 8.442704785113605004e-01
5.580000000000000000e+03 8.433580485051603848e-01
5.585000000000000000e+03 8.424702058205155719e-01
5.590000000000000000e+03 8.415830944278709369e-01
5.595000000000000000e+03 8.407218502031422735e-01
5.600000000000000000e+03 8.398612901279466358e-01
5.605000000000000000e+03 8.390273609137929300e-01
5.610000000000000000e+03 8.381940694547218573e-01
5.615000000000000000e+03 8.373881720227956960e-01
5.620000000000000000e+03 8.365828665002220665e-01
5.625000000000000000e+03 8.358059329000738780e-01
5.630000000000000000e+03 8.350295461288822496e-01
5.635000000000000000e+03 8.342962212797513377e-01
5.640000000000000000e+03 8.335633775740719509e-01
5.645000000000000000e+03 8.328598622428815546e-01
5.650000000000000000e+03 8.321567864759497057e-01
5.655000000000000000e+03 8.314829169855710855e-01
5.660000000000000000e+03 8.308094479562420087e-01
5.665000000000000000e+03 8.301656626146858287e-01
5.670000000000000000e+03 8.295222400938040419e-01
5.675000000000000000e+03 8.288958117721070273e-01
5.680000000000000000e+03 8.282697272444545789e-01
5.685000000000000000e+03 8.276744742088427698e-01
5.690000000000000000e+03 8.270795293724975128e-01
5.695000000000000000e+03 8.265155195493779638e-01
5.700000000000000000e+03 8.259517843511351431e-01
5.705000000000000000e+03 8.254288454241699435e-01
5.710000000000000000e+03 8.249061399727201094e-01
5.715000000000000000e+03 8.244130182073264868e-01
5.720000000000000000e+03 8.239201025266601475e-01
5.725000000000000000e+03 8.234564692033865541e-01
5.730000000000000000e+03 8.229930168990324812e-01
5.735000000000000000e+03 8.225589269292618022e-01
5.740000000000000000e+03 8.221249945744631971e-01
5.745000000000000000e+03 8.217253753034576835e-01
5.750000000000000000e+03 8.213258870785320465e-01
5.755000000000000000e+03 8.209567302634277475e-01
5.760000000000000000e+03 8.205876841885880735e-01
5.765000000000000000e+03 8.202485563679235980e-01
5.770000000000000000e+03 8.199095211275798656e-01
5.775000000000000000e+03 8.196005405638511210e-01
5.780000000000000000e+03 8.192916358435589075e-01
5.785000000000000000e+03 8.190045910976412324e-01
5.790000000000000000e+03 8.187176126430462109e-01
5.795000000000000000e+03 8.184597184829446315e-01
5.800000000000000000e+03 8.182018774270108930e-01
5.805000000000000000e+03 8.179482204885678565e-01
5.810000000000000000e+03 8.176946187982897518e-01
5.815000000000000000e+03 8.174681483090211476e-01
5.820000000000000000e+03 8.172417218498879699e-01
5.825000000000000000e+03 8.170423612840772565e-01
5.830000000000000000e+03 8.168430347872392971e-01
5.835000000000000000e+03 8.166706737078789358e-01
5.840000000000000000e+03 8.164983375326035908e-01
5.845000000000000000e+03 8.163524489214093460e-01
5.850000000000000000e+03 8.162065775292838277e-01
5.855000000000000000e+03 8.160985428721578838e-01
5.860000000000000000e+03 8.159905157511001539e-01
5.865000000000000000e+03 8.159087022835960212e-01
5.870000000000000000e+03 8.158268913397611621e-01
5.875000000000000000e+03 8.157713691695874791e-01
5.880000000000000000e+03 8.157158456672327640e-01
5.885000000000000000e+03 8.156866454935139954e-01
5.890000000000000000e+03 8.156574410322801061e-01
5.895000000000000000e+03 8.156469601696578753e-01
5.900000000000000000e+03 8.156364728336134018e-01
5.905000000000000000e+03 8.156519238120495396e-01
5.910000000000000000e+03 8.156673668179250658e-01
5.915000000000000000e+03 8.157075748253801439e-01
5.920000000000000000e+03 8.157477742238775642e-01
5.925000000000000000e+03 8.158051694928910580e-01
5.930000000000000000e+03 8.158625556768207554e-01
5.935000000000000000e+03 8.159431144417305104e-01
5.940000000000000000e+03 8.160236642755559489e-01
5.945000000000000000e+03 8.161268848681720867e-01
5.950000000000000000e+03 8.162300978823909814e-01
5.955000000000000000e+03 8.163557738748373760e-01
5.960000000000000000e+03 8.164814441593761796e-01
5.965000000000000000e+03 8.166404459253356896e-01
5.970000000000000000e+03 8.167994478065314645e-01
5.975000000000000000e+03 8.169798353819573977e-01
5.980000000000000000e+03 8.171602266366714273e-01
5.985000000000000000e+03 8.173618832795874756e-01
5.990000000000000000e+03 8.175635473947737708e-01
5.995000000000000000e+03 8.177856454313403578e-01
6.000000000000000000e+03 8.180077552566391574e-01
6.005000000000000000e+03 8.182386652570501351e-01
6.010000000000000000e+03 8.184695865721393071e-01
6.015000000000000000e+03 8.187205729407438515e-01
6.020000000000000000e+03 8.189715757127337126e-01
6.025000000000000000e+03 8.192422331566090454e-01
6.030000000000000000e+03 8.195129126643151407e-01
6.035000000000000000e+03 8.198029208648395239e-01
6.040000000000000000e+03 8.200929577125430914e-01
6.045000000000000000e+03 8.203977141967636610e-01
6.050000000000000000e+03 8.207025039422211066e-01
6.055000000000000000e+03 8.210259711013203621e-01
6.060000000000000000e+03 8.213494782890540247e-01
6.065000000000000000e+03 8.216906259131765422e-01
6.070000000000000000e+03 8.220318213002629770e-01
6.075000000000000000e+03 8.223906286598429149e-01
6.080000000000000000e+03 8.227494916328706998e-01
6.085000000000000000e+03 8.231295610628431847e-01
6.090000000000000000e+03 8.235096974379620960e-01
6.095000000000000000e+03 8.239070603885488842e-01
6.100000000000000000e+03 8.243044998860408201e-01
6.105000000000000000e+03 8.247184261988554921e-01
6.110000000000000000e+03 8.251324387215925871e-01
6.115000000000000000e+03 8.255629576884573328e-01
6.120000000000000000e+03 8.259935735948534807e-01
6.125000000000000000e+03 8.264495003739845691e-01
6.130000000000000000e+03 8.269055430040072041e-01
6.135000000000000000e+03 8.273767514052633443e-01
6.140000000000000000e+03 8.278480866584659870e-01
6.145000000000000000e+03 8.283343581746163142e-01
6.150000000000000000e+03 8.288207684900867900e-01
6.155000000000000000e+03 8.293216743081659459e-01
6.160000000000000000e+03 8.298227309204376789e-01
6.165000000000000000e+03 8.303238166087827388e-01
6.170000000000000000e+03 8.308250523807274579e-01
6.175000000000000000e+03 8.313404004040169104e-01
6.180000000000000000e+03 8.318559113213073175e-01
6.185000000000000000e+03 8.323847146193653623e-01
6.190000000000000000e+03 8.329136938259660283e-01
6.195000000000000000e+03 8.334560790535977537e-01
6.200000000000000000e+03 8.339986538833926710e-01
6.205000000000000000e+03 8.345798285958656582e-01
6.210000000000000000e+03 8.351612422706011785e-01
6.215000000000000000e+03 8.357549694253302297e-01
6.220000000000000000e+03 8.363489502388956609e-01
6.225000000000000000e+03 8.369549802763912583e-01
6.230000000000000000e+03 8.375612790056528034e-01
6.235000000000000000e+03 8.381791055614018493e-01
6.240000000000000000e+03 8.387972162791702546e-01
6.245000000000000000e+03 8.394287278281018505e-01
6.250000000000000000e+03 8.400605411775285969e-01
6.255000000000000000e+03 8.407025858829800802e-01
6.260000000000000000e+03 8.413449471309790706e-01
6.265000000000000000e+03 8.419975318101164952e-01
6.270000000000000000e+03 8.426504485005367195e-01
6.275000000000000000e+03 8.433131531014053106e-01
6.280000000000000000e+03 8.439762050380924530e-01
6.285000000000000000e+03 8.446486502541276087e-01
6.290000000000000000e+03 8.453214580082293317e-01
6.295000000000000000e+03 8.459959121320763664e-01
6.300000000000000000e+03 8.466707344179462691e-01
6.305000000000000000e+03 8.473544113787310206e-01
6.310000000000000000e+03 8.480384718823105183e-01
6.315000000000000000e+03 8.487305150643524865e-01
6.320000000000000000e+03 8.494229560464851003e-01
6.325000000000000000e+03 8.501235437796461625e-01
6.330000000000000000e+03 8.508245446672237922e-01
6.335000000000000000e+03 8.515390928091257638e-01
6.340000000000000000e+03 8.522540770106050712e-01
6.345000000000000000e+03 8.529756416825737819e-01
6.350000000000000000e+03 8.536976555079837103e-01
6.355000000000000000e+03 8.544259350548054632e-01
6.360000000000000000e+03 8.551546772765822313e-01
6.365000000000000000e+03 8.558888489751111939e-01
6.370000000000000000e+03 8.566234954888251041e-01
6.375000000000000000e+03 8.573556377031954501e-01
6.380000000000000000e+03 8.580882556582998255e-01
6.385000000000000000e+03 8.588254348616248812e-01
6.390000000000000000e+03 8.595631010013959905e-01
6.395000000000000000e+03 8.603049606063557508e-01
6.400000000000000000e+03 8.610473180563769091e-01
6.405000000000000000e+03 8.617931950110735428e-01
6.410000000000000000e+03 8.625395792378367510e-01
6.415000000000000000e+03 8.632891547879533167e-01
6.420000000000000000e+03 8.640392466283761674e-01
6.425000000000000000e+03 8.648018272118742633e-01
6.430000000000000000e+03 8.655649466169729189e-01
6.435000000000000000e+03 8.663295143240808960e-01
6.440000000000000000e+03 8.670946273505506507e-01
6.445000000000000000e+03 8.678601054326758879e-01
6.450000000000000000e+03 8.686261335313179011e-01
6.455000000000000000e+03 8.693921885068270905e-01
6.460000000000000000e+03 8.701587974264000103e-01
6.465000000000000000e+03 8.709115227114260227e-01
6.470000000000000000e+03 8.716647853556317438e-01
6.475000000000000000e+03 8.724176296298381539e-01
6.480000000000000000e+03 8.731710144320029565e-01
6.485000000000000000e+03 8.739230587698628705e-01
6.490000000000000000e+03 8.746756450927496429e-01
6.495000000000000000e+03 8.754264082160262417e-01
6.500000000000000000e+03 8.761777138547621746e-01
6.505000000000000000e+03 8.769268883148981786e-01
6.510000000000000000e+03 8.776766051818043479e-01
6.515000000000000000e+03 8.784334025013139646e-01
6.520000000000000000e+03 8.791907556493646636e-01
6.525000000000000000e+03 8.799439897108135566e-01
6.530000000000000000e+03 8.806977760245265907e-01
6.535000000000000000e+03 8.814466346506999450e-01
6.540000000000000000e+03 8.821960404630698749e-01
6.545000000000000000e+03 8.829398356278034266e-01
6.550000000000000000e+03 8.836841715648111606e-01
6.555000000000000000e+03 8.844131621045216995e-01
6.560000000000000000e+03 8.851426725735362933e-01
6.565000000000000000e+03 8.858654941856458631e-01
6.570000000000000000e+03 8.865888276760455211e-01
6.575000000000000000e+03 8.873050082717063303e-01
6.580000000000000000e+03 8.880216916538796745e-01
6.585000000000000000e+03 8.887303477083116077e-01
6.590000000000000000e+03 8.894394961578644399e-01
6.595000000000000000e+03 8.901403248737641549e-01
6.600000000000000000e+03 8.908416349172635362e-01
6.605000000000000000e+03 8.915491978487092295e-01
6.610000000000000000e+03 8.922572533274868434e-01
6.615000000000000000e+03 8.929553826666076777e-01
6.620000000000000000e+03 8.936539908061992277e-01
6.625000000000000000e+03 8.943416952289203747e-01
6.630000000000000000e+03 8.950298629844004594e-01
6.635000000000000000e+03 8.957066407482858761e-01
6.640000000000000000e+03 8.963838659421409227e-01
6.645000000000000000e+03 8.970493904118905792e-01
6.650000000000000000e+03 8.977153460408865415e-01
6.655000000000000000e+03 8.983650309745081497e-01
6.660000000000000000e+03 8.990151243825873495e-01
6.665000000000000000e+03 8.996525276584229625e-01
6.670000000000000000e+03 9.002903224019462858e-01
6.675000000000000000e+03 9.009142972312207398e-01
6.680000000000000000e+03 9.015386449053458540e-01
6.685000000000000000e+03 9.021486720612941212e-01
6.690000000000000000e+03 9.027590524865554134e-01
6.695000000000000000e+03 9.033542514464664164e-01
6.700000000000000000e+03 9.039497837186548646e-01
6.705000000000000000e+03 9.045325712924218164e-01
6.710000000000000000e+03 9.051156750089971448e-01
6.715000000000000000e+03 9.056822767868406565e-01
6.720000000000000000e+03 9.062491735146080973e-01
6.725000000000000000e+03 9.067988322815887514e-01
6.730000000000000000e+03 9.073487644462923107e-01
6.735000000000000000e+03 9.078809992510151750e-01
6.740000000000000000e+03 9.084134860778462217e-01
6.745000000000000000e+03 9.089242920949854865e-01
6.750000000000000000e+03 9.094353253679368088e-01
6.755000000000000000e+03 9.099280508699688630e-01
6.760000000000000000e+03 9.104209826601805666e-01
6.765000000000000000e+03 9.108949199806187780e-01
6.770000000000000000e+03 9.113690424816909275e-01
6.775000000000000000e+03 9.118239378566584952e-01
6.780000000000000000e+03 9.122789976469247719e-01
6.785000000000000000e+03 9.127140472247287084e-01
6.790000000000000000e+03 9.131492406214981594e-01
6.795000000000000000e+03 9.135648087919624460e-01
6.800000000000000000e+03 9.139805009175513417e-01
6.805000000000000000e+03 9.143751689608811128e-01
6.810000000000000000e+03 9.147699409875861276e-01
6.815000000000000000e+03 9.151433667694279794e-01
6.820000000000000000e+03 9.155168769636120585e-01
6.825000000000000000e+03 9.158681183467732856e-01
6.830000000000000000e+03 9.162194254661788495e-01
6.835000000000000000e+03 9.165482805004356859e-01
6.840000000000000000e+03 9.168771828884579866e-01
6.845000000000000000e+03 9.171848410010134955e-01
6.850000000000000000e+03 9.174925297197208396e-01
6.855000000000000000e+03 9.177769477873554127e-01
6.860000000000000000e+03 9.180613797106204066e-01
6.865000000000000000e+03 9.183228264341841696e-01
6.870000000000000000e+03 9.185842714904246531e-01
6.875000000000000000e+03 9.188216782170465224e-01
6.880000000000000000e+03 9.190590688935734720e-01
6.885000000000000000e+03 9.192726165324857091e-01
6.890000000000000000e+03 9.194861347932711260e-01
6.895000000000000000e+03 9.196752706232486085e-01
6.900000000000000000e+03 9.198643645176608485e-01
6.905000000000000000e+03 9.200275927244887519e-01
6.910000000000000000e+03 9.201907678231829868e-01
6.915000000000000000e+03 9.203291801155355500e-01
6.920000000000000000e+03 9.204675297209841123e-01
6.925000000000000000e+03 9.205809524775093733e-01
6.930000000000000000e+03 9.206943039236819004e-01
6.935000000000000000e+03 9.207825700629757026e-01
6.940000000000000000e+03 9.208707576139144590e-01
6.945000000000000000e+03 9.209335156833147185e-01
6.950000000000000000e+03 9.209961894712229702e-01
6.955000000000000000e+03 9.210336536451453338e-01
6.960000000000000000e+03 9.210710291727285393e-01
6.965000000000000000e+03 9.210827631533121673e-01
6.970000000000000000e+03 9.210944055683586429e-01
6.975000000000000000e+03 9.210805853611876426e-01
6.980000000000000000e+03 9.210666719297084803e-01
6.985000000000000000e+03 9.210269184337583903e-01
6.990000000000000000e+03 9.209870721538810923e-01
6.995000000000000000e+03 9.209217537945544318e-01
7.000000000000000000e+03 9.208563441876564948e-01
7.005000000000000000e+03 9.207564315233552898e-01
7.010000000000000000e+03 9.206564296960654259e-01
7.015000000000000000e+03 9.205308229157359579e-01
7.020000000000000000e+03 9.204051320870992869e-01
7.025000000000000000e+03 9.202509737268983470e-01
7.030000000000000000e+03 9.200967418504361062e-01
7.035000000000000000e+03 9.199171154606069489e-01
7.040000000000000000e+03 9.197374237713101808e-01
7.045000000000000000e+03 9.195404827136253179e-01
7.050000000000000000e+03 9.193434811421364872e-01
7.055000000000000000e+03 9.191215765989916298e-01
7.060000000000000000e+03 9.188996214924441963e-01
7.065000000000000000e+03 9.186419802673190249e-01
7.070000000000000000e+03 9.183843070908949136e-01
7.075000000000000000e+03 9.181015027378450766e-01
7.080000000000000000e+03 9.178186801700057851e-01
7.085000000000000000e+03 9.175109856690457644e-01
7.090000000000000000e+03 9.172032878730304040e-01
7.095000000000000000e+03 9.168734280626216204e-01
7.100000000000000000e+03 9.165435804113492013e-01
7.105000000000000000e+03 9.161899859473550123e-01
7.110000000000000000e+03 9.158364204539131137e-01
7.115000000000000000e+03 9.154688445089737003e-01
7.120000000000000000e+03 9.151013073761922190e-01
7.125000000000000000e+03 9.147106851876688483e-01
7.130000000000000000e+03 9.143201202463749899e-01
7.135000000000000000e+03 9.138886622510546953e-01
7.140000000000000000e+03 9.134572956462975180e-01
7.145000000000000000e+03 9.130028920340469423e-01
7.150000000000000000e+03 9.125486014742729690e-01
7.155000000000000000e+03 9.120906983773802157e-01
7.160000000000000000e+03 9.116329140592372982e-01
7.165000000000000000e+03 9.111536833464924934e-01
7.170000000000000000e+03 9.106745931582124198e-01
7.175000000000000000e+03 9.101663425246646622e-01
7.180000000000000000e+03 9.096582643531156975e-01
7.185000000000000000e+03 9.091293458294880114e-01
7.190000000000000000e+03 9.086006232594754373e-01
7.195000000000000000e+03 9.080516130065435787e-01
7.200000000000000000e+03 9.075028223547548789e-01
7.205000000000000000e+03 9.069429438807659061e-01
7.210000000000000000e+03 9.063832982018291684e-01
7.215000000000000000e+03 9.058044602405781465e-01
7.220000000000000000e+03 9.052258790703832103e-01
7.225000000000000000e+03 9.046072223673113921e-01
7.230000000000000000e+03 9.039888717679239738e-01
7.235000000000000000e+03 9.033518212778517409e-01
7.240000000000000000e+03 9.027151027161803842e-01
7.245000000000000000e+03 9.020827168187425249e-01
7.250000000000000000e+03 9.014506605038834497e-01
7.255000000000000000e+03 9.008020327694097329e-01
7.260000000000000000e+03 9.001537585655737805e-01
7.265000000000000000e+03 8.994795632395184981e-01
7.270000000000000000e+03 8.988057590267329866e-01
7.275000000000000000e+03 8.981161306569021008e-01
7.280000000000000000e+03 8.974269172557558516e-01
7.285000000000000000e+03 8.967223383568049266e-01
7.290000000000000000e+03 8.960181985094767265e-01
7.295000000000000000e+03 8.953098237107721680e-01
7.300000000000000000e+03 8.946018960505055517e-01
7.305000000000000000e+03 8.938803616046859801e-01
7.310000000000000000e+03 8.931592961457477386e-01
7.315000000000000000e+03 8.924011357365477792e-01
7.320000000000000000e+03 8.916435008482718194e-01
7.325000000000000000e+03 8.908732890267929694e-01
7.330000000000000000e+03 8.901036246999057822e-01
7.335000000000000000e+03 8.893451707008663831e-01
7.340000000000000000e+03 8.885872507654224428e-01
7.345000000000000000e+03 8.878183819217058126e-01
7.350000000000000000e+03 8.870500664657164913e-01
7.355000000000000000e+03 8.862715611095216550e-01
7.360000000000000000e+03 8.854936271983833151e-01
7.365000000000000000e+03 8.846929450446310295e-01
7.370000000000000000e+03 8.838928725112721319e-01
7.375000000000000000e+03 8.830836007360347573e-01
7.380000000000000000e+03 8.822749555198449167e-01
7.385000000000000000e+03 8.814734950798644997e-01
7.390000000000000000e+03 8.806726522547233538e-01
7.395000000000000000e+03 8.798643528794984903e-01
7.400000000000000000e+03 8.790566854177039868e-01
7.405000000000000000e+03 8.782305503941950642e-01
7.410000000000000000e+03 8.774050793512891966e-01
7.415000000000000000e+03 8.765735151968970795e-01
7.420000000000000000e+03 8.757426273876466327e-01
7.425000000000000000e+03 8.749060728596511627e-01
7.430000000000000000e+03 8.740702056952059928e-01
7.435000000000000000e+03 8.732428743656485137e-01
7.440000000000000000e+03 8.724162181651162751e-01
7.445000000000000000e+03 8.715860461900869494e-01
7.450000000000000000e+03 8.707565569209002598e-01
7.455000000000000000e+03 8.699043892238761400e-01
7.460000000000000000e+03 8.690529439264758071e-01
7.465000000000000000e+03 8.681994546063577234e-01
7.470000000000000000e+03 8.673466924441665116e-01
7.475000000000000000e+03 8.664923376700316426e-01
7.480000000000000000e+03 8.656387142194691409e-01
7.485000000000000000e+03 8.648045213974407952e-01
7.490000000000000000e+03 8.639710281594249475e-01
7.495000000000000000e+03 8.631376368128661491e-01
7.500000000000000000e+03 8.623049456894218423e-01
7.505000000000000000e+03 8.614560534267589054e-01
7.510000000000000000e+03 8.606078900281809441e-01
7.515000000000000000e+03 8.597612119140921605e-01
7.520000000000000000e+03 8.589152608262614619e-01
7.525000000000000000e+03 8.580859473808311044e-01
7.530000000000000000e+03 8.572573331738166935e-01
7.535000000000000000e+03 8.564317405608057321e-01
7.540000000000000000e+03 8.556068427539795795e-01
7.545000000000000000e+03 8.547857426585461216e-01
7.550000000000000000e+03 8.539653312773038962e-01
7.555000000000000000e+03 8.531344479282986226e-01
7.560000000000000000e+03 8.523042712192306913e-01
7.565000000000000000e+03 8.514790587999947480e-01
7.570000000000000000e+03 8.506545450707800882e-01
7.575000000000000000e+03 8.498503575584318570e-01
7.580000000000000000e+03 8.490468343860055889e-01
7.585000000000000000e+03 8.482499463003314588e-01
7.590000000000000000e+03 8.474537115421021394e-01
7.595000000000000000e+03 8.466643496020674897e-01
7.600000000000000000e+03 8.458756297150541448e-01
7.605000000000000000e+03 8.450800040588083428e-01
7.610000000000000000e+03 8.442850314117740229e-01
7.615000000000000000e+03 8.434986253233784925e-01
7.620000000000000000e+03 8.427128578129713388e-01
7.625000000000000000e+03 8.419385431341455117e-01
7.630000000000000000e+03 8.411648479825071245e-01
7.635000000000000000e+03 8.404006833746124894e-01
7.640000000000000000e+03 8.396371225208444367e-01
7.645000000000000000e+03 8.388835325483932071e-01
7.650000000000000000e+03 8.381305301206715130e-01
7.655000000000000000e+03 8.374048441396635400e-01
7.660000000000000000e+03 8.366797022047854915e-01
7.665000000000000000e+03 8.359660613680870433e-01
7.670000000000000000e+03 8.352529463478393090e-01
7.675000000000000000e+03 8.345356684924208901e-01
7.680000000000000000e+03 8.338189225452540265e-01
7.685000000000000000e+03 8.331147716266934511e-01
7.690000000000000000e+03 8.324111327705040475e-01
7.695000000000000000e+03 8.317205609997196936e-01
7.700000000000000000e+03 8.310304812208483272e-01
7.705000000000000000e+03 8.303666371276777758e-01
7.710000000000000000e+03 8.297032466005250795e-01
7.715000000000000000e+03 8.290542208884978947e-01
7.720000000000000000e+03 8.284056275337186026e-01
7.725000000000000000e+03 8.277716526968629251e-01
7.730000000000000000e+03 8.271380893014779190e-01
7.735000000000000000e+03 8.265055666117457900e-01
7.740000000000000000e+03 8.258734533390362786e-01
7.745000000000000000e+03 8.252573673944325616e-01
7.750000000000000000e+03 8.246416685143899139e-01
7.755000000000000000e+03 8.240533529782781974e-01
7.760000000000000000e+03 8.234653877823306933e-01
7.765000000000000000e+03 8.228946933482466086e-01
7.770000000000000000e+03 8.223243267433205661e-01
7.775000000000000000e+03 8.217713951465980271e-01
7.780000000000000000e+03 8.212187693229792140e-01
7.785000000000000000e+03 8.206725930717659878e-01
7.790000000000000000e+03 8.201267144704342815e-01
7.795000000000000000e+03 8.195990329059480439e-01
7.800000000000000000e+03 8.190716270671403176e-01
7.805000000000000000e+03 8.185768405076347953e-01
7.810000000000000000e+03 8.180822923122367252e-01
7.815000000000000000e+03 8.176068434780060512e-01
7.820000000000000000e+03 8.171316117623061981e-01
7.825000000000000000e+03 8.166754779542806375e-01
7.830000000000000000e+03 8.162195411684001201e-01
7.835000000000000000e+03 8.157704490418596910e-01
7.840000000000000000e+03 8.153215469524494052e-01
7.845000000000000000e+03 8.148924672256708801e-01
7.850000000000000000e+03 8.144635575617572565e-01
7.855000000000000000e+03 8.140550554894772084e-01
7.860000000000000000e+03 8.136467041438987247e-01
7.865000000000000000e+03 8.132777002641849995e-01
7.870000000000000000e+03 8.129088115813637438e-01
7.875000000000000000e+03 8.125611551668923127e-01
7.880000000000000000e+03 8.122135964445822420e-01
7.885000000000000000e+03 8.118686189263830677e-01
7.890000000000000000e+03 8.115237379219848446e-01
7.895000000000000000e+03 8.112000758337226669e-01
7.900000000000000000e+03 8.108764939932870952e-01
7.905000000000000000e+03 8.105746799271166259e-01
7.910000000000000000e+03 8.102729303557822949e-01
7.915000000000000000e+03 8.100065014253194917e-01
7.920000000000000000e+03 8.097401135749628942e-01
7.925000000000000000e+03 8.094959649296551429e-01
7.930000000000000000e+03 8.092518444876058981e-01
7.935000000000000000e+03 8.090302689829963478e-01
7.940000000000000000e+03 8.088087092687772373e-01
7.945000000000000000e+03 8.085966083221111100e-01
7.950000000000000000e+03 8.083845193046467204e-01
7.955000000000000000e+03 8.081952667880692998e-01
7.960000000000000000e+03 8.080060157496766760e-01
7.965000000000000000e+03 8.078399952596932998e-01
7.970000000000000000e+03 8.076739663865464269e-01
7.975000000000000000e+03 8.075511936718652306e-01
7.980000000000000000e+03 8.074283965082924563e-01
7.985000000000000000e+03 8.073291205748388544e-01
7.990000000000000000e+03 8.072298138939297818e-01
7.995000000000000000e+03 8.071338200979688571e-01
8.000000000000000000e+03 8.070377966499705513e-01
8.005000000000000000e+03 8.069654435685921223e-01
8.010000000000000000e+03 8.068930562309372112e-01
8.015000000000000000e+03 8.068444547043265302e-01
8.020000000000000000e+03 8.067958152473598821e-01
8.025000000000000000e+03 8.067842735302168666e-01
8.030000000000000000e+03 8.067726898034369709e-01
8.035000000000000000e+03 8.067850895158465985e-01
8.040000000000000000e+03 8.067974473215591136e-01
8.045000000000000000e+03 8.068338305994798842e-01
8.050000000000000000e+03 8.068701729691662994e-01
8.055000000000000000e+03 8.069169807540435002e-01
8.060000000000000000e+03 8.069637497585888664e-01
8.065000000000000000e+03 8.070343876347854106e-01
8.070000000000000000e+03 8.071049897450707222e-01
8.075000000000000000e+03 8.071998397692632388e-01
8.080000000000000000e+03 8.072946583089488648e-01
8.085000000000000000e+03 8.074269308386180510e-01
8.090000000000000000e+03 8.075591799107302293e-01
8.095000000000000000e+03 8.077156212917134814e-01
8.100000000000000000e+03 8.078720470615103899e-01
8.105000000000000000e+03 8.080523922054464458e-01
8.110000000000000000e+03 8.082327304546335078e-01
8.115000000000000000e+03 8.084206168986368679e-01
8.120000000000000000e+03 8.086085017556458032e-01
8.125000000000000000e+03 8.088201752241936937e-01
8.130000000000000000e+03 8.090318573058996598e-01
8.135000000000000000e+03 8.092904246653522815e-01
8.140000000000000000e+03 8.095490226755948093e-01
8.145000000000000000e+03 8.098316773578516647e-01
8.150000000000000000e+03 8.101143772424379552e-01
8.155000000000000000e+03 8.104001369905681207e-01
8.160000000000000000e+03 8.106859457759765242e-01
8.165000000000000000e+03 8.109952395776396372e-01
8.170000000000000000e+03 8.113045983292725971e-01
8.175000000000000000e+03 8.116371833365245703e-01
8.180000000000000000e+03 8.119698497358320832e-01
8.185000000000000000e+03 8.123259020558425414e-01
8.190000000000000000e+03 8.126820536273139384e-01
8.195000000000000000e+03 8.130751019111822631e-01
8.200000000000000000e+03 8.134682787687926853e-01
8.205000000000000000e+03 8.138848056905035877e-01
8.210000000000000000e+03 8.143014820749631122e-01
8.215000000000000000e+03 8.147407615409854031e-01
8.220000000000000000e+03 8.151802117567236161e-01
8.225000000000000000e+03 8.156283016580665457e-01
8.230000000000000000e+03 8.160765726218603966e-01
8.235000000000000000e+03 8.165472727197786718e-01
8.240000000000000000e+03 8.170181765416948405e-01
8.245000000000000000e+03 8.175112227657770347e-01
8.250000000000000000e+03 8.180044961672078285e-01
8.255000000000000000e+03 8.185339266605557995e-01
8.260000000000000000e+03 8.190636237500629191e-01
8.265000000000000000e+03 8.196149083608085251e-01
8.270000000000000000e+03 8.201664854501262703e-01
8.275000000000000000e+03 8.207394522903305178e-01
8.280000000000000000e+03 8.213127380076158390e-01
8.285000000000000000e+03 8.218930766543066646e-01
8.290000000000000000e+03 8.224737444650966900e-01
8.295000000000000000e+03 8.230751788663109858e-01
8.300000000000000000e+03 8.236769695913849221e-01
8.305000000000000000e+03 8.242993723203094758e-01
8.310000000000000000e+03 8.249221587995942961e-01
8.315000000000000000e+03 8.255652338813481705e-01
8.320000000000000000e+03 8.262087206852756216e-01
8.325000000000000000e+03 8.268719630918924812e-01
8.330000000000000000e+03 8.275356456517886095e-01
8.335000000000000000e+03 8.282189716927461642e-01
8.340000000000000000e+03 8.289027666374801928e-01
8.345000000000000000e+03 8.296201362670099222e-01
8.350000000000000000e+03 8.303380244852344161e-01
8.355000000000000000e+03 8.310747224857676363e-01
8.360000000000000000e+03 8.318119690300496138e-01
8.365000000000000000e+03 8.325677454197901728e-01
8.370000000000000000e+03 8.333241003082868525e-01
8.375000000000000000e+03 8.340840443439249130e-01
8.380000000000000000e+03 8.348445740922075808e-01
8.385000000000000000e+03 8.356227928778741099e-01
8.390000000000000000e+03 8.364016268083769301e-01
8.395000000000000000e+03 8.371974426974037042e-01
8.400000000000000000e+03 8.379939025602003433e-01
8.405000000000000000e+03 8.388217914148702326e-01
8.410000000000000000e+03 8.396503777081808506e-01
8.415000000000000000e+03 8.404954469283825169e-01
8.420000000000000000e+03 8.413412432765089433e-01
8.425000000000000000e+03 8.422070312228405742e-01
8.430000000000000000e+03 8.430808092855467395e-01
8.435000000000000000e+03 8.439555374657486952e-01
8.440000000000000000e+03 8.448310481063612265e-01
8.445000000000000000e+03 8.457216638916636997e-01
8.450000000000000000e+03 8.466130904754488595e-01
8.455000000000000000e+03 8.475187747134319549e-01
8.460000000000000000e+03 8.484252969465103655e-01
8.465000000000000000e+03 8.493602914987365970e-01
8.470000000000000000e+03 8.502961786500147223e-01
8.475000000000000000e+03 8.512453782599899155e-01
8.480000000000000000e+03 8.521954969475271646e-01
8.485000000000000000e+03 8.531584584646347835e-01
8.490000000000000000e+03 8.541223646243348844e-01
8.495000000000000000e+03 8.550839168311602512e-01
8.500000000000000000e+03 8.560464101437792461e-01
8.505000000000000000e+03 8.570206851872593790e-01
8.510000000000000000e+03 8.579959251238369333e-01
8.515000000000000000e+03 8.589821196734582776e-01
8.520000000000000000e+03 8.599693017655579697e-01
8.525000000000000000e+03 8.609701390482137340e-01
8.530000000000000000e+03 8.619719920899449050e-01
8.535000000000000000e+03 8.629837108409588176e-01
8.540000000000000000e+03 8.639964657732371878e-01
8.545000000000000000e+03 8.650183346377178228e-01
8.550000000000000000e+03 8.660412591473661825e-01
8.555000000000000000e+03 8.670727181208839340e-01
8.560000000000000000e+03 8.681052506540118952e-01
8.565000000000000000e+03 8.691419931509503094e-01
8.570000000000000000e+03 8.701798183065087011e-01
8.575000000000000000e+03 8.712252215995658355e-01
8.580000000000000000e+03 8.722717238157797759e-01
8.585000000000000000e+03 8.733246842899092810e-01
8.590000000000000000e+03 8.743787575198589401e-01
8.595000000000000000e+03 8.754535556631706239e-01
8.600000000000000000e+03 8.765295107853610102e-01
8.605000000000000000e+03 8.776107176037974966e-01
8.610000000000000000e+03 8.786930930453751287e-01
8.615000000000000000e+03 8.797796717863387572e-01
8.620000000000000000e+03 8.808674282909167985e-01
8.625000000000000000e+03 8.819451970224895243e-01
8.630000000000000000e+03 8.830241223255168581e-01
8.635000000000000000e+03 8.841060416926397325e-01
8.640000000000000000e+03 8.851891239424919400e-01
8.645000000000000000e+03 8.862747607462073685e-01
8.650000000000000000e+03 8.873615658112532500e-01
8.655000000000000000e+03 8.884644225473823376e-01
8.660000000000000000e+03 8.895684823365432869e-01
8.665000000000000000e+03 8.906732531434630173e-01
8.670000000000000000e+03 8.917792282117166236e-01
8.675000000000000000e+03 8.928852807325924346e-01
8.680000000000000000e+03 8.939925373054318225e-01
8.685000000000000000e+03 8.950837068686281484e-01
8.690000000000000000e+03 8.961760458317002964e-01
8.695000000000000000e+03 8.972666973749667818e-01
8.700000000000000000e+03 8.983585144141656986e-01
8.705000000000000000e+03 8.994487219363566100e-01
8.710000000000000000e+03 9.005400912510774791e-01
8.715000000000000000e+03 9.016284765305390136e-01
8.720000000000000000e+03 9.027180169041465474e-01
8.725000000000000000e+03 9.038194020052991995e-01
8.730000000000000000e+03 9.049219666969574583e-01
8.735000000000000000e+03 9.060197629517257045e-01
8.740000000000000000e+03 9.071187280661106023e-01
8.745000000000000000e+03 9.082122611402916323e-01
8.750000000000000000e+03 9.093069510486935236e-01
8.755000000000000000e+03 9.103821597545296296e-01
8.760000000000000000e+03 9.114584839230871482e-01
8.765000000000000000e+03 9.125278611417774188e-01
8.770000000000000000e+03 9.135983390018622696e-01
8.775000000000000000e+03 9.146611490682775569e-01
8.780000000000000000e+03 9.157250433648612686e-01
8.785000000000000000e+03 9.167883115028835350e-01
8.790000000000000000e+03 9.178526620380802470e-01
8.795000000000000000e+03 9.189073422838528460e-01
8.800000000000000000e+03 9.199630841559596206e-01
8.805000000000000000e+03 9.210084167131400434e-01
8.810000000000000000e+03 9.220547894485444651e-01
8.815000000000000000e+03 9.230899173661500923e-01
8.820000000000000000e+03 9.241260627494229940e-01
8.825000000000000000e+03 9.251425616824080489e-01
8.830000000000000000e+03 9.261600387885978725e-01
8.835000000000000000e+03 9.271644294692422683e-01
8.840000000000000000e+03 9.281697721841045690e-01
8.845000000000000000e+03 9.291615058062647758e-01
8.850000000000000000e+03 9.301541645513898837e-01
8.855000000000000000e+03 9.311379911763710826e-01
8.860000000000000000e+03 9.321227257660577026e-01
8.865000000000000000e+03 9.330920133834065266e-01
8.870000000000000000e+03 9.340621794446067883e-01
8.875000000000000000e+03 9.350160379992974446e-01
8.880000000000000000e+03 9.359707444987590552e-01
8.885000000000000000e+03 9.369008732434381814e-01
8.890000000000000000e+03 9.378318055632992589e-01
8.895000000000000000e+03 9.387450619149591002e-01
8.900000000000000000e+03 9.396590903147613583e-01
8.905000000000000000e+03 9.405541041100644595e-01
8.910000000000000000e+03 9.414498564820614757e-01
8.915000000000000000e+03 9.423260034345722902e-01
8.920000000000000000e+03 9.432028556398568409e-01
8.925000000000000000e+03 9.440705933483258816e-01
8.930000000000000000e+03 9.449390199139910962e-01
8.935000000000000000e+03 9.457853484553436774e-01
8.940000000000000000e+03 9.466323293212841605e-01
8.945000000000000000e+03 9.474566612399530907e-01
8.950000000000000000e+03 9.482816091176468065e-01
8.955000000000000000e+03 9.490721308067128215e-01
8.960000000000000000e+03 9.498632161025800658e-01
8.965000000000000000e+03 9.506302479134969285e-01
8.970000000000000000e+03 9.513978072253984619e-01
8.975000000000000000e+03 9.521408124091196301e-01
8.980000000000000000e+03 9.528843096596998352e-01
8.985000000000000000e+03 9.536020797601770793e-01
8.990000000000000000e+03 9.543203059239470099e-01
8.995000000000000000e+03 9.550211480562167399e-01
9.000000000000000000e+03 9.557224217424121759e-01
9.005000000000000000e+03 9.563956294693959359e-01
9.010000000000000000e+03 9.570692320625391325e-01
9.015000000000000000e+03 9.577140707977198630e-01
9.020000000000000000e+03 9.583592680322676749e-01
9.025000000000000000e+03 9.589665074579638571e-01
9.030000000000000000e+03 9.595740609619235473e-01
9.035000000000000000e+03 9.601518321523042632e-01
9.040000000000000000e+03 9.607298839575774130e-01
9.045000000000000000e+03 9.612774577274972865e-01
9.050000000000000000e+03 9.618252793729642480e-01
9.055000000000000000e+03 9.623420294623998839e-01
9.060000000000000000e+03 9.628589955132246248e-01
9.065000000000000000e+03 9.633498783892991968e-01
9.070000000000000000e+03 9.638409511822216835e-01
9.075000000000000000e+03 9.642982716800534426e-01
9.080000000000000000e+03 9.647557516036491254e-01
9.085000000000000000e+03 9.651790804654113431e-01
9.090000000000000000e+03 9.656025396693449503e-01
9.095000000000000000e+03 9.659854212988375766e-01
9.100000000000000000e+03 9.663684029578600843e-01
9.105000000000000000e+03 9.667162004076966797e-01
9.110000000000000000e+03 9.670640730638770943e-01
9.115000000000000000e+03 9.673760832746736149e-01
9.120000000000000000e+03 9.676881456456256636e-01
9.125000000000000000e+03 9.679639114651820142e-01
9.130000000000000000e+03 9.682397088344868452e-01
9.135000000000000000e+03 9.684796157073735090e-01
9.140000000000000000e+03 9.687195355442309586e-01
9.145000000000000000e+03 9.689210457229570084e-01
9.150000000000000000e+03 9.691225518382418080e-01
9.155000000000000000e+03 9.692852766396706787e-01
9.160000000000000000e+03 9.694479829332601772e-01
9.165000000000000000e+03 9.695713958021163759e-01
9.170000000000000000e+03 9.696947788330405604e-01
9.175000000000000000e+03 9.697773364460600121e-01
9.180000000000000000e+03 9.698598552692433428e-01
9.185000000000000000e+03 9.699017315625364510e-01
9.190000000000000000e+03 9.699435631648249956e-01
9.195000000000000000e+03 9.699446455984388482e-01
9.200000000000000000e+03 9.699456804768536999e-01
9.205000000000000000e+03 9.699047575952938205e-01
9.210000000000000000e+03 9.698637862808845433e-01
9.215000000000000000e+03 9.697798291466970255e-01
9.220000000000000000e+03 9.696958269622543147e-01
9.225000000000000000e+03 9.695687513469835039e-01
9.230000000000000000e+03 9.694416376083732079e-01
9.235000000000000000e+03 9.692704953629417419e-01
9.240000000000000000e+03 9.690993254000702661e-01
9.245000000000000000e+03 9.688856945671361354e-01
9.250000000000000000e+03 9.686720502355873341e-01
9.255000000000000000e+03 9.684146754605902352e-01
9.260000000000000000e+03 9.681573048860727670e-01
9.265000000000000000e+03 9.678552710466660214e-01
9.270000000000000000e+03 9.675532628053631345e-01
9.275000000000000000e+03 9.672063948922045018e-01
9.280000000000000000e+03 9.668595775554819083e-01
9.285000000000000000e+03 9.664623922557477043e-01
9.290000000000000000e+03 9.660652887070543260e-01
9.295000000000000000e+03 9.656209261547384903e-01
9.300000000000000000e+03 9.651704583180873431e-01
9.305000000000000000e+03 9.646685487430493033e-01
9.310000000000000000e+03 9.641668057940238068e-01
9.315000000000000000e+03 9.636248774225192326e-01
9.320000000000000000e+03 9.630831543081583845e-01
9.325000000000000000e+03 9.624948123288618040e-01
9.330000000000000000e+03 9.619067228445131734e-01
9.335000000000000000e+03 9.612719680831066649e-01
9.340000000000000000e+03 9.606375169638642353e-01
9.345000000000000000e+03 9.599557362677275663e-01
9.350000000000000000e+03 9.592743152924667616e-01
9.355000000000000000e+03 9.585390418062981199e-01
9.360000000000000000e+03 9.578041961874907972e-01
9.365000000000000000e+03 9.570209736179197124e-01
9.370000000000000000e+03 9.562382454799704945e-01
9.375000000000000000e+03 9.554068940828406298e-01
9.380000000000000000e+03 9.545761084644986960e-01
9.385000000000000000e+03 9.536964644723137097e-01
9.390000000000000000e+03 9.528174624630730838e-01
9.395000000000000000e+03 9.518984671433798894e-01
9.400000000000000000e+03 9.509801807621264258e-01
9.405000000000000000e+03 9.500140130006143879e-01
9.410000000000000000e+03 9.490486373007944731e-01
9.415000000000000000e+03 9.480350275569404683e-01
9.420000000000000000e+03 9.470222973036842573e-01
9.425000000000000000e+03 9.459613721235956563e-01
9.430000000000000000e+03 9.449014189650167816e-01
9.435000000000000000e+03 9.437871434676806670e-01
9.440000000000000000e+03 9.426739487746176316e-01
9.445000000000000000e+03 9.415117299615317625e-01
9.450000000000000000e+03 9.403506957441954972e-01
9.455000000000000000e+03 9.391410414392313832e-01
9.460000000000000000e+03 9.379326790104737244e-01
9.465000000000000000e+03 9.366755405813554924e-01
9.470000000000000000e+03 9.354198067893205737e-01
9.475000000000000000e+03 9.341234394680623110e-01
9.480000000000000000e+03 9.328285748369840036e-01
9.485000000000000000e+03 9.314858581156679751e-01
9.490000000000000000e+03 9.301447634902100248e-01
9.495000000000000000e+03 9.287563897565371818e-01
9.500000000000000000e+03 9.273697600826662502e-01
9.505000000000000000e+03 9.259354976025401252e-01
9.510000000000000000e+03 9.245031068647849848e-01
9.515000000000000000e+03 9.230084797031761212e-01
9.520000000000000000e+03 9.215158964552147003e-01
9.525000000000000000e+03 9.199753310040778009e-01
9.530000000000000000e+03 9.184369491978316979e-01
9.535000000000000000e+03 9.168506420241298027e-01
9.540000000000000000e+03 9.152666624438756671e-01
9.545000000000000000e+03 9.136351942162698192e-01
9.550000000000000000e+03 9.120062006502533958e-01
9.555000000000000000e+03 9.103466485438568290e-01
9.560000000000000000e+03 9.086896704850285778e-01
9.565000000000000000e+03 9.069866403126070065e-01
9.570000000000000000e+03 9.052863348646568165e-01
9.575000000000000000e+03 9.035405195961421221e-01
9.580000000000000000e+03 9.017975825193690342e-01
9.585000000000000000e+03 9.000093176425495445e-01
9.590000000000000000e+03 8.982240884112336898e-01
9.595000000000000000e+03 8.963666001066937783e-01
9.600000000000000000e+03 8.945124044254102458e-01
9.605000000000000000e+03 8.926122884785574474e-01
9.610000000000000000e+03 8.907156365479311777e-01
9.615000000000000000e+03 8.887734669575111379e-01
9.620000000000000000e+03 8.868349358931076898e-01
9.625000000000000000e+03 8.848706584134010678e-01
9.630000000000000000e+03 8.829101226697287919e-01
9.635000000000000000e+03 8.809058457874112680e-01
9.640000000000000000e+03 8.789054853904024744e-01
9.645000000000000000e+03 8.768617050303042504e-01
9.650000000000000000e+03 8.748220194130826854e-01
9.655000000000000000e+03 8.727392863139392665e-01
9.660000000000000000e+03 8.706608285507756451e-01
9.665000000000000000e+03 8.685401039942667323e-01
9.670000000000000000e+03 8.664238367859966594e-01
9.675000000000000000e+03 8.642774350653911197e-01
9.680000000000000000e+03 8.621356248291810465e-01
9.685000000000000000e+03 8.599530554294092521e-01
9.690000000000000000e+03 8.577752603314540147e-01
9.695000000000000000e+03 8.555575289656558446e-01
9.700000000000000000e+03 8.533447552260845503e-01
9.705000000000000000e+03 8.510925638148016947e-01
9.710000000000000000e+03 8.488455147065566697e-01
9.715000000000000000e+03 8.465346350529685537e-01
9.720000000000000000e+03 8.442292012434918780e-01
9.725000000000000000e+03 8.418846166966542643e-01
9.730000000000000000e+03 8.395456717320092244e-01
9.735000000000000000e+03 8.371681196565075034e-01
9.740000000000000000e+03 8.347964023149729851e-01
9.745000000000000000e+03 8.323865798916331160e-01
9.750000000000000000e+03 8.299827888269443177e-01
9.755000000000000000e+03 8.275683412438267217e-01
9.760000000000000000e+03 8.251599861378393630e-01
9.765000000000000000e+03 8.227161269274628763e-01
9.770000000000000000e+03 8.202785485561020495e-01
9.775000000000000000e+03 8.178059979534463286e-01
9.780000000000000000e+03 8.153399174730938670e-01
9.785000000000000000e+03 8.128395228261962036e-01
9.790000000000000000e+03 8.103457872834333164e-01
9.795000000000000000e+03 8.077901514337277877e-01
9.800000000000000000e+03 8.052415179080555374e-01
9.805000000000000000e+03 8.026588947717148148e-01
9.810000000000000000e+03 8.000834703530593783e-01
9.815000000000000000e+03 7.974749778750324092e-01
9.820000000000000000e+03 7.948738789146665429e-01
9.825000000000000000e+03 7.922404649069655358e-01
9.830000000000000000e+03 7.896146382258174556e-01
9.835000000000000000e+03 7.869872868183566128e-01
9.840000000000000000e+03 7.843675399579821406e-01
9.845000000000000000e+03 7.817177601634098805e-01
9.850000000000000000e+03 7.790757694064617267e-01
9.855000000000000000e+03 7.764046002309812344e-01
9.860000000000000000e+03 7.737414023483696335e-01
9.865000000000000000e+03 7.710500257590977569e-01
9.870000000000000000e+03 7.683667994830318815e-01
9.875000000000000000e+03 7.656240588346407971e-01
9.880000000000000000e+03 7.628898441714100365e-01
9.885000000000000000e+03 7.601276706854240839e-01
9.890000000000000000e+03 7.573742086612270663e-01
9.895000000000000000e+03 7.545937546116460171e-01
9.900000000000000000e+03 7.518221939689520017e-01
9.905000000000000000e+03 7.490246354787899463e-01
9.910000000000000000e+03 7.462361486949097289e-01
9.915000000000000000e+03 7.434562383952157960e-01
9.920000000000000000e+03 7.406853542499038934e-01
9.925000000000000000e+03 7.378909755702652840e-01
9.930000000000000000e+03 7.351057874413469140e-01
9.935000000000000000e+03 7.322974065165308577e-01
9.940000000000000000e+03 7.294983806362371759e-01
9.945000000000000000e+03 7.266770747043787004e-01
9.950000000000000000e+03 7.238652845486354126e-01
9.955000000000000000e+03 7.210317410986093467e-01
9.960000000000000000e+03 7.182078724712135376e-01
9.965000000000000000e+03 7.153272808240521696e-01
9.970000000000000000e+03 7.124567683180078603e-01
9.975000000000000000e+03 7.095654297032751856e-01
9.980000000000000000e+03 7.066843293941181825e-01
9.985000000000000000e+03 7.037832242682113826e-01
9.990000000000000000e+03 7.008925123755513908e-01
9.995000000000000000e+03 6.979824599010796549e-01
1.000000000000000000e+04 6.950829528876577568e-01
1.000500000000000000e+04 6.921938208333499043e-01
1.001000000000000000e+04 6.893151713952100357e-01
1.001500000000000000e+04 6.864197508626158628e-01
1.002000000000000000e+04 6.835349482245152153e-01
1.002500000000000000e+04 6.806471503702289372e-01
1.003000000000000000e+04 6.777700050948903820e-01
1.003500000000000000e+04 6.748774020161740772e-01
1.004000000000000000e+04 6.719955791672976853e-01
1.004500000000000000e+04 6.690989393468013136e-01
1.005000000000000000e+04 6.662132038010118995e-01
1.005500000000000000e+04 6.632394876333912448e-01
1.006000000000000000e+04 6.602773655947515863e-01
1.006500000000000000e+04 6.573003912134477433e-01
1.007000000000000000e+04 6.543351418327645330e-01
1.007500000000000000e+04 6.514179689600235745e-01
1.008000000000000000e+04 6.485121580053330170e-01
1.008500000000000000e+04 6.455944344098839549e-01
1.009000000000000000e+04 6.426881803549400196e-01
1.009500000000000000e+04 6.397750286642157613e-01
1.010000000000000000e+04 6.368734149466489525e-01
1.010500000000000000e+04 6.339613028280991491e-01
1.011000000000000000e+04 6.310608268366766360e-01
1.011500000000000000e+04 6.281508246487177427e-01
1.012000000000000000e+04 6.252525496697074470e-01
1.012500000000000000e+04 6.222763717967056962e-01
1.013000000000000000e+04 6.193125759781401563e-01
1.013500000000000000e+04 6.163392683692231477e-01
1.014000000000000000e+04 6.133784384938903989e-01
1.014500000000000000e+04 6.104781075853332739e-01
1.015000000000000000e+04 6.075897649438959380e-01
1.015500000000000000e+04 6.046944829509401931e-01
1.016000000000000000e+04 6.018112623778445469e-01
1.016500000000000000e+04 5.989175613039634527e-01
1.017000000000000000e+04 5.960334827870581442e-01
1.017500000000000000e+04 5.931509073803853394e-01
1.018000000000000000e+04 5.902805286162012832e-01
1.018500000000000000e+04 5.874048631599739778e-01
1.019000000000000000e+04 5.845414551307687168e-01
1.019500000000000000e+04 5.815847285218018747e-01
1.020000000000000000e+04 5.786410885009725114e-01
1.020500000000000000e+04 5.756925874779241781e-01
1.021000000000000000e+04 5.727572338236338600e-01
1.021500000000000000e+04 5.699061112044012667e-01
1.022000000000000000e+04 5.670674083383338004e-01
1.022500000000000000e+04 5.642257265829807578e-01
1.023000000000000000e+04 5.613965069168723732e-01
1.023500000000000000e+04 5.585649974882833657e-01
1.024000000000000000e+04 5.557459864759967116e-01
1.024500000000000000e+04 5.529155145856620157e-01
1.025000000000000000e+04 5.500976599814024759e-01
1.025500000000000000e+04 5.472787857663170552e-01
1.026000000000000000e+04 5.444725546058720722e-01
1.026500000000000000e+04 5.416749703054465348e-01
1.027000000000000000e+04 5.388899676377677528e-01
1.027500000000000000e+04 5.361044965534499385e-01
1.028000000000000000e+04 5.333316279658780745e-01
1.028500000000000000e+04 5.305592630552287137e-01
1.029000000000000000e+04 5.277995129223150839e-01
1.029500000000000000e+04 5.249528910100923484e-01
1.030000000000000000e+04 5.221197090654395856e-01
1.030500000000000000e+04 5.192875005634783880e-01
1.031000000000000000e+04 5.164687415082086508e-01
1.031500000000000000e+04 5.137380973288302455e-01
1.032000000000000000e+04 5.110200919676793907e-01
1.032500000000000000e+04 5.083040068020463487e-01
1.033000000000000000e+04 5.056005598714472526e-01
1.033500000000000000e+04 5.028996795293676492e-01
1.034000000000000000e+04 5.002114307568101825e-01
1.034500000000000000e+04 4.975189608071979852e-01
1.035000000000000000e+04 4.948391796204718029e-01
1.035500000000000000e+04 4.921631166342703700e-01
1.036000000000000000e+04 4.894997247257130701e-01
1.036500000000000000e+04 4.867949358194348930e-01
1.037000000000000000e+04 4.841032330652645932e-01
1.037500000000000000e+04 4.814153673396141531e-01
1.038000000000000000e+04 4.787405688035069606e-01
1.038500000000000000e+04 4.760698821855158247e-01
1.039000000000000000e+04 4.734122409882873805e-01
1.039500000000000000e+04 4.708052877474017683e-01
1.040000000000000000e+04 4.682109050469354106e-01
1.040500000000000000e+04 4.656221791836672730e-01
1.041000000000000000e+04 4.630459865015902898e-01
1.041500000000000000e+04 4.604816184456496098e-01
1.042000000000000000e+04 4.579296861226189175e-01
1.042500000000000000e+04 4.553837316577934446e-01
1.043000000000000000e+04 4.528501721524632040e-01
1.043500000000000000e+04 4.503227856619735903e-01
1.044000000000000000e+04 4.478077510056621691e-01
1.044500000000000000e+04 4.452677344724909059e-01
1.045000000000000000e+04 4.427403332185287921e-01
1.045500000000000000e+04 4.402162656841981936e-01
1.046000000000000000e+04 4.377047982323117870e-01
1.046500000000000000e+04 4.352316535398456643e-01
1.047000000000000000e+04 4.327707461249155063e-01
1.047500000000000000e+04 4.303173580283105593e-01
1.048000000000000000e+04 4.278761499637245280e-01
1.048500000000000000e+04 4.254426391305632382e-01
1.049000000000000000e+04 4.230212490572157757e-01
1.049500000000000000e+04 4.205637319961439968e-01
1.050000000000000000e+04 4.181187189286279526e-01
