3.000000000000000000e+03 9.959999999999998660e-07
3.005000000000000000e+03 -1.809999999999999929e-07
3.010000000000000000e+03 4.110000000000000142e-07
3.015000000000000000e+03 -7.289999999999999236e-07
3.020000000000000000e+03 9.609999999999999893e-07
3.025000000000000000e+03 3.139999999999999794e-07
3.030000000000000000e+03 3.040000000000000222e-07
3.035000000000000000e+03 -6.479999999999999791e-07
3.040000000000000000e+03 5.280000000000000693e-07
3.045000000000000000e+03 8.910000000000000243e-07
3.050000000000000000e+03 -3.089999999999999744e-07
3.055000000000000000e+03 -7.080000000000000400e-07
3.060000000000000000e+03 5.400000000000000179e-07
3.065000000000000000e+03 5.840000000000000413e-07
3.070000000000000000e+03 1.669999999999999999e-07
3.075000000000000000e+03 2.129999999999999882e-07
3.080000000000000000e+03 -3.220000000000000048e-09
3.085000000000000000e+03 5.540000000000000109e-07
3.090000000000000000e+03 7.660000000000000564e-07
3.095000000000000000e+03 9.629999999999999278e-07
3.100000000000000000e+03 2.940000000000000121e-07
3.105000000000000000e+03 -3.970000000000000212e-07
3.110000000000000000e+03 -2.119999999999999925e-07
3.115000000000000000e+03 -4.780000000000000186e-07
3.120000000000000000e+03 1.434309999999999825e-06
3.125000000000000000e+03 5.899999999999999627e-07
3.130000000000000000e+03 8.090000000000000047e-07
3.135000000000000000e+03 3.150000000000000016e-07
3.140000000000000000e+03 -1.130129999999999969e-06
3.145000000000000000e+03 -6.739999999999999473e-08
3.150000000000000000e+03 6.880000000000000197e-07
3.155000000000000000e+03 2.979999999999999950e-07
3.160000000000000000e+03 -4.669999999999999863e-07
3.165000000000000000e+03 8.940000000000000379e-07
3.170000000000000000e+03 -3.460000000000000013e-07
3.175000000000000000e+03 4.000000000000000348e-07
3.180000000000000000e+03 7.169999999999999750e-07
3.185000000000000000e+03 -6.139999999999999659e-07
3.190000000000000000e+03 -6.980000000000000298e-07
3.195000000000000000e+03 -9.250000000000000376e-07
3.200000000000000000e+03 -2.169999999999999976e-07
3.205000000000000000e+03 -1.111089999999999979e-06
3.210000000000000000e+03 7.629999999999999369e-07
3.215000000000000000e+03 1.053359999999999898e-06
3.220000000000000000e+03 6.109999999999999522e-07
3.225000000000000000e+03 -1.289530000000000086e-06
3.230000000000000000e+03 4.599999999999999898e-07
3.235000000000000000e+03 -4.839999999999999400e-07
3.240000000000000000e+03 6.300000000000000033e-07
3.245000000000000000e+03 -8.009999999999999330e-07
3.250000000000000000e+03 5.579999999999999938e-07
3.255000000000000000e+03 3.569999999999999807e-07
3.260000000000000000e+03 -2.770000000000000055e-07
3.265000000000000000e+03 -2.770000000000000055e-07
3.270000000000000000e+03 -3.239999999999999978e-09
3.275000000000000000e+03 4.720000000000000443e-07
3.280000000000000000e+03 9.289999999999999146e-07
3.285000000000000000e+03 -1.533639999999999855e-06
3.290000000000000000e+03 -7.420000000000000532e-07
3.295000000000000000e+03 6.080000000000000445e-07
3.300000000000000000e+03 1.010000000000000044e-07
3.305000000000000000e+03 -1.040000000000000048e-07
3.310000000000000000e+03 1.355619999999999906e-06
3.315000000000000000e+03 7.320000000000000431e-07
3.320000000000000000e+03 -1.439999999999999924e-07
3.325000000000000000e+03 8.260000000000001172e-08
3.330000000000000000e+03 1.187470000000000084e-06
3.335000000000000000e+03 -5.519999999999999666e-07
3.340000000000000000e+03 -3.440000000000000098e-07
3.345000000000000000e+03 -8.119999999999999918e-08
3.350000000000000000e+03 -6.619999999999999722e-07
3.355000000000000000e+03 2.970000000000000257e-07
3.360000000000000000e+03 -1.329999999999999866e-07
3.365000000000000000e+03 -4.449999999999999746e-07
3.370000000000000000e+03 4.920000000000000116e-07
3.375000000000000000e+03 4.970000000000000696e-07
3.380000000000000000e+03 1.650000000000000084e-07
3.385000000000000000e+03 2.899999999999999763e-07
3.390000000000000000e+03 3.870000000000000111e-07
3.395000000000000000e+03 -1.400000000000000095e-07
3.400000000000000000e+03 1.694490000000000187e-06
3.405000000000000000e+03 -7.080000000000000400e-07
3.410000000000000000e+03 -3.770000000000000009e-07
3.415000000000000000e+03 8.910000000000000243e-07
3.420000000000000000e+03 1.595730000000000221e-06
3.425000000000000000e+03 1.220000000000000006e-08
3.430000000000000000e+03 3.779999999999999702e-07
3.435000000000000000e+03 5.349999999999999599e-07
3.440000000000000000e+03 6.859999999999999753e-07
3.445000000000000000e+03 1.628230000000000121e-06
3.450000000000000000e+03 -7.270000000000000910e-07
3.455000000000000000e+03 8.819999999999999834e-07
3.460000000000000000e+03 -5.230000000000000113e-07
3.465000000000000000e+03 -1.000000000000000087e-07
3.470000000000000000e+03 1.223119999999999904e-06
3.475000000000000000e+03 7.449999999999999610e-07
3.480000000000000000e+03 8.369999999999999907e-07
3.485000000000000000e+03 4.360000000000000396e-07
3.490000000000000000e+03 -5.420000000000000623e-07
3.495000000000000000e+03 -4.540000000000000155e-07
3.500000000000000000e+03 1.113719999999999943e-06
3.505000000000000000e+03 -2.180000000000000198e-07
3.510000000000000000e+03 -4.269999999999999987e-07
3.515000000000000000e+03 3.159999999999999841e-08
3.520000000000000000e+03 -5.729999999999999561e-07
3.525000000000000000e+03 -2.119999999999999925e-07
3.530000000000000000e+03 9.040000000000000480e-07
3.535000000000000000e+03 -8.700000000000000347e-07
3.540000000000000000e+03 -6.150000000000000410e-07
3.545000000000000000e+03 -3.649999999999999994e-07
3.550000000000000000e+03 3.889999999999999496e-07
3.555000000000000000e+03 -5.419999999999999564e-08
3.560000000000000000e+03 8.150000000000000319e-07
3.565000000000000000e+03 -1.346270000000000156e-06
3.570000000000000000e+03 4.579999999999999983e-07
3.575000000000000000e+03 8.279999999999999498e-07
3.580000000000000000e+03 5.940000000000000515e-07
3.585000000000000000e+03 -1.919999999999999987e-07
3.590000000000000000e+03 4.399999999999999695e-07
3.595000000000000000e+03 5.540000000000000109e-07
3.600000000000000000e+03 7.899999999999999537e-07
3.605000000000000000e+03 3.429999999999999877e-07
3.610000000000000000e+03 1.127959999999999997e-06
3.615000000000000000e+03 1.590000000000000076e-07
3.620000000000000000e+03 4.699999999999999470e-07
3.625000000000000000e+03 -1.639999999999999862e-07
3.630000000000000000e+03 4.669999999999999863e-07
3.635000000000000000e+03 8.270000000000000865e-07
3.640000000000000000e+03 4.490000000000000104e-07
3.645000000000000000e+03 3.360000000000000309e-08
3.650000000000000000e+03 2.059999999999999917e-07
3.655000000000000000e+03 -1.439999999999999924e-07
3.660000000000000000e+03 2.100000000000000011e-07
3.665000000000000000e+03 3.440000000000000098e-07
3.670000000000000000e+03 9.010000000000000609e-08
3.675000000000000000e+03 7.940000000000000424e-07
3.680000000000000000e+03 -1.648479999999999843e-06
3.685000000000000000e+03 -1.376390000000000005e-06
3.690000000000000000e+03 5.269999999999999942e-07
3.695000000000000000e+03 8.339999999999999771e-07
3.700000000000000000e+03 -4.729999999999999606e-07
3.705000000000000000e+03 -5.009999999999999466e-07
3.710000000000000000e+03 6.069999999999999694e-07
3.715000000000000000e+03 2.080000000000000096e-07
3.720000000000000000e+03 -1.629999999999999905e-07
3.725000000000000000e+03 -6.649999999999999858e-07
3.730000000000000000e+03 -1.177880000000000063e-06
3.735000000000000000e+03 -2.780000000000000277e-07
3.740000000000000000e+03 5.130000000000000011e-07
3.745000000000000000e+03 1.020000000000000001e-07
3.750000000000000000e+03 4.169999999999999885e-07
3.755000000000000000e+03 1.221200000000000056e-06
3.760000000000000000e+03 9.469999999999999963e-07
3.765000000000000000e+03 4.569999999999999761e-07
3.770000000000000000e+03 5.799999999999999526e-07
3.775000000000000000e+03 5.969999999999999592e-07
3.780000000000000000e+03 1.014069999999999974e-06
3.785000000000000000e+03 -4.149999999999999971e-07
3.790000000000000000e+03 3.080000000000000581e-07
3.795000000000000000e+03 -1.050000000000000005e-07
3.800000000000000000e+03 -1.050280000000000005e-06
3.805000000000000000e+03 -1.499999999999999932e-07
3.810000000000000000e+03 5.230000000000000113e-07
3.815000000000000000e+03 -3.010000000000000086e-07
3.820000000000000000e+03 -1.320000000000000173e-07
3.825000000000000000e+03 7.140000000000000407e-08
3.830000000000000000e+03 5.349999999999999599e-07
3.835000000000000000e+03 1.433030000000000068e-06
3.840000000000000000e+03 1.255520000000000009e-06
3.845000000000000000e+03 1.558549999999999884e-06
3.850000000000000000e+03 -2.110000000000000233e-07
3.855000000000000000e+03 9.689999999999999551e-07
3.860000000000000000e+03 1.611790000000000115e-06
3.865000000000000000e+03 2.559999999999999630e-07
3.870000000000000000e+03 1.134269999999999899e-06
3.875000000000000000e+03 3.350000000000000219e-07
3.880000000000000000e+03 1.087059999999999889e-06
3.885000000000000000e+03 -5.609999999999999942e-08
3.890000000000000000e+03 5.710000000000000176e-07
3.895000000000000000e+03 -1.970000000000000038e-07
3.900000000000000000e+03 1.736250000000000105e-06
3.905000000000000000e+03 -1.005200000000000134e-06
3.910000000000000000e+03 7.150000000000000365e-07
3.915000000000000000e+03 1.989999999999999952e-07
3.920000000000000000e+03 8.819999999999999834e-07
3.925000000000000000e+03 -1.050000000000000005e-07
3.930000000000000000e+03 1.460000000000000103e-07
3.935000000000000000e+03 6.080000000000000445e-07
3.940000000000000000e+03 1.210969999999999944e-06
3.945000000000000000e+03 4.800000000000000630e-07
3.950000000000000000e+03 1.825909999999999811e-06
3.955000000000000000e+03 -8.490000000000000452e-07
3.960000000000000000e+03 -4.339999999999999952e-07
3.965000000000000000e+03 -1.279999999999999815e-07
3.970000000000000000e+03 8.069999999999999603e-07
3.975000000000000000e+03 -1.360000000000000002e-07
3.980000000000000000e+03 -1.449999999999999881e-07
3.985000000000000000e+03 -8.679999999999999639e-08
3.990000000000000000e+03 -4.559999999999999540e-07
3.995000000000000000e+03 -1.265110000000000030e-06
4.000000000000000000e+03 4.020000000000000263e-07
4.005000000000000000e+03 7.260000000000000159e-07
4.010000000000000000e+03 7.980000000000000253e-07
4.015000000000000000e+03 9.760000000000000575e-07
4.020000000000000000e+03 3.460000000000000013e-07
4.025000000000000000e+03 1.393089999999999989e-06
4.030000000000000000e+03 5.940000000000000515e-07
4.035000000000000000e+03 -6.380000000000000749e-07
4.040000000000000000e+03 4.979999999999999330e-07
4.045000000000000000e+03 -2.650000000000000039e-07
4.050000000000000000e+03 7.710000000000000085e-07
4.055000000000000000e+03 9.450000000000000247e-09
4.060000000000000000e+03 -3.510000000000000064e-07
4.065000000000000000e+03 -6.050000000000000309e-07
4.070000000000000000e+03 -2.570000000000000381e-07
4.075000000000000000e+03 1.420000000000000010e-07
4.080000000000000000e+03 1.050000000000000005e-07
4.085000000000000000e+03 -1.549999999999999983e-07
4.090000000000000000e+03 -4.320000000000000037e-07
4.095000000000000000e+03 1.179240000000000122e-06
4.100000000000000000e+03 -1.615919999999999980e-06
4.105000000000000000e+03 3.949999999999999768e-07
4.110000000000000000e+03 1.108660000000000029e-06
4.115000000000000000e+03 4.729999999999999606e-07
4.120000000000000000e+03 4.120000000000000496e-08
4.125000000000000000e+03 2.100000000000000011e-07
4.130000000000000000e+03 1.930000000000000209e-07
4.135000000000000000e+03 -2.879999999999999848e-07
4.140000000000000000e+03 1.236999999999999973e-06
4.145000000000000000e+03 -2.160000000000000019e-07
4.150000000000000000e+03 1.618000000000000009e-06
4.155000000000000000e+03 3.270000000000000032e-07
4.160000000000000000e+03 -6.369999999999999998e-07
4.165000000000000000e+03 5.840000000000000413e-07
4.170000000000000000e+03 3.959999999999999990e-07
4.175000000000000000e+03 -4.520000000000000240e-07
4.180000000000000000e+03 -1.040000000000000048e-07
4.185000000000000000e+03 6.039999999999999557e-07
4.190000000000000000e+03 4.000000000000000348e-07
4.195000000000000000e+03 -1.110000000000000013e-07
4.200000000000000000e+03 -1.930000000000000209e-07
4.205000000000000000e+03 -2.460000000000000190e-08
4.210000000000000000e+03 6.510000000000000722e-08
4.215000000000000000e+03 1.290000000000000037e-07
4.220000000000000000e+03 -2.239999999999999941e-07
4.225000000000000000e+03 -6.889999999999999889e-07
4.230000000000000000e+03 3.049999999999999915e-07
4.235000000000000000e+03 1.117109999999999923e-06
4.240000000000000000e+03 -1.819999999999999886e-07
4.245000000000000000e+03 -6.770000000000000403e-07
4.250000000000000000e+03 2.599999999999999988e-07
4.255000000000000000e+03 -2.029999999999999781e-07
4.260000000000000000e+03 -4.200000000000000022e-07
4.265000000000000000e+03 -3.569999999999999807e-07
4.270000000000000000e+03 -3.449999999999999791e-07
4.275000000000000000e+03 -3.069999999999999829e-07
4.280000000000000000e+03 -1.200000000000000157e-07
4.285000000000000000e+03 1.572069999999999968e-06
4.290000000000000000e+03 1.730000000000000006e-07
4.295000000000000000e+03 4.789999999999999879e-07
4.300000000000000000e+03 7.090000000000000092e-07
4.305000000000000000e+03 5.339999999999999907e-07
4.310000000000000000e+03 1.200000000000000157e-07
4.315000000000000000e+03 9.930000000000000641e-07
4.320000000000000000e+03 5.509999999999999973e-07
4.325000000000000000e+03 1.410000000000000053e-07
4.330000000000000000e+03 6.859999999999999753e-07
4.335000000000000000e+03 8.479999999999999701e-07
4.340000000000000000e+03 1.029019999999999933e-06
4.345000000000000000e+03 -4.339999999999999952e-07
4.350000000000000000e+03 -6.089999999999999608e-08
4.355000000000000000e+03 4.059999999999999562e-07
4.360000000000000000e+03 9.579999999999999757e-07
4.365000000000000000e+03 1.078969999999999980e-06
4.370000000000000000e+03 2.119999999999999925e-07
4.375000000000000000e+03 2.689999999999999868e-07
4.380000000000000000e+03 5.269999999999999942e-07
4.385000000000000000e+03 -5.110000000000000626e-07
4.390000000000000000e+03 -5.670000000000000347e-07
4.395000000000000000e+03 5.519999999999999798e-08
4.400000000000000000e+03 1.840000000000000065e-07
4.405000000000000000e+03 5.889999999999999935e-07
4.410000000000000000e+03 5.759999999999999697e-07
4.415000000000000000e+03 8.749999999999999869e-07
4.420000000000000000e+03 -4.200000000000000022e-07
4.425000000000000000e+03 4.690000000000000307e-07
4.430000000000000000e+03 1.531530000000000056e-06
4.435000000000000000e+03 -4.169999999999999885e-07
4.440000000000000000e+03 1.357840000000000200e-06
4.445000000000000000e+03 7.479999999999999746e-07
4.450000000000000000e+03 8.530000000000000281e-07
4.455000000000000000e+03 -1.770000000000000100e-07
4.460000000000000000e+03 -3.499999999999999842e-07
4.465000000000000000e+03 3.320000000000000083e-07
4.470000000000000000e+03 1.160000000000000064e-07
4.475000000000000000e+03 2.710000000000000311e-07
4.480000000000000000e+03 4.110000000000000142e-07
4.485000000000000000e+03 1.730000000000000006e-07
4.490000000000000000e+03 -8.260000000000000113e-07
4.495000000000000000e+03 -1.130649999999999924e-06
4.500000000000000000e+03 3.380000000000000355e-07
4.505000000000000000e+03 -1.181410000000000095e-06
4.510000000000000000e+03 5.039999999999999603e-07
4.515000000000000000e+03 1.066109999999999903e-06
4.520000000000000000e+03 -4.550000000000000376e-07
4.525000000000000000e+03 -2.110000000000000034e-08
4.530000000000000000e+03 -3.789999999999999924e-07
4.535000000000000000e+03 9.670000000000000166e-07
4.540000000000000000e+03 -1.090000000000000099e-07
4.545000000000000000e+03 -3.979999999999999905e-07
4.550000000000000000e+03 3.479999999999999927e-07
4.555000000000000000e+03 -6.700000000000000438e-08
4.560000000000000000e+03 1.709999999999999827e-07
4.565000000000000000e+03 5.540000000000000109e-07
4.570000000000000000e+03 1.458719999999999817e-06
4.575000000000000000e+03 1.852389999999999979e-06
4.580000000000000000e+03 -1.480000000000000018e-07
4.585000000000000000e+03 -7.320000000000000431e-07
4.590000000000000000e+03 1.080000000000000009e-07
4.595000000000000000e+03 1.039229999999999916e-06
4.600000000000000000e+03 2.940000000000000121e-07
4.605000000000000000e+03 2.086020000000000146e-06
4.610000000000000000e+03 -2.899999999999999763e-07
4.615000000000000000e+03 5.450000000000000495e-08
4.620000000000000000e+03 4.040000000000000177e-07
4.625000000000000000e+03 -4.739999999999999828e-07
4.630000000000000000e+03 -2.000000000000000174e-07
4.635000000000000000e+03 9.090000000000000002e-07
4.640000000000000000e+03 -7.160000000000000057e-07
4.645000000000000000e+03 -5.959999999999999900e-07
4.650000000000000000e+03 -1.118520000000000092e-06
4.655000000000000000e+03 6.980000000000000298e-07
4.660000000000000000e+03 6.800000000000000010e-08
4.665000000000000000e+03 -3.169999999999999931e-07
4.670000000000000000e+03 -1.149999999999999974e-07
4.675000000000000000e+03 1.688829999999999804e-06
4.680000000000000000e+03 -9.739999999999999866e-08
4.685000000000000000e+03 -1.050729999999999933e-06
4.690000000000000000e+03 1.234669999999999819e-06
4.695000000000000000e+03 9.390000000000000306e-07
4.700000000000000000e+03 5.700000000000000582e-09
4.705000000000000000e+03 3.700000000000000044e-07
4.710000000000000000e+03 1.083570000000000113e-06
4.715000000000000000e+03 4.429999999999999831e-07
4.720000000000000000e+03 -2.960000000000000035e-07
4.725000000000000000e+03 1.239999999999999986e-07
4.730000000000000000e+03 -7.499999999999999661e-08
4.735000000000000000e+03 1.561850000000000132e-06
4.740000000000000000e+03 5.940000000000000515e-07
4.745000000000000000e+03 -7.209999999999999049e-08
4.750000000000000000e+03 -3.909999999999999940e-07
4.755000000000000000e+03 4.510000000000000018e-07
4.760000000000000000e+03 -3.610000000000000165e-07
4.765000000000000000e+03 -1.160000000000000064e-07
4.770000000000000000e+03 1.160000000000000064e-07
4.775000000000000000e+03 3.639999999999999772e-07
4.780000000000000000e+03 7.479999999999999746e-07
4.785000000000000000e+03 -1.609999999999999726e-07
4.790000000000000000e+03 -6.370000000000000130e-09
4.795000000000000000e+03 4.080000000000000006e-07
4.800000000000000000e+03 2.220000000000000027e-07
4.805000000000000000e+03 1.469580000000000167e-06
4.810000000000000000e+03 -2.489999999999999665e-07
4.815000000000000000e+03 1.252830000000000082e-06
4.820000000000000000e+03 -8.969999999999999456e-07
4.825000000000000000e+03 7.279999999999999544e-07
4.830000000000000000e+03 1.224630000000000081e-06
4.835000000000000000e+03 -3.870000000000000111e-07
4.840000000000000000e+03 2.229999999999999984e-07
4.845000000000000000e+03 -9.940000000000000334e-08
4.850000000000000000e+03 -1.024369999999999901e-06
4.855000000000000000e+03 1.095790000000000100e-06
4.860000000000000000e+03 6.470000000000000099e-07
4.865000000000000000e+03 5.099999999999999875e-07
4.870000000000000000e+03 3.350000000000000219e-07
4.875000000000000000e+03 -6.519999999999999620e-07
4.880000000000000000e+03 1.040879999999999934e-06
4.885000000000000000e+03 4.459999999999999968e-07
4.890000000000000000e+03 -1.590000000000000076e-07
4.895000000000000000e+03 -2.239999999999999941e-07
4.900000000000000000e+03 3.440000000000000098e-07
4.905000000000000000e+03 1.179040000000000107e-06
4.910000000000000000e+03 5.689999999999999732e-07
4.915000000000000000e+03 -1.369999999999999959e-07
4.920000000000000000e+03 4.259999999999999765e-07
4.925000000000000000e+03 4.370000000000000088e-07
4.930000000000000000e+03 -1.520000000000000111e-07
4.935000000000000000e+03 5.149999999999999396e-07
4.940000000000000000e+03 6.750000000000000224e-08
4.945000000000000000e+03 1.959999999999999816e-07
4.950000000000000000e+03 -1.039070000000000158e-06
4.955000000000000000e+03 -7.199999999999999886e-07
4.960000000000000000e+03 -1.392479999999999880e-06
4.965000000000000000e+03 -2.809999999999999883e-07
4.970000000000000000e+03 4.710000000000000221e-07
4.975000000000000000e+03 1.149999999999999974e-07
4.980000000000000000e+03 -1.590000000000000076e-07
4.985000000000000000e+03 7.219999999999999800e-08
4.990000000000000000e+03 1.970000000000000038e-07
4.995000000000000000e+03 7.279999999999999544e-07
5.000000000000000000e+03 7.320000000000000696e-08
5.005000000000000000e+03 6.300000000000000033e-07
5.010000000000000000e+03 8.420000000000001281e-08
5.015000000000000000e+03 -1.249999999999999943e-07
5.020000000000000000e+03 -7.279999999999999676e-09
5.025000000000000000e+03 -1.609999999999999726e-07
5.030000000000000000e+03 -6.139999999999999659e-07
5.035000000000000000e+03 4.300000000000000123e-07
5.040000000000000000e+03 4.099999999999999920e-07
5.045000000000000000e+03 3.449999999999999791e-07
5.050000000000000000e+03 1.410000000000000053e-07
5.055000000000000000e+03 -7.789999999999999743e-07
5.060000000000000000e+03 5.310000000000000829e-07
5.065000000000000000e+03 -1.355189999999999895e-06
5.070000000000000000e+03 -1.509999999999999889e-07
5.075000000000000000e+03 6.069999999999999694e-07
5.080000000000000000e+03 2.800000000000000191e-07
5.085000000000000000e+03 -2.229999999999999984e-07
5.090000000000000000e+03 -1.217250000000000077e-06
5.095000000000000000e+03 7.559999999999999404e-07
5.100000000000000000e+03 -5.140000000000000763e-07
5.105000000000000000e+03 1.499999999999999932e-07
5.110000000000000000e+03 -3.099999999999999966e-07
5.115000000000000000e+03 7.320000000000000431e-07
5.120000000000000000e+03 2.080000000000000096e-07
5.125000000000000000e+03 -9.369999999999999862e-07
5.130000000000000000e+03 1.367730000000000032e-06
5.135000000000000000e+03 -1.760000000000000143e-07
5.140000000000000000e+03 1.074500000000000046e-06
5.145000000000000000e+03 4.449999999999999746e-07
5.150000000000000000e+03 4.510000000000000018e-07
5.155000000000000000e+03 2.890000000000000070e-07
5.160000000000000000e+03 9.909999999999999139e-07
5.165000000000000000e+03 -3.300000000000000168e-07
5.170000000000000000e+03 -8.179999999999999132e-08
5.175000000000000000e+03 2.909999999999999985e-07
5.180000000000000000e+03 1.066209999999999910e-06
5.185000000000000000e+03 -4.269999999999999987e-07
5.190000000000000000e+03 3.660000000000000216e-07
5.195000000000000000e+03 -4.049999999999999870e-08
5.200000000000000000e+03 6.050000000000000309e-07
5.205000000000000000e+03 -1.390000000000000039e-08
5.210000000000000000e+03 -3.800000000000000146e-07
5.215000000000000000e+03 -1.406169999999999998e-06
5.220000000000000000e+03 -1.128930000000000091e-06
5.225000000000000000e+03 -8.850000000000000499e-08
5.230000000000000000e+03 -2.000000000000000174e-07
5.235000000000000000e+03 6.989999999999999991e-07
5.240000000000000000e+03 2.040000000000000003e-07
5.245000000000000000e+03 -3.649999999999999994e-07
5.250000000000000000e+03 6.579999999999999893e-07
5.255000000000000000e+03 3.779999999999999702e-07
5.260000000000000000e+03 2.260000000000000120e-07
5.265000000000000000e+03 1.220000000000000072e-07
5.270000000000000000e+03 2.340000000000000042e-07
5.275000000000000000e+03 4.059999999999999959e-08
5.280000000000000000e+03 -9.519999999999999484e-07
5.285000000000000000e+03 5.489999999999999529e-07
5.290000000000000000e+03 9.009999999999999285e-07
5.295000000000000000e+03 -1.559999999999999940e-07
5.300000000000000000e+03 4.800000000000000630e-07
5.305000000000000000e+03 1.203189999999999910e-06
5.310000000000000000e+03 -9.409999999999999691e-07
5.315000000000000000e+03 -7.660000000000000564e-07
5.320000000000000000e+03 -6.980000000000000298e-07
5.325000000000000000e+03 8.400000000000000043e-07
5.330000000000000000e+03 3.460000000000000013e-07
5.335000000000000000e+03 5.470000000000000144e-07
5.340000000000000000e+03 4.029999999999999955e-07
5.345000000000000000e+03 3.030000000000000001e-07
5.350000000000000000e+03 -6.190000000000000239e-07
5.355000000000000000e+03 -3.690000000000000352e-07
5.360000000000000000e+03 5.209999999999999669e-07
5.365000000000000000e+03 7.850000000000000015e-07
5.370000000000000000e+03 -2.970000000000000257e-07
5.375000000000000000e+03 -6.969999999999999547e-08
5.380000000000000000e+03 1.559999999999999940e-07
5.385000000000000000e+03 4.099999999999999920e-07
5.390000000000000000e+03 -2.090000000000000054e-07
5.395000000000000000e+03 9.060000000000000924e-07
5.400000000000000000e+03 -7.150000000000000365e-07
5.405000000000000000e+03 2.999999999999999864e-07
5.410000000000000000e+03 7.669999999999999198e-07
5.415000000000000000e+03 7.059999999999999956e-07
5.420000000000000000e+03 2.320000000000000128e-07
5.425000000000000000e+03 5.950000000000000207e-07
5.430000000000000000e+03 1.637750000000000117e-06
5.435000000000000000e+03 1.333259999999999962e-06
5.440000000000000000e+03 1.073689999999999922e-06
5.445000000000000000e+03 1.211060000000000099e-06
5.450000000000000000e+03 -7.440000000000000447e-08
5.455000000000000000e+03 4.999999999999999774e-07
5.460000000000000000e+03 -6.039999999999999557e-07
5.465000000000000000e+03 -4.479999999999999882e-07
5.470000000000000000e+03 2.599999999999999988e-07
5.475000000000000000e+03 3.419999999999999655e-07
5.480000000000000000e+03 -1.989999999999999952e-07
5.485000000000000000e+03 -4.200000000000000022e-07
5.490000000000000000e+03 -1.650000000000000084e-07
5.495000000000000000e+03 4.210000000000000244e-07
5.500000000000000000e+03 1.809999999999999929e-07
5.505000000000000000e+03 3.959999999999999990e-07
5.510000000000000000e+03 -5.379999999999999735e-07
5.515000000000000000e+03 -4.479999999999999882e-07
5.520000000000000000e+03 -5.300000000000000078e-07
5.525000000000000000e+03 1.459750000000000085e-06
5.530000000000000000e+03 1.149999999999999974e-07
5.535000000000000000e+03 6.799999999999999679e-09
5.540000000000000000e+03 5.110000000000000097e-08
5.545000000000000000e+03 -1.600000000000000033e-07
5.550000000000000000e+03 3.700000000000000044e-07
5.555000000000000000e+03 5.370000000000000043e-07
5.560000000000000000e+03 5.310000000000000829e-07
5.565000000000000000e+03 5.899999999999999627e-07
5.570000000000000000e+03 5.810000000000000277e-07
5.575000000000000000e+03 8.199999999999999841e-07
5.580000000000000000e+03 4.040000000000000177e-07
5.585000000000000000e+03 -8.179999999999999397e-07
5.590000000000000000e+03 -1.600000000000000033e-07
5.595000000000000000e+03 -1.041960000000000100e-06
5.600000000000000000e+03 1.387990000000000030e-06
5.605000000000000000e+03 5.899999999999999627e-07
5.610000000000000000e+03 6.360000000000000305e-07
5.615000000000000000e+03 1.141470000000000017e-06
5.620000000000000000e+03 2.689999999999999868e-07
5.625000000000000000e+03 9.810000000000000096e-07
5.630000000000000000e+03 5.759999999999999697e-07
5.635000000000000000e+03 1.285159999999999949e-06
5.640000000000000000e+03 3.800000000000000278e-08
5.645000000000000000e+03 1.559999999999999940e-07
5.650000000000000000e+03 -6.700000000000000438e-07
5.655000000000000000e+03 -5.409999999999999872e-07
5.660000000000000000e+03 1.390000000000000138e-07
5.665000000000000000e+03 1.278230000000000084e-06
5.670000000000000000e+03 6.090000000000000137e-07
5.675000000000000000e+03 -3.080000000000000581e-07
5.680000000000000000e+03 3.940000000000000076e-07
5.685000000000000000e+03 -5.629999999999999459e-07
5.690000000000000000e+03 3.520000000000000285e-07
5.695000000000000000e+03 -7.669999999999999198e-07
5.700000000000000000e+03 1.362140000000000099e-06
5.705000000000000000e+03 -5.199999999999999976e-07
5.710000000000000000e+03 1.427509999999999949e-06
5.715000000000000000e+03 -1.092339999999999946e-06
5.720000000000000000e+03 -1.549999999999999983e-07
5.725000000000000000e+03 1.085119999999999912e-06
5.730000000000000000e+03 1.451260000000000146e-06
5.735000000000000000e+03 -9.650000000000001046e-08
5.740000000000000000e+03 -1.029739999999999902e-06
5.745000000000000000e+03 7.270000000000000910e-07
5.750000000000000000e+03 -2.499999999999999887e-07
5.755000000000000000e+03 2.549999999999999938e-07
5.760000000000000000e+03 2.380000000000000136e-08
5.765000000000000000e+03 1.089100000000000084e-06
5.770000000000000000e+03 1.273580000000000053e-06
5.775000000000000000e+03 6.210000000000000682e-07
5.780000000000000000e+03 4.569999999999999761e-07
5.785000000000000000e+03 2.263090000000000130e-06
5.790000000000000000e+03 1.387240000000000079e-06
5.795000000000000000e+03 1.488679999999999908e-06
5.800000000000000000e+03 4.400000000000000357e-08
5.805000000000000000e+03 8.799999999999999390e-07
5.810000000000000000e+03 4.569999999999999761e-07
5.815000000000000000e+03 -1.240710000000000103e-06
5.820000000000000000e+03 6.940000000000000469e-07
5.825000000000000000e+03 1.099289999999999939e-06
5.830000000000000000e+03 -1.010000000000000044e-07
5.835000000000000000e+03 -5.420000000000000623e-07
5.840000000000000000e+03 -3.830000000000000282e-07
5.845000000000000000e+03 -4.180000000000000107e-07
5.850000000000000000e+03 3.830000000000000282e-07
5.855000000000000000e+03 6.060000000000000001e-07
5.860000000000000000e+03 -3.520000000000000285e-07
5.865000000000000000e+03 5.050000000000000221e-08
5.870000000000000000e+03 -6.609999999999998970e-07
5.875000000000000000e+03 6.610000000000000294e-08
5.880000000000000000e+03 9.130000000000000360e-08
5.885000000000000000e+03 -1.375679999999999888e-06
5.890000000000000000e+03 7.050000000000000263e-07
5.895000000000000000e+03 3.150000000000000016e-07
5.900000000000000000e+03 -2.859999999999999934e-07
5.905000000000000000e+03 6.590000000000000644e-07
5.910000000000000000e+03 1.287550000000000065e-06
5.915000000000000000e+03 4.949999999999999194e-07
5.920000000000000000e+03 -3.940000000000000208e-08
5.925000000000000000e+03 7.220000000000000330e-07
5.930000000000000000e+03 -5.800000000000000320e-08
5.935000000000000000e+03 3.809999999999999838e-07
5.940000000000000000e+03 4.059999999999999562e-07
5.945000000000000000e+03 7.070000000000000442e-08
5.950000000000000000e+03 -6.779999999999999037e-07
5.955000000000000000e+03 4.080000000000000006e-07
5.960000000000000000e+03 1.048059999999999923e-06
5.965000000000000000e+03 6.310000000000000254e-08
5.970000000000000000e+03 1.709090000000000225e-06
5.975000000000000000e+03 -2.599999999999999988e-07
5.980000000000000000e+03 2.249659999999999989e-06
5.985000000000000000e+03 -2.060000000000000248e-08
5.990000000000000000e+03 -1.470000000000000061e-07
5.995000000000000000e+03 4.999999999999999774e-07
6.000000000000000000e+03 -5.400000000000000179e-07
6.005000000000000000e+03 -3.010000000000000086e-07
6.010000000000000000e+03 -1.108119999999999946e-06
6.015000000000000000e+03 -5.740000000000000312e-07
6.020000000000000000e+03 -3.080000000000000581e-07
6.025000000000000000e+03 1.138219999999999878e-06
6.030000000000000000e+03 1.259999999999999901e-07
6.035000000000000000e+03 -4.589999999999999676e-07
6.040000000000000000e+03 -7.679999999999999949e-07
6.045000000000000000e+03 -3.759999999999999788e-07
6.050000000000000000e+03 -4.130000000000000057e-07
6.055000000000000000e+03 1.069999999999999920e-07
6.060000000000000000e+03 6.640000000000000165e-07
6.065000000000000000e+03 2.100000000000000011e-07
6.070000000000000000e+03 4.259999999999999765e-07
6.075000000000000000e+03 -3.949999999999999768e-07
6.080000000000000000e+03 6.439999999999998904e-07
6.085000000000000000e+03 -6.409999999999999826e-07
6.090000000000000000e+03 4.309999999999999816e-07
6.095000000000000000e+03 4.629999999999999769e-08
6.100000000000000000e+03 -8.189999999999999883e-08
6.105000000000000000e+03 2.799999999999999926e-08
6.110000000000000000e+03 3.150000000000000016e-07
6.115000000000000000e+03 -2.669999999999999755e-08
6.120000000000000000e+03 5.099999999999999875e-07
6.125000000000000000e+03 -5.959999999999999767e-08
6.130000000000000000e+03 3.669999999999999908e-07
6.135000000000000000e+03 -2.599999999999999988e-07
6.140000000000000000e+03 -1.299999999999999994e-07
6.145000000000000000e+03 3.460000000000000013e-07
6.150000000000000000e+03 6.199999999999999931e-07
6.155000000000000000e+03 -1.029999999999999959e-07
6.160000000000000000e+03 1.520000000000000111e-07
6.165000000000000000e+03 1.294400000000000050e-06
6.170000000000000000e+03 6.679999999999999994e-07
6.175000000000000000e+03 -1.650000000000000084e-07
6.180000000000000000e+03 2.780000000000000277e-07
6.185000000000000000e+03 -9.779999999999999960e-07
6.190000000000000000e+03 2.850000000000000242e-07
6.195000000000000000e+03 5.289999999999999327e-07
6.200000000000000000e+03 -1.830000000000000108e-07
6.205000000000000000e+03 9.349999999999999418e-07
6.210000000000000000e+03 7.040000000000000836e-08
6.215000000000000000e+03 4.429999999999999831e-07
6.220000000000000000e+03 1.400000000000000095e-07
6.225000000000000000e+03 4.910000000000000424e-07
6.230000000000000000e+03 3.520000000000000285e-07
6.235000000000000000e+03 1.239999999999999986e-07
6.240000000000000000e+03 -4.229999999999999629e-07
6.245000000000000000e+03 -1.227280000000000174e-06
6.250000000000000000e+03 3.770000000000000009e-07
6.255000000000000000e+03 1.327839999999999852e-06
6.260000000000000000e+03 -2.199999999999999848e-07
6.265000000000000000e+03 -1.658960000000000080e-06
6.270000000000000000e+03 -1.429999999999999967e-07
6.275000000000000000e+03 6.740000000000000267e-07
6.280000000000000000e+03 1.048749999999999912e-06
6.285000000000000000e+03 2.619999999999999903e-07
6.290000000000000000e+03 5.810000000000000277e-07
6.295000000000000000e+03 -5.149999999999999396e-07
6.300000000000000000e+03 2.400000000000000315e-07
6.305000000000000000e+03 -5.099999999999999875e-07
6.310000000000000000e+03 -2.540000000000000245e-07
6.315000000000000000e+03 -1.096850000000000137e-06
6.320000000000000000e+03 7.090000000000000092e-07
6.325000000000000000e+03 1.739999999999999964e-07
6.330000000000000000e+03 -4.920000000000000381e-08
6.335000000000000000e+03 6.400000000000000134e-07
6.340000000000000000e+03 7.649999999999999813e-07
6.345000000000000000e+03 8.260000000000000113e-07
6.350000000000000000e+03 6.099999999999999830e-07
6.355000000000000000e+03 2.120170000000000065e-06
6.360000000000000000e+03 7.250000000000000466e-07
6.365000000000000000e+03 3.720000000000000488e-07
6.370000000000000000e+03 -7.069999999999999781e-09
6.375000000000000000e+03 -2.440000000000000144e-07
6.380000000000000000e+03 -5.010000000000000525e-08
6.385000000000000000e+03 2.390000000000000093e-07
6.390000000000000000e+03 1.189999999999999936e-07
6.395000000000000000e+03 -6.369999999999999998e-07
6.400000000000000000e+03 1.642380000000000020e-06
6.405000000000000000e+03 -4.739999999999999828e-07
6.410000000000000000e+03 -8.059999999999999911e-07
6.415000000000000000e+03 1.384380000000000118e-06
6.420000000000000000e+03 -4.010000000000000041e-07
6.425000000000000000e+03 1.119999999999999970e-07
6.430000000000000000e+03 4.250000000000000072e-07
6.435000000000000000e+03 -4.959999999999999945e-07
6.440000000000000000e+03 9.509999999999999792e-07
6.445000000000000000e+03 2.619999999999999903e-07
6.450000000000000000e+03 1.083839999999999943e-06
6.455000000000000000e+03 2.410000000000000007e-07
6.460000000000000000e+03 1.259999999999999901e-07
6.465000000000000000e+03 4.889999999999999980e-07
6.470000000000000000e+03 -4.320000000000000037e-07
6.475000000000000000e+03 -4.850000000000000151e-07
6.480000000000000000e+03 6.590000000000000644e-07
6.485000000000000000e+03 3.919999999999999632e-07
6.490000000000000000e+03 -5.039999999999999603e-07
6.495000000000000000e+03 -1.170000000000000021e-07
6.500000000000000000e+03 8.980000000000000208e-07
6.505000000000000000e+03 1.727210000000000019e-06
6.510000000000000000e+03 -3.270000000000000032e-07
6.515000000000000000e+03 4.050000000000000399e-07
6.520000000000000000e+03 -2.289999999999999992e-08
6.525000000000000000e+03 6.600000000000000337e-07
6.530000000000000000e+03 -6.089999999999999608e-08
6.535000000000000000e+03 -9.210000000000000547e-07
6.540000000000000000e+03 -5.459999999999999393e-07
6.545000000000000000e+03 7.470000000000000054e-07
6.550000000000000000e+03 3.389999999999999518e-07
6.555000000000000000e+03 3.249999999999999588e-07
6.560000000000000000e+03 -3.569999999999999807e-07
6.565000000000000000e+03 1.217010000000000017e-06
6.570000000000000000e+03 8.119999999999999124e-07
6.575000000000000000e+03 9.369999999999999862e-08
6.580000000000000000e+03 1.058680000000000001e-06
6.585000000000000000e+03 4.699999999999999470e-07
6.590000000000000000e+03 1.072590000000000051e-06
6.595000000000000000e+03 1.679999999999999956e-07
6.600000000000000000e+03 1.730000000000000006e-07
6.605000000000000000e+03 1.457220000000000127e-06
6.610000000000000000e+03 1.560370000000000148e-06
6.615000000000000000e+03 -8.980000000000000208e-07
6.620000000000000000e+03 1.699999999999999870e-07
6.625000000000000000e+03 -1.639999999999999862e-07
6.630000000000000000e+03 -7.320000000000000696e-08
6.635000000000000000e+03 4.990000000000000081e-07
6.640000000000000000e+03 4.239999999999999850e-07
6.645000000000000000e+03 6.479999999999999791e-07
6.650000000000000000e+03 -5.250000000000000027e-08
6.655000000000000000e+03 9.799999999999999345e-07
6.660000000000000000e+03 4.829999999999999707e-07
6.665000000000000000e+03 1.360000000000000002e-07
6.670000000000000000e+03 4.729999999999999606e-07
6.675000000000000000e+03 4.080000000000000006e-07
6.680000000000000000e+03 -8.309999999999999635e-08
6.685000000000000000e+03 2.540000000000000245e-07
6.690000000000000000e+03 -4.660000000000000170e-07
6.695000000000000000e+03 -1.046809999999999935e-06
6.700000000000000000e+03 1.439999999999999924e-07
6.705000000000000000e+03 -2.859999999999999934e-07
6.710000000000000000e+03 -6.519999999999999620e-07
6.715000000000000000e+03 1.050000000000000005e-07
6.720000000000000000e+03 4.680000000000000085e-07
6.725000000000000000e+03 2.840000000000000020e-07
6.730000000000000000e+03 -1.211880000000000076e-06
6.735000000000000000e+03 -2.820000000000000105e-07
6.740000000000000000e+03 6.369999999999999998e-07
6.745000000000000000e+03 -3.520000000000000285e-07
6.750000000000000000e+03 -4.490000000000000104e-07
6.755000000000000000e+03 -4.020000000000000263e-07
6.760000000000000000e+03 5.280000000000000693e-07
6.765000000000000000e+03 1.156460000000000020e-06
6.770000000000000000e+03 -8.679999999999999904e-07
6.775000000000000000e+03 -1.069479999999999965e-06
6.780000000000000000e+03 -6.760000000000000711e-07
6.785000000000000000e+03 1.853520000000000043e-06
6.790000000000000000e+03 3.649999999999999994e-07
6.795000000000000000e+03 7.380000000000000704e-07
6.800000000000000000e+03 4.629999999999999769e-08
6.805000000000000000e+03 -2.059999999999999917e-07
6.810000000000000000e+03 4.440000000000000053e-07
6.815000000000000000e+03 8.210000000000000592e-07
6.820000000000000000e+03 5.110000000000000626e-07
6.825000000000000000e+03 1.029999999999999959e-07
6.830000000000000000e+03 -2.410000000000000007e-07
6.835000000000000000e+03 -5.349999999999999599e-07
6.840000000000000000e+03 3.830000000000000282e-07
6.845000000000000000e+03 3.109999999999999658e-07
6.850000000000000000e+03 -5.670000000000000347e-07
6.855000000000000000e+03 -1.176319999999999988e-06
6.860000000000000000e+03 1.710089999999999876e-06
6.865000000000000000e+03 3.720000000000000488e-07
6.870000000000000000e+03 -2.279999999999999770e-07
6.875000000000000000e+03 -1.869999999999999937e-07
6.880000000000000000e+03 -1.279999999999999815e-07
6.885000000000000000e+03 -4.119999999999999835e-07
6.890000000000000000e+03 4.419999999999999609e-07
6.895000000000000000e+03 1.592570000000000026e-06
6.900000000000000000e+03 4.339999999999999952e-07
6.905000000000000000e+03 7.239999999999999715e-07
6.910000000000000000e+03 -9.029999999999999464e-08
6.915000000000000000e+03 -5.020000000000000218e-07
6.920000000000000000e+03 8.550000000000000725e-07
6.925000000000000000e+03 6.349999999999999554e-07
6.930000000000000000e+03 1.139170000000000055e-06
6.935000000000000000e+03 4.419999999999999609e-07
6.940000000000000000e+03 -6.820000000000000189e-08
6.945000000000000000e+03 -7.349999999999999509e-07
6.950000000000000000e+03 2.909999999999999985e-07
6.955000000000000000e+03 4.959999999999999945e-07
6.960000000000000000e+03 5.260000000000000249e-07
6.965000000000000000e+03 -4.510000000000000018e-07
6.970000000000000000e+03 4.470000000000000189e-07
6.975000000000000000e+03 1.210579999999999978e-06
6.980000000000000000e+03 6.740000000000000267e-07
6.985000000000000000e+03 5.169999999999999840e-07
6.990000000000000000e+03 1.739999999999999964e-07
6.995000000000000000e+03 -3.219999999999999452e-07
7.000000000000000000e+03 -1.360000000000000002e-07
7.005000000000000000e+03 -2.999999999999999864e-07
7.010000000000000000e+03 -6.420000000000000578e-07
7.015000000000000000e+03 -4.419999999999999609e-07
7.020000000000000000e+03 8.169999999999999704e-07
7.025000000000000000e+03 5.700000000000000483e-07
7.030000000000000000e+03 -1.200000000000000157e-07
7.035000000000000000e+03 5.899999999999999627e-07
7.040000000000000000e+03 -1.050000000000000005e-07
7.045000000000000000e+03 8.810000000000000141e-07
7.050000000000000000e+03 -1.949999999999999859e-07
7.055000000000000000e+03 -3.040000000000000222e-07
7.060000000000000000e+03 1.015409999999999905e-06
7.065000000000000000e+03 -2.010000000000000131e-07
7.070000000000000000e+03 2.090000000000000054e-07
7.075000000000000000e+03 9.360000000000000169e-07
7.080000000000000000e+03 -8.689999999999999596e-07
7.085000000000000000e+03 -1.635660000000000023e-06
7.090000000000000000e+03 -9.309999999999999589e-07
7.095000000000000000e+03 -7.119999999999999170e-07
7.100000000000000000e+03 1.989999999999999952e-07
7.105000000000000000e+03 -1.110000000000000013e-07
7.110000000000000000e+03 1.806900000000000013e-06
7.115000000000000000e+03 3.259999999999999810e-07
7.120000000000000000e+03 -3.440000000000000098e-07
7.125000000000000000e+03 1.408629999999999929e-06
7.130000000000000000e+03 1.879999999999999894e-07
7.135000000000000000e+03 9.860000000000000941e-08
7.140000000000000000e+03 5.400000000000000179e-07
7.145000000000000000e+03 8.959999999999999764e-07
7.150000000000000000e+03 -1.309999999999999951e-07
7.155000000000000000e+03 6.880000000000000197e-07
7.160000000000000000e+03 1.132940000000000032e-06
7.165000000000000000e+03 2.400000000000000315e-07
7.170000000000000000e+03 -2.530000000000000023e-07
7.175000000000000000e+03 1.219030000000000084e-06
7.180000000000000000e+03 4.119999999999999835e-07
7.185000000000000000e+03 -1.250000000000000109e-08
7.190000000000000000e+03 1.567700000000000042e-06
7.195000000000000000e+03 1.321820000000000119e-06
7.200000000000000000e+03 -1.639999999999999862e-07
7.205000000000000000e+03 7.309999999999999680e-07
7.210000000000000000e+03 -8.199999999999999841e-07
7.215000000000000000e+03 4.990000000000000081e-07
7.220000000000000000e+03 -3.860000000000000418e-07
7.225000000000000000e+03 -1.809999999999999929e-07
7.230000000000000000e+03 1.208059999999999874e-06
7.235000000000000000e+03 1.086109999999999923e-06
7.240000000000000000e+03 -1.439999999999999924e-07
7.245000000000000000e+03 1.439999999999999924e-07
7.250000000000000000e+03 -6.499999999999999971e-08
7.255000000000000000e+03 1.284360000000000100e-06
7.260000000000000000e+03 5.859999999999999534e-08
7.265000000000000000e+03 4.820000000000000015e-07
7.270000000000000000e+03 1.003459999999999961e-06
7.275000000000000000e+03 6.910000000000000333e-07
7.280000000000000000e+03 6.910000000000000333e-07
7.285000000000000000e+03 -5.479999999999999837e-07
7.290000000000000000e+03 1.058650000000000020e-06
7.295000000000000000e+03 1.362729999999999868e-06
7.300000000000000000e+03 1.334279999999999954e-06
7.305000000000000000e+03 -5.059999999999999649e-08
7.310000000000000000e+03 1.385129999999999857e-06
7.315000000000000000e+03 5.500000000000000281e-07
7.320000000000000000e+03 4.640000000000000256e-07
7.325000000000000000e+03 2.560000000000000093e-08
7.330000000000000000e+03 6.400000000000000134e-07
7.335000000000000000e+03 2.689999999999999934e-08
7.340000000000000000e+03 6.260000000000000468e-08
7.345000000000000000e+03 8.940000000000000379e-07
7.350000000000000000e+03 8.080000000000000354e-07
7.355000000000000000e+03 -8.590000000000000554e-07
7.360000000000000000e+03 3.440000000000000098e-07
7.365000000000000000e+03 1.540679999999999791e-06
7.370000000000000000e+03 -3.049999999999999915e-07
7.375000000000000000e+03 -9.789999999999998593e-07
7.380000000000000000e+03 4.789999999999999879e-07
7.385000000000000000e+03 2.700000000000000090e-07
7.390000000000000000e+03 6.479999999999999791e-07
7.395000000000000000e+03 2.470000000000000280e-07
7.400000000000000000e+03 -8.410000000000000530e-08
7.405000000000000000e+03 3.589999999999999721e-07
7.410000000000000000e+03 9.210000000000000547e-07
7.415000000000000000e+03 2.029999999999999781e-07
7.420000000000000000e+03 2.163859999999999896e-06
7.425000000000000000e+03 1.412639999999999870e-06
7.430000000000000000e+03 4.010000000000000041e-07
7.435000000000000000e+03 6.540000000000000064e-07
7.440000000000000000e+03 7.239999999999999715e-07
7.445000000000000000e+03 2.330000000000000085e-07
7.450000000000000000e+03 1.405710000000000006e-06
7.455000000000000000e+03 -3.689999999999999955e-08
7.460000000000000000e+03 1.312289999999999848e-06
7.465000000000000000e+03 1.940000000000000166e-07
7.470000000000000000e+03 1.725779999999999933e-06
7.475000000000000000e+03 2.499999999999999887e-07
7.480000000000000000e+03 8.470000000000000008e-07
7.485000000000000000e+03 2.360000000000000221e-07
7.490000000000000000e+03 1.984389999999999732e-06
7.495000000000000000e+03 3.389999999999999518e-07
7.500000000000000000e+03 5.530000000000000417e-07
7.505000000000000000e+03 1.021309999999999925e-06
7.510000000000000000e+03 1.480000000000000018e-07
7.515000000000000000e+03 1.480340000000000086e-06
7.520000000000000000e+03 2.850000000000000242e-07
7.525000000000000000e+03 1.666639999999999894e-06
7.530000000000000000e+03 1.681590000000000065e-06
7.535000000000000000e+03 1.211970000000000019e-06
7.540000000000000000e+03 5.990000000000000036e-07
7.545000000000000000e+03 9.330000000000000033e-07
7.550000000000000000e+03 6.360000000000000305e-07
7.555000000000000000e+03 2.131430000000000022e-06
7.560000000000000000e+03 2.059030000000000088e-06
7.565000000000000000e+03 1.381350000000000124e-06
7.570000000000000000e+03 2.267899999999999920e-06
7.575000000000000000e+03 2.466359999999999964e-06
7.580000000000000000e+03 1.748409999999999918e-06
7.585000000000000000e+03 2.953480000000000054e-06
7.590000000000000000e+03 2.378299999999999743e-06
7.595000000000000000e+03 1.615789999999999992e-06
7.600000000000000000e+03 3.296220000000000011e-06
7.605000000000000000e+03 2.835359999999999735e-06
7.610000000000000000e+03 4.096789999999999616e-06
7.615000000000000000e+03 2.073910000000000020e-06
7.620000000000000000e+03 3.273479999999999955e-06
7.625000000000000000e+03 3.479970000000000158e-06
7.630000000000000000e+03 3.799380000000000290e-06
7.635000000000000000e+03 3.904659999999999814e-06
7.640000000000000000e+03 3.040959999999999935e-06
7.645000000000000000e+03 5.902039999999999823e-06
7.650000000000000000e+03 3.958179999999999938e-06
7.655000000000000000e+03 3.130290000000000060e-06
7.660000000000000000e+03 5.487390000000000328e-06
7.665000000000000000e+03 4.778849999999999994e-06
7.670000000000000000e+03 3.442669999999999685e-06
7.675000000000000000e+03 4.516969999999999716e-06
7.680000000000000000e+03 4.560230000000000383e-06
7.685000000000000000e+03 4.699230000000000238e-06
7.690000000000000000e+03 5.575790000000000194e-06
7.695000000000000000e+03 5.975429999999999979e-06
7.700000000000000000e+03 6.269690000000000445e-06
7.705000000000000000e+03 7.038149999999999691e-06
7.710000000000000000e+03 6.812299999999999981e-06
7.715000000000000000e+03 1.009822000000000070e-05
7.720000000000000000e+03 8.718880000000000792e-06
7.725000000000000000e+03 1.012871000000000081e-05
7.730000000000000000e+03 9.177279999999999656e-06
7.735000000000000000e+03 1.019920999999999954e-05
7.740000000000000000e+03 1.031755999999999986e-05
7.745000000000000000e+03 1.137060999999999988e-05
7.750000000000000000e+03 1.274114000000000012e-05
7.755000000000000000e+03 1.296321000000000052e-05
7.760000000000000000e+03 1.293391999999999966e-05
7.765000000000000000e+03 1.355373999999999976e-05
7.770000000000000000e+03 1.548442999999999906e-05
7.775000000000000000e+03 1.587738999999999741e-05
7.780000000000000000e+03 1.741312999999999975e-05
7.785000000000000000e+03 1.832602000000000178e-05
7.790000000000000000e+03 1.913989000000000217e-05
7.795000000000000000e+03 1.994740999999999881e-05
7.800000000000000000e+03 2.153720999999999839e-05
7.805000000000000000e+03 2.302826999999999899e-05
7.810000000000000000e+03 2.626535000000000087e-05
7.815000000000000000e+03 2.736772000000000027e-05
7.820000000000000000e+03 2.853127999999999765e-05
7.825000000000000000e+03 3.075515999999999710e-05
7.830000000000000000e+03 3.336530999999999785e-05
7.835000000000000000e+03 3.581556000000000035e-05
7.840000000000000000e+03 3.731838999999999762e-05
7.845000000000000000e+03 4.086026999999999699e-05
7.850000000000000000e+03 4.165595000000000560e-05
7.855000000000000000e+03 4.571368000000000106e-05
7.860000000000000000e+03 4.925706000000000371e-05
7.865000000000000000e+03 5.376955000000000428e-05
7.870000000000000000e+03 5.734359999999999761e-05
7.875000000000000000e+03 6.131104999999999975e-05
7.880000000000000000e+03 6.672597999999999637e-05
7.885000000000000000e+03 7.181428999999999374e-05
7.890000000000000000e+03 7.587744999999999635e-05
7.895000000000000000e+03 8.268604000000000362e-05
7.900000000000000000e+03 8.670544999999999500e-05
7.905000000000000000e+03 9.631974999999999543e-05
7.910000000000000000e+03 1.021004499999999924e-04
7.915000000000000000e+03 1.101533699999999994e-04
7.920000000000000000e+03 1.193824100000000048e-04
7.925000000000000000e+03 1.293625999999999869e-04
7.930000000000000000e+03 1.376536700000000112e-04
7.935000000000000000e+03 1.503727999999999912e-04
7.940000000000000000e+03 1.613942499999999837e-04
7.945000000000000000e+03 1.758785499999999968e-04
7.950000000000000000e+03 1.901830200000000201e-04
7.955000000000000000e+03 2.073435100000000188e-04
7.960000000000000000e+03 2.244928300000000087e-04
7.965000000000000000e+03 2.434448000000000243e-04
7.970000000000000000e+03 2.654800800000000184e-04
7.975000000000000000e+03 2.862260100000000077e-04
7.980000000000000000e+03 3.117714599999999716e-04
7.985000000000000000e+03 3.380689399999999467e-04
7.990000000000000000e+03 3.691820099999999771e-04
7.995000000000000000e+03 4.026829099999999599e-04
8.000000000000000000e+03 4.390416300000000169e-04
8.005000000000000000e+03 4.758249600000000299e-04
8.010000000000000000e+03 5.201141499999999574e-04
8.015000000000000000e+03 5.693723600000000348e-04
8.020000000000000000e+03 6.215624899999999762e-04
8.025000000000000000e+03 6.803639999999999254e-04
8.030000000000000000e+03 7.421281899999999931e-04
8.035000000000000000e+03 8.154705199999999791e-04
8.040000000000000000e+03 8.909815599999999303e-04
8.045000000000000000e+03 9.780064199999998539e-04
8.050000000000000000e+03 1.073693039999999970e-03
8.055000000000000000e+03 1.180315990000000087e-03
8.060000000000000000e+03 1.293190120000000005e-03
8.065000000000000000e+03 1.427306530000000198e-03
8.070000000000000000e+03 1.572830379999999887e-03
8.075000000000000000e+03 1.733467879999999990e-03
8.080000000000000000e+03 1.909083279999999969e-03
8.085000000000000000e+03 2.106268699999999921e-03
8.090000000000000000e+03 2.327630069999999957e-03
8.095000000000000000e+03 2.568820119999999825e-03
8.100000000000000000e+03 2.846424580000000027e-03
8.105000000000000000e+03 3.156975510000000363e-03
8.110000000000000000e+03 3.489197490000000082e-03
8.115000000000000000e+03 3.880487680000000057e-03
8.120000000000000000e+03 4.306377469999999978e-03
8.125000000000000000e+03 4.785671830000000175e-03
8.130000000000000000e+03 5.328491930000000057e-03
8.135000000000000000e+03 5.940651890000000698e-03
8.140000000000000000e+03 6.617915629999999473e-03
8.145000000000000000e+03 7.386415010000000302e-03
8.150000000000000000e+03 8.249129060000000638e-03
8.155000000000000000e+03 9.207479949999999858e-03
8.160000000000000000e+03 1.030923723999999965e-02
8.165000000000000000e+03 1.155521870000000145e-02
8.170000000000000000e+03 1.295580506000000055e-02
8.175000000000000000e+03 1.452885865999999949e-02
8.180000000000000000e+03 1.634184598999999932e-02
8.185000000000000000e+03 1.836225390000000013e-02
8.190000000000000000e+03 2.063337087999999805e-02
8.195000000000000000e+03 2.327847958000000064e-02
8.200000000000000000e+03 2.627549409999999780e-02
8.205000000000000000e+03 2.965273619000000083e-02
8.210000000000000000e+03 3.347087622000000096e-02
8.215000000000000000e+03 3.786899804999999813e-02
8.220000000000000000e+03 4.283341407999999989e-02
8.225000000000000000e+03 4.844552039999999726e-02
8.230000000000000000e+03 5.500495911000000127e-02
8.235000000000000000e+03 6.234388350999999634e-02
8.240000000000000000e+03 7.057178020000000329e-02
8.245000000000000000e+03 8.001963614999998975e-02
8.250000000000000000e+03 9.085890770000000505e-02
8.255000000000000000e+03 1.028210162999999983e-01
8.260000000000000000e+03 1.166089153000000045e-01
8.265000000000000000e+03 1.322409915999999963e-01
8.270000000000000000e+03 1.495741272000000177e-01
8.275000000000000000e+03 1.687932396000000057e-01
8.280000000000000000e+03 1.905461501999999863e-01
8.285000000000000000e+03 2.144929314000000309e-01
8.290000000000000000e+03 2.406350708000000171e-01
8.295000000000000000e+03 2.697447585999999675e-01
8.300000000000000000e+03 3.011389351000000048e-01
8.305000000000000000e+03 3.340045929000000080e-01
8.310000000000000000e+03 3.700830840999999594e-01
8.315000000000000000e+03 4.072393799000000314e-01
8.320000000000000000e+03 4.462142563000000006e-01
8.325000000000000000e+03 4.861355591000000032e-01
8.330000000000000000e+03 5.263693237000000025e-01
8.335000000000000000e+03 5.668083572000000014e-01
8.340000000000000000e+03 6.059006500000000406e-01
8.345000000000000000e+03 6.445021056999999942e-01
8.350000000000000000e+03 6.810724639999999885e-01
8.355000000000000000e+03 7.151604462000000773e-01
8.360000000000000000e+03 7.478807831000000572e-01
8.365000000000000000e+03 7.775244141000000608e-01
8.370000000000000000e+03 8.040267944000000222e-01
8.375000000000000000e+03 8.279769134999999114e-01
8.380000000000000000e+03 8.490127563000000599e-01
8.385000000000000000e+03 8.676685333000000444e-01
8.390000000000000000e+03 8.836048126000000114e-01
8.395000000000000000e+03 8.975585938000000263e-01
8.400000000000000000e+03 9.094683075000000727e-01
8.405000000000000000e+03 9.193029784999999787e-01
8.410000000000000000e+03 9.277860260000000414e-01
8.415000000000000000e+03 9.347676085999999662e-01
8.420000000000000000e+03 9.408890533000000556e-01
8.425000000000000000e+03 9.454827880999999712e-01
8.430000000000000000e+03 9.492093658000000378e-01
8.435000000000000000e+03 9.526663207999999106e-01
8.440000000000000000e+03 9.551366425000000770e-01
8.445000000000000000e+03 9.574335480000000231e-01
8.450000000000000000e+03 9.593101500999999809e-01
8.455000000000000000e+03 9.604560852000000315e-01
8.460000000000000000e+03 9.617971038999999500e-01
8.465000000000000000e+03 9.629790497000000338e-01
8.470000000000000000e+03 9.633145905000000120e-01
8.475000000000000000e+03 9.639312744000000377e-01
8.480000000000000000e+03 9.642432403999999790e-01
8.485000000000000000e+03 9.646533965999999349e-01
8.490000000000000000e+03 9.651531219000000217e-01
8.495000000000000000e+03 9.655302429000000020e-01
8.500000000000000000e+03 9.666350554999999511e-01
8.505000000000000000e+03 9.667196654999998806e-01
8.510000000000000000e+03 9.668196106000001011e-01
8.515000000000000000e+03 9.668117522999999380e-01
8.520000000000000000e+03 9.668054198999999072e-01
8.525000000000000000e+03 9.667646027000000863e-01
8.530000000000000000e+03 9.667982483000000515e-01
8.535000000000000000e+03 9.667438507000000181e-01
8.540000000000000000e+03 9.667060852000000093e-01
8.545000000000000000e+03 9.666452789000000712e-01
8.550000000000000000e+03 9.665474700999999724e-01
8.555000000000000000e+03 9.664746857000000579e-01
8.560000000000000000e+03 9.665032958999999479e-01
8.565000000000000000e+03 9.664167022999999856e-01
8.570000000000000000e+03 9.663394164999999925e-01
8.575000000000000000e+03 9.663058472000000121e-01
8.580000000000000000e+03 9.662979889000000711e-01
8.585000000000000000e+03 9.663359069999999384e-01
8.590000000000000000e+03 9.662291718000000085e-01
8.595000000000000000e+03 9.662450409000000739e-01
8.600000000000000000e+03 9.663014221000000292e-01
8.605000000000000000e+03 9.663324737999999803e-01
8.610000000000000000e+03 9.664081572999999592e-01
8.615000000000000000e+03 9.664098357999999500e-01
8.620000000000000000e+03 9.665240479000000162e-01
8.625000000000000000e+03 9.666236876999999561e-01
8.630000000000000000e+03 9.668223571999999821e-01
8.635000000000000000e+03 9.669030761999999335e-01
8.640000000000000000e+03 9.669966125000000190e-01
8.645000000000000000e+03 9.671583556999999720e-01
8.650000000000000000e+03 9.673045349000000126e-01
8.655000000000000000e+03 9.674778748000000261e-01
8.660000000000000000e+03 9.676534271000000187e-01
8.665000000000000000e+03 9.678495789000000071e-01
8.670000000000000000e+03 9.679883574999998963e-01
8.675000000000000000e+03 9.681667327999999850e-01
8.680000000000000000e+03 9.682975768999999566e-01
8.685000000000000000e+03 9.685218811000000372e-01
8.690000000000000000e+03 9.687063598999999803e-01
8.695000000000000000e+03 9.688597106999999875e-01
8.700000000000000000e+03 9.691069031000000278e-01
8.705000000000000000e+03 9.692227936000000765e-01
8.710000000000000000e+03 9.692988585999999795e-01
8.715000000000000000e+03 9.694720459000000234e-01
8.720000000000000000e+03 9.696714020000000156e-01
8.725000000000000000e+03 9.697660064999999996e-01
8.730000000000000000e+03 9.699087523999999627e-01
8.735000000000000000e+03 9.700259398999999672e-01
8.740000000000000000e+03 9.701034545999999148e-01
8.745000000000000000e+03 9.701240540000000134e-01
8.750000000000000000e+03 9.702680968999999322e-01
8.755000000000000000e+03 9.703170776000000775e-01
8.760000000000000000e+03 9.704326629999999732e-01
8.765000000000000000e+03 9.703482056000000133e-01
8.770000000000000000e+03 9.704631041999999264e-01
8.775000000000000000e+03 9.704671477999999851e-01
8.780000000000000000e+03 9.704373931999999980e-01
8.785000000000000000e+03 9.704769134999999824e-01
8.790000000000000000e+03 9.704827880999999934e-01
8.795000000000000000e+03 9.704662322999999535e-01
8.800000000000000000e+03 9.704267119999999691e-01
8.805000000000000000e+03 9.704042816000000293e-01
8.810000000000000000e+03 9.703543853999999635e-01
8.815000000000000000e+03 9.703562164000000267e-01
8.820000000000000000e+03 9.702875518999999338e-01
8.825000000000000000e+03 9.702530670000000246e-01
8.830000000000000000e+03 9.701877594000000160e-01
8.835000000000000000e+03 9.701193999999999651e-01
8.840000000000000000e+03 9.700837708000000781e-01
8.845000000000000000e+03 9.700781250000000133e-01
8.850000000000000000e+03 9.700489044000000227e-01
8.855000000000000000e+03 9.699757384999999621e-01
8.860000000000000000e+03 9.699501038000000186e-01
8.865000000000000000e+03 9.698923492000000035e-01
8.870000000000000000e+03 9.698351288000001125e-01
8.875000000000000000e+03 9.698099517999999586e-01
8.880000000000000000e+03 9.697418976000000690e-01
8.885000000000000000e+03 9.697480774000000192e-01
8.890000000000000000e+03 9.697820282000000347e-01
8.895000000000000000e+03 9.696996307000000925e-01
8.900000000000000000e+03 9.697315215999999793e-01
8.905000000000000000e+03 9.696915436000000943e-01
8.910000000000000000e+03 9.697530364999999986e-01
8.915000000000000000e+03 9.697157288000000097e-01
8.920000000000000000e+03 9.697418976000000690e-01
8.925000000000000000e+03 9.697268676999999393e-01
8.930000000000000000e+03 9.697885132000000352e-01
8.935000000000000000e+03 9.697787476000000462e-01
8.940000000000000000e+03 9.697724915000001111e-01
8.945000000000000000e+03 9.697766113000000354e-01
8.950000000000000000e+03 9.698503875999999746e-01
8.955000000000000000e+03 9.699295044000000310e-01
8.960000000000000000e+03 9.699898528999999492e-01
8.965000000000000000e+03 9.699278259000000402e-01
8.970000000000000000e+03 9.699651337000000373e-01
8.975000000000000000e+03 9.700403595000000045e-01
8.980000000000000000e+03 9.700650023999999316e-01
8.985000000000000000e+03 9.700181580000000192e-01
8.990000000000000000e+03 9.701766967999999602e-01
8.995000000000000000e+03 9.700983428999999658e-01
9.000000000000000000e+03 9.702243042000000539e-01
9.005000000000000000e+03 9.702537537000001100e-01
9.010000000000000000e+03 9.702841949000000632e-01
9.015000000000000000e+03 9.702956390000000431e-01
9.020000000000000000e+03 9.703060150000000217e-01
9.025000000000000000e+03 9.703781127999999701e-01
9.030000000000000000e+03 9.704062652999999594e-01
9.035000000000000000e+03 9.703725433000000011e-01
9.040000000000000000e+03 9.703582763999999417e-01
9.045000000000000000e+03 9.703976439999999482e-01
9.050000000000000000e+03 9.703768158000000144e-01
9.055000000000000000e+03 9.703263855000000548e-01
9.060000000000000000e+03 9.703419494999999673e-01
9.065000000000000000e+03 9.703060150000000217e-01
9.070000000000000000e+03 9.702514648000000186e-01
9.075000000000000000e+03 9.701993561000000765e-01
9.080000000000000000e+03 9.701773070999999415e-01
9.085000000000000000e+03 9.700975800000000149e-01
9.090000000000000000e+03 9.700953674000000193e-01
9.095000000000000000e+03 9.699624634000000301e-01
9.100000000000000000e+03 9.698806763000000775e-01
9.105000000000000000e+03 9.698241425000000415e-01
9.110000000000000000e+03 9.697544861000000349e-01
9.115000000000000000e+03 9.697061156999999820e-01
9.120000000000000000e+03 9.695829009999999970e-01
9.125000000000000000e+03 9.695693206999999036e-01
9.130000000000000000e+03 9.694561004999999732e-01
9.135000000000000000e+03 9.693697357000000681e-01
9.140000000000000000e+03 9.692362212999999782e-01
9.145000000000000000e+03 9.691129303000000084e-01
9.150000000000000000e+03 9.690711211999999408e-01
9.155000000000000000e+03 9.689025879000000563e-01
9.160000000000000000e+03 9.688547516000000082e-01
9.165000000000000000e+03 9.687593078999999774e-01
9.170000000000000000e+03 9.686394500999999657e-01
9.175000000000000000e+03 9.685182190000000135e-01
9.180000000000000000e+03 9.684527588000000353e-01
9.185000000000000000e+03 9.683834075999999680e-01
9.190000000000000000e+03 9.682855987999999803e-01
9.195000000000000000e+03 9.682359313999999717e-01
9.200000000000000000e+03 9.682258606000000434e-01
9.205000000000000000e+03 9.681504058999998996e-01
9.210000000000000000e+03 9.680588530999999497e-01
9.215000000000000000e+03 9.680364989999999947e-01
9.220000000000000000e+03 9.680062103000000029e-01
9.225000000000000000e+03 9.679836272999999824e-01
9.230000000000000000e+03 9.679503631999999413e-01
9.235000000000000000e+03 9.678820038000001125e-01
9.240000000000000000e+03 9.679116821000000037e-01
9.245000000000000000e+03 9.679335021999999622e-01
9.250000000000000000e+03 9.679634857000000148e-01
9.255000000000000000e+03 9.679128264999999898e-01
9.260000000000000000e+03 9.680122375000000945e-01
9.265000000000000000e+03 9.680602264000000012e-01
9.270000000000000000e+03 9.680479431000000856e-01
9.275000000000000000e+03 9.680744171000000842e-01
9.280000000000000000e+03 9.681526183999999979e-01
9.285000000000000000e+03 9.682133484000000623e-01
9.290000000000000000e+03 9.682223510999999894e-01
9.295000000000000000e+03 9.682890319999999384e-01
9.300000000000000000e+03 9.684102631000000017e-01
9.305000000000000000e+03 9.683753966999999463e-01
9.310000000000000000e+03 9.685211945000000711e-01
9.315000000000000000e+03 9.685269165000000013e-01
9.320000000000000000e+03 9.686745453000000783e-01
9.325000000000000000e+03 9.686548614999999085e-01
9.330000000000000000e+03 9.687203216999999977e-01
9.335000000000000000e+03 9.687593841999999622e-01
9.340000000000000000e+03 9.688193511999999563e-01
9.345000000000000000e+03 9.688964080999999950e-01
9.350000000000000000e+03 9.689149475000000677e-01
9.355000000000000000e+03 9.689848327999999178e-01
9.360000000000000000e+03 9.688975524999999811e-01
9.365000000000000000e+03 9.688438415999999220e-01
9.370000000000000000e+03 9.689552307000000031e-01
9.375000000000000000e+03 9.688313293000000437e-01
9.380000000000000000e+03 9.689099120999999926e-01
9.385000000000000000e+03 9.689044951999999933e-01
9.390000000000000000e+03 9.689111327999999634e-01
9.395000000000000000e+03 9.688530731000000173e-01
9.400000000000000000e+03 9.686801147000000389e-01
9.405000000000000000e+03 9.683943175999999431e-01
9.410000000000000000e+03 9.684272002999999573e-01
9.415000000000000000e+03 9.684135437000001012e-01
9.420000000000000000e+03 9.682019805999999562e-01
9.425000000000000000e+03 9.681609344000000617e-01
9.430000000000000000e+03 9.679819488999999999e-01
9.435000000000000000e+03 9.677760315000000224e-01
9.440000000000000000e+03 9.675142669999999834e-01
9.445000000000000000e+03 9.673449707000000286e-01
9.450000000000000000e+03 9.671549225000000138e-01
9.455000000000000000e+03 9.669635010000000586e-01
9.460000000000000000e+03 9.667642211999999402e-01
9.465000000000000000e+03 9.664977263999999790e-01
9.470000000000000000e+03 9.662067412999999494e-01
9.475000000000000000e+03 9.657568358999999436e-01
9.480000000000000000e+03 9.655625152999999239e-01
9.485000000000000000e+03 9.652921294999999846e-01
9.490000000000000000e+03 9.651030730999999863e-01
9.495000000000000000e+03 9.645972442999999341e-01
9.500000000000000000e+03 9.643389892999999491e-01
9.505000000000000000e+03 9.637534331999999537e-01
9.510000000000000000e+03 9.633570862000000457e-01
9.515000000000000000e+03 9.629757689999999259e-01
9.520000000000000000e+03 9.625787354000000517e-01
9.525000000000000000e+03 9.622322083000000026e-01
9.530000000000000000e+03 9.617600249999999074e-01
9.535000000000000000e+03 9.612509154999999694e-01
9.540000000000000000e+03 9.607395934999999332e-01
9.545000000000000000e+03 9.602291870000000396e-01
9.550000000000000000e+03 9.597839355000000738e-01
9.555000000000000000e+03 9.593471526999999277e-01
9.560000000000000000e+03 9.588112639999999409e-01
9.565000000000000000e+03 9.581676483000000077e-01
9.570000000000000000e+03 9.576609802000000116e-01
9.575000000000000000e+03 9.571417236000000495e-01
9.580000000000000000e+03 9.566747284000000073e-01
9.585000000000000000e+03 9.562273407000000391e-01
9.590000000000000000e+03 9.556886291999999727e-01
9.595000000000000000e+03 9.551486205999999424e-01
9.600000000000000000e+03 9.545952605999999951e-01
9.605000000000000000e+03 9.541090393000000169e-01
9.610000000000000000e+03 9.536090850999999757e-01
9.615000000000000000e+03 9.529919434000000411e-01
9.620000000000000000e+03 9.524838257000000086e-01
9.625000000000000000e+03 9.520116425000000326e-01
9.630000000000000000e+03 9.515415192000000744e-01
9.635000000000000000e+03 9.510616302000000077e-01
9.640000000000000000e+03 9.506211089999999642e-01
9.645000000000000000e+03 9.500943755999999851e-01
9.650000000000000000e+03 9.496597289999999525e-01
9.655000000000000000e+03 9.492941283999999369e-01
9.660000000000000000e+03 9.488142394999999896e-01
9.665000000000000000e+03 9.483664702999999863e-01
9.670000000000000000e+03 9.480486297999999312e-01
9.675000000000000000e+03 9.477041626000000107e-01
9.680000000000000000e+03 9.474095916999999423e-01
9.685000000000000000e+03 9.470228577000000536e-01
9.690000000000000000e+03 9.467395781999999871e-01
9.695000000000000000e+03 9.464286803999999442e-01
9.700000000000000000e+03 9.460704040999999842e-01
9.705000000000000000e+03 9.458617400999999036e-01
9.710000000000000000e+03 9.457118225000000766e-01
9.715000000000000000e+03 9.455911254999999072e-01
9.720000000000000000e+03 9.454049682999999815e-01
9.725000000000000000e+03 9.452223969000000947e-01
9.730000000000000000e+03 9.450716399999999906e-01
9.735000000000000000e+03 9.449849700999999325e-01
9.740000000000000000e+03 9.450189208999999479e-01
9.745000000000000000e+03 9.450328063999999806e-01
9.750000000000000000e+03 9.451793671000000563e-01
9.755000000000000000e+03 9.450830840999999705e-01
9.760000000000000000e+03 9.451876068000000242e-01
9.765000000000000000e+03 9.451582335999999529e-01
9.770000000000000000e+03 9.453464508000000155e-01
9.775000000000000000e+03 9.452448273000000345e-01
9.780000000000000000e+03 9.453161620999999126e-01
9.785000000000000000e+03 9.455700684000000189e-01
9.790000000000000000e+03 9.459542846999999810e-01
9.795000000000000000e+03 9.461186218000000592e-01
9.800000000000000000e+03 9.462755584999998915e-01
9.805000000000000000e+03 9.464819335999998806e-01
9.810000000000000000e+03 9.468555449999999096e-01
9.815000000000000000e+03 9.473684692000000629e-01
9.820000000000000000e+03 9.476651001000000463e-01
9.825000000000000000e+03 9.479930115000000379e-01
9.830000000000000000e+03 9.482962799000000942e-01
9.835000000000000000e+03 9.486979675000000167e-01
9.840000000000000000e+03 9.492987061000000004e-01
9.845000000000000000e+03 9.496604919000000145e-01
9.850000000000000000e+03 9.500283050999999146e-01
9.855000000000000000e+03 9.504998016000000272e-01
9.860000000000000000e+03 9.510322571000000558e-01
9.865000000000000000e+03 9.516144561999999585e-01
9.870000000000000000e+03 9.520164490000000423e-01
9.875000000000000000e+03 9.524609375000000488e-01
9.880000000000000000e+03 9.529885864000000595e-01
9.885000000000000000e+03 9.535700988999999961e-01
9.890000000000000000e+03 9.540913390999999910e-01
9.895000000000000000e+03 9.546566009999999380e-01
9.900000000000000000e+03 9.550488281000000246e-01
9.905000000000000000e+03 9.555622100999999757e-01
9.910000000000000000e+03 9.561656951999999432e-01
9.915000000000000000e+03 9.568576813000000403e-01
9.920000000000000000e+03 9.571380614999999148e-01
9.925000000000000000e+03 9.576378631999999946e-01
9.930000000000000000e+03 9.583055115000000956e-01
9.935000000000000000e+03 9.587901306000000679e-01
9.940000000000000000e+03 9.591958617999999381e-01
9.945000000000000000e+03 9.596756744000000117e-01
9.950000000000000000e+03 9.601237487999999543e-01
9.955000000000000000e+03 9.606446074999999141e-01
9.960000000000000000e+03 9.610480499000000343e-01
9.965000000000000000e+03 9.613931273999999361e-01
9.970000000000000000e+03 9.617961121000000446e-01
9.975000000000000000e+03 9.622026062000000879e-01
9.980000000000000000e+03 9.626978302000001042e-01
9.985000000000000000e+03 9.629776763999999822e-01
9.990000000000000000e+03 9.631008911000000783e-01
9.995000000000000000e+03 9.635587311000000099e-01
1.000000000000000000e+04 9.637525940000000180e-01
1.000500000000000000e+04 9.639518737999999143e-01
1.001000000000000000e+04 9.641015625000000089e-01
1.001500000000000000e+04 9.643548584000000146e-01
1.002000000000000000e+04 9.645932006999999864e-01
1.002500000000000000e+04 9.647731781000000728e-01
1.003000000000000000e+04 9.646079253999999548e-01
1.003500000000000000e+04 9.648005675999999919e-01
1.004000000000000000e+04 9.649199676999999920e-01
1.004500000000000000e+04 9.649924468999999672e-01
1.005000000000000000e+04 9.649231719999999957e-01
1.005500000000000000e+04 9.648296356000000129e-01
1.006000000000000000e+04 9.646697998000000052e-01
1.006500000000000000e+04 9.647111510999999417e-01
1.007000000000000000e+04 9.643444823999999249e-01
1.007500000000000000e+04 9.644471740999999154e-01
1.008000000000000000e+04 9.639600372000000084e-01
1.008500000000000000e+04 9.640018462999999649e-01
1.009000000000000000e+04 9.634847259999999025e-01
1.009500000000000000e+04 9.632923889000000184e-01
1.010000000000000000e+04 9.629344939999999742e-01
1.010500000000000000e+04 9.627288817999999360e-01
1.011000000000000000e+04 9.620861053000000496e-01
1.011500000000000000e+04 9.616807556000001034e-01
1.012000000000000000e+04 9.612911224000000310e-01
1.012500000000000000e+04 9.610011292000000260e-01
1.013000000000000000e+04 9.600903320000000463e-01
1.013500000000000000e+04 9.597891997999999925e-01
1.014000000000000000e+04 9.590953826999999432e-01
1.014500000000000000e+04 9.587742615000000024e-01
1.015000000000000000e+04 9.580114745999999126e-01
1.015500000000000000e+04 9.572682190000000313e-01
1.016000000000000000e+04 9.567529297000000321e-01
1.016500000000000000e+04 9.561402893000000569e-01
1.017000000000000000e+04 9.553095245000000624e-01
1.017500000000000000e+04 9.545513153000000361e-01
1.018000000000000000e+04 9.539962768999999954e-01
1.018500000000000000e+04 9.532446289000000572e-01
1.019000000000000000e+04 9.523693848000001072e-01
1.019500000000000000e+04 9.516282654000000063e-01
1.020000000000000000e+04 9.510002135999999773e-01
1.020500000000000000e+04 9.500515747000000122e-01
1.021000000000000000e+04 9.493750762999999537e-01
1.021500000000000000e+04 9.484005736999999714e-01
1.022000000000000000e+04 9.478757477000000486e-01
1.022500000000000000e+04 9.469126128999999503e-01
1.023000000000000000e+04 9.461277771000000669e-01
1.023500000000000000e+04 9.452115630999999851e-01
1.024000000000000000e+04 9.445177459999999359e-01
1.024500000000000000e+04 9.437287139999999130e-01
1.025000000000000000e+04 9.427273560000000163e-01
1.025500000000000000e+04 9.420137024000000414e-01
1.026000000000000000e+04 9.411910247999999424e-01
1.026500000000000000e+04 9.403780364999999586e-01
1.027000000000000000e+04 9.396976471000000330e-01
1.027500000000000000e+04 9.388810730000000104e-01
1.028000000000000000e+04 9.381519317999998941e-01
1.028500000000000000e+04 9.373200226000000246e-01
1.029000000000000000e+04 9.366854094999998992e-01
1.029500000000000000e+04 9.360430907999999217e-01
1.030000000000000000e+04 9.351824188000000815e-01
1.030500000000000000e+04 9.344660949999998856e-01
1.031000000000000000e+04 9.339707946999999955e-01
1.031500000000000000e+04 9.332331084999999637e-01
1.032000000000000000e+04 9.326364135999999361e-01
1.032500000000000000e+04 9.320202637000000179e-01
1.033000000000000000e+04 9.315544128000000645e-01
1.033500000000000000e+04 9.309137725999999669e-01
1.034000000000000000e+04 9.302774048000000962e-01
1.034500000000000000e+04 9.299992371000000979e-01
1.035000000000000000e+04 9.293775940000000846e-01
1.035500000000000000e+04 9.289443970000000883e-01
1.036000000000000000e+04 9.284737396000000142e-01
1.036500000000000000e+04 9.281832123000000045e-01
1.037000000000000000e+04 9.277957152999999346e-01
1.037500000000000000e+04 9.274093627999999701e-01
1.038000000000000000e+04 9.272100066999999779e-01
1.038500000000000000e+04 9.268575287000000440e-01
1.039000000000000000e+04 9.265869904000000323e-01
1.039500000000000000e+04 9.264846801999999659e-01
1.040000000000000000e+04 9.263699341000000143e-01
1.040500000000000000e+04 9.261378478999999775e-01
1.041000000000000000e+04 9.260266112999999688e-01
1.041500000000000000e+04 9.260437012000000134e-01
1.042000000000000000e+04 9.259488677999999640e-01
1.042500000000000000e+04 9.258443450999999103e-01
1.043000000000000000e+04 9.258781432999999561e-01
1.043500000000000000e+04 9.260667419000000455e-01
1.044000000000000000e+04 9.261376953000000078e-01
1.044500000000000000e+04 9.261968994000000510e-01
1.045000000000000000e+04 9.264635467999999818e-01
1.045500000000000000e+04 9.265535736000000133e-01
1.046000000000000000e+04 9.267400360000001003e-01
1.046500000000000000e+04 9.270591736000000083e-01
1.047000000000000000e+04 9.273449706999999931e-01
1.047500000000000000e+04 9.275756835999999783e-01
1.048000000000000000e+04 9.278857421999999744e-01
1.048500000000000000e+04 9.281889343000000459e-01
1.049000000000000000e+04 9.287072754000000874e-01
1.049500000000000000e+04 9.291518401999999677e-01
1.050000000000000000e+04 9.296203613000000310e-01
1.050500000000000000e+04 9.302274323000000456e-01
1.051000000000000000e+04 9.306491088999999661e-01
1.051500000000000000e+04 9.311455535999999533e-01
1.052000000000000000e+04 9.315951538000000198e-01
1.052500000000000000e+04 9.322630309999999643e-01
1.053000000000000000e+04 9.329331207000000070e-01
1.053500000000000000e+04 9.335684203999999875e-01
1.054000000000000000e+04 9.342405700999999452e-01
1.054500000000000000e+04 9.347988891999999828e-01
1.055000000000000000e+04 9.355565643000000042e-01
1.055500000000000000e+04 9.361529540999999899e-01
1.056000000000000000e+04 9.368376922999999135e-01
1.056500000000000000e+04 9.376837921000000797e-01
1.057000000000000000e+04 9.382337189000000688e-01
1.057500000000000000e+04 9.391519164999999614e-01
1.058000000000000000e+04 9.399554442999999981e-01
1.058500000000000000e+04 9.406611633000000472e-01
1.059000000000000000e+04 9.414846038999999944e-01
1.059500000000000000e+04 9.426105499000000387e-01
1.060000000000000000e+04 9.432466125000000812e-01
1.060500000000000000e+04 9.440932465000000384e-01
1.061000000000000000e+04 9.449487304999999449e-01
1.061500000000000000e+04 9.457984161000000389e-01
1.062000000000000000e+04 9.465463257000000796e-01
1.062500000000000000e+04 9.474954223999999536e-01
1.063000000000000000e+04 9.481380463000000924e-01
1.063500000000000000e+04 9.490532684000000385e-01
1.064000000000000000e+04 9.498840332000000330e-01
1.064500000000000000e+04 9.508837128000000583e-01
1.065000000000000000e+04 9.515951538000000376e-01
1.065500000000000000e+04 9.523744202000000714e-01
1.066000000000000000e+04 9.530574799000000041e-01
1.066500000000000000e+04 9.541275786999999786e-01
1.067000000000000000e+04 9.547417450000000860e-01
1.067500000000000000e+04 9.554466247999999773e-01
1.068000000000000000e+04 9.562705993999999210e-01
1.068500000000000000e+04 9.569664763999999879e-01
1.069000000000000000e+04 9.579159546000000081e-01
1.069500000000000000e+04 9.583124541999999968e-01
1.070000000000000000e+04 9.591667175000000434e-01
1.070500000000000000e+04 9.600321198000000278e-01
1.071000000000000000e+04 9.603720855999999806e-01
1.071500000000000000e+04 9.612648010000000021e-01
1.072000000000000000e+04 9.618953704999999577e-01
1.072500000000000000e+04 9.624787902999999423e-01
1.073000000000000000e+04 9.630960082999999727e-01
1.073500000000000000e+04 9.634793091000000143e-01
1.074000000000000000e+04 9.638603209999999644e-01
1.074500000000000000e+04 9.645188140999999549e-01
1.075000000000000000e+04 9.650103760000000586e-01
1.075500000000000000e+04 9.653913115999999128e-01
1.076000000000000000e+04 9.658624268000000068e-01
1.076500000000000000e+04 9.663356017999999992e-01
1.077000000000000000e+04 9.665624237000000063e-01
1.077500000000000000e+04 9.669101714999999153e-01
1.078000000000000000e+04 9.672682190000000402e-01
1.078500000000000000e+04 9.673852539000000750e-01
1.079000000000000000e+04 9.676471709999999726e-01
1.079500000000000000e+04 9.680735778999999264e-01
1.080000000000000000e+04 9.681374359000000096e-01
1.080500000000000000e+04 9.682877349999999828e-01
1.081000000000000000e+04 9.681868744000000637e-01
1.081500000000000000e+04 9.683420563000000314e-01
1.082000000000000000e+04 9.682421112000000329e-01
1.082500000000000000e+04 9.682691955999999101e-01
1.083000000000000000e+04 9.681179810000000163e-01
1.083500000000000000e+04 9.681054688000000352e-01
1.084000000000000000e+04 9.679795837000000347e-01
1.084500000000000000e+04 9.678130341000000803e-01
1.085000000000000000e+04 9.675403595000000578e-01
1.085500000000000000e+04 9.673341370000000383e-01
1.086000000000000000e+04 9.670198822000000138e-01
1.086500000000000000e+04 9.667946625000000127e-01
1.087000000000000000e+04 9.665535735999999378e-01
1.087500000000000000e+04 9.661348723999999555e-01
1.088000000000000000e+04 9.657068633999998930e-01
1.088500000000000000e+04 9.653031158000000556e-01
1.089000000000000000e+04 9.649891662999999786e-01
1.089500000000000000e+04 9.645539856000000523e-01
1.090000000000000000e+04 9.640837097000001243e-01
1.090500000000000000e+04 9.637808227999999922e-01
1.091000000000000000e+04 9.631253814999999330e-01
1.091500000000000000e+04 9.624501800999999412e-01
1.092000000000000000e+04 9.618931580000000814e-01
1.092500000000000000e+04 9.611882018999999833e-01
1.093000000000000000e+04 9.606082152999999568e-01
1.093500000000000000e+04 9.599959563999999057e-01
1.094000000000000000e+04 9.591870880000000765e-01
1.094500000000000000e+04 9.585656738000000177e-01
1.095000000000000000e+04 9.576466369999999673e-01
1.095500000000000000e+04 9.570654296999999699e-01
1.096000000000000000e+04 9.562789917000000806e-01
1.096500000000000000e+04 9.554246521000000492e-01
1.097000000000000000e+04 9.547292327999999939e-01
1.097500000000000000e+04 9.536054230000000631e-01
1.098000000000000000e+04 9.529535674999999317e-01
1.098500000000000000e+04 9.523469543000000481e-01
1.099000000000000000e+04 9.505197144000000486e-01
1.099500000000000000e+04 9.508518981999999342e-01
1.100000000000000000e+04 9.497577667000000057e-01
