3.000000000000000000e+03 1.520000000000000111e-07
3.005000000000000000e+03 1.577229999999999890e-06
3.010000000000000000e+03 1.214099999999999946e-06
3.015000000000000000e+03 -2.100000000000000011e-07
3.020000000000000000e+03 -4.579999999999999983e-07
3.025000000000000000e+03 -9.250000000000000376e-07
3.030000000000000000e+03 9.369999999999999862e-08
3.035000000000000000e+03 -3.959999999999999990e-07
3.040000000000000000e+03 6.689999999999999687e-07
3.045000000000000000e+03 1.780420000000000057e-06
3.050000000000000000e+03 2.709999999999999782e-08
3.055000000000000000e+03 -6.959999999999999854e-07
3.060000000000000000e+03 -1.391590000000000088e-06
3.065000000000000000e+03 1.329999999999999998e-08
3.070000000000000000e+03 2.989999999999999642e-07
3.075000000000000000e+03 8.420000000000001281e-08
3.080000000000000000e+03 1.139999999999999885e-07
3.085000000000000000e+03 6.830000000000000676e-07
3.090000000000000000e+03 -3.510000000000000064e-07
3.095000000000000000e+03 9.479999999999999656e-07
3.100000000000000000e+03 4.089999999999999698e-07
3.105000000000000000e+03 3.720000000000000488e-07
3.110000000000000000e+03 -2.899999999999999763e-07
3.115000000000000000e+03 6.550000000000000815e-07
3.120000000000000000e+03 7.119999999999999170e-07
3.125000000000000000e+03 -1.739999999999999964e-07
3.130000000000000000e+03 -4.930000000000000470e-08
3.135000000000000000e+03 4.759999999999999742e-07
3.140000000000000000e+03 -1.005850000000000077e-06
3.145000000000000000e+03 4.259999999999999765e-07
3.150000000000000000e+03 2.619999999999999903e-07
3.155000000000000000e+03 6.090000000000000137e-07
3.160000000000000000e+03 -1.024230000000000060e-06
3.165000000000000000e+03 1.586889999999999938e-06
3.170000000000000000e+03 5.209999999999999669e-07
3.175000000000000000e+03 1.979999999999999995e-07
3.180000000000000000e+03 2.850000000000000242e-07
3.185000000000000000e+03 2.460000000000000058e-07
3.190000000000000000e+03 -4.449999999999999746e-07
3.195000000000000000e+03 -4.330000000000000259e-07
3.200000000000000000e+03 -7.560000000000000198e-08
3.205000000000000000e+03 -2.429999999999999922e-07
3.210000000000000000e+03 1.086079999999999942e-06
3.215000000000000000e+03 4.089999999999999698e-07
3.220000000000000000e+03 3.380000000000000355e-07
3.225000000000000000e+03 -1.592800000000000022e-06
3.230000000000000000e+03 9.080000000000000309e-07
3.235000000000000000e+03 1.074300000000000031e-06
3.240000000000000000e+03 3.580000000000000029e-07
3.245000000000000000e+03 -4.059999999999999562e-07
3.250000000000000000e+03 -4.149999999999999971e-07
3.255000000000000000e+03 1.876799999999999971e-06
3.260000000000000000e+03 -5.209999999999999669e-07
3.265000000000000000e+03 1.149999999999999974e-07
3.270000000000000000e+03 9.549999999999999621e-07
3.275000000000000000e+03 1.069950000000000022e-06
3.280000000000000000e+03 8.059999999999999911e-07
3.285000000000000000e+03 -1.040000000000000048e-07
3.290000000000000000e+03 -1.018519999999999991e-06
3.295000000000000000e+03 2.519999999999999801e-07
3.300000000000000000e+03 -9.109999999999998857e-08
3.305000000000000000e+03 -7.479999999999999746e-07
3.310000000000000000e+03 8.420000000000000487e-07
3.315000000000000000e+03 2.890000000000000070e-07
3.320000000000000000e+03 -7.299999999999999987e-07
3.325000000000000000e+03 2.239999999999999941e-07
3.330000000000000000e+03 4.999999999999999774e-07
3.335000000000000000e+03 -7.639999999999999591e-08
3.340000000000000000e+03 -7.459999999999999302e-07
3.345000000000000000e+03 1.077510000000000124e-06
3.350000000000000000e+03 -5.060000000000000046e-07
3.355000000000000000e+03 1.907840000000000016e-06
3.360000000000000000e+03 -3.330000000000000305e-07
3.365000000000000000e+03 -1.331260000000000024e-06
3.370000000000000000e+03 8.930000000000000686e-07
3.375000000000000000e+03 7.100000000000000843e-07
3.380000000000000000e+03 8.640000000000000075e-07
3.385000000000000000e+03 1.049399999999999854e-06
3.390000000000000000e+03 3.689999999999999955e-08
3.395000000000000000e+03 -1.909999999999999898e-08
3.400000000000000000e+03 5.310000000000000829e-07
3.405000000000000000e+03 -2.119999999999999925e-07
3.410000000000000000e+03 -2.390000000000000093e-07
3.415000000000000000e+03 6.550000000000000815e-07
3.420000000000000000e+03 1.283369999999999878e-06
3.425000000000000000e+03 -2.920000000000000008e-08
3.430000000000000000e+03 6.930000000000000777e-07
3.435000000000000000e+03 4.490000000000000104e-07
3.440000000000000000e+03 -5.059999999999999649e-08
3.445000000000000000e+03 1.382540000000000150e-06
3.450000000000000000e+03 -1.106329999999999875e-06
3.455000000000000000e+03 4.330000000000000259e-07
3.460000000000000000e+03 5.689999999999999732e-07
3.465000000000000000e+03 1.082129999999999963e-06
3.470000000000000000e+03 7.220000000000000330e-07
3.475000000000000000e+03 -4.629999999999999769e-08
3.480000000000000000e+03 3.630000000000000079e-07
3.485000000000000000e+03 -3.279999999999999725e-07
3.490000000000000000e+03 1.185580000000000006e-06
3.495000000000000000e+03 -5.540000000000000109e-07
3.500000000000000000e+03 1.429259999999999975e-06
3.505000000000000000e+03 -3.190000000000000374e-07
3.510000000000000000e+03 6.839999999999999309e-07
3.515000000000000000e+03 3.830000000000000282e-07
3.520000000000000000e+03 6.530000000000000372e-07
3.525000000000000000e+03 5.450000000000000759e-07
3.530000000000000000e+03 2.640000000000000346e-07
3.535000000000000000e+03 -1.740000000000000030e-08
3.540000000000000000e+03 2.489999999999999665e-07
3.545000000000000000e+03 1.502390000000000154e-06
3.550000000000000000e+03 -2.770000000000000055e-07
3.555000000000000000e+03 -4.149999999999999971e-07
3.560000000000000000e+03 -4.840000000000000326e-08
3.565000000000000000e+03 -6.669999999999999243e-07
3.570000000000000000e+03 5.160000000000000148e-07
3.575000000000000000e+03 1.175650000000000128e-06
3.580000000000000000e+03 -4.380000000000000178e-08
3.585000000000000000e+03 4.279999999999999679e-07
3.590000000000000000e+03 -2.910000000000000249e-08
3.595000000000000000e+03 -9.470000000000000757e-08
3.600000000000000000e+03 -1.419320000000000033e-06
3.605000000000000000e+03 1.247300000000000111e-06
3.610000000000000000e+03 1.103130000000000058e-06
3.615000000000000000e+03 -1.480000000000000018e-07
3.620000000000000000e+03 -4.949999999999999988e-08
3.625000000000000000e+03 4.940000000000000560e-07
3.630000000000000000e+03 3.049999999999999915e-07
3.635000000000000000e+03 1.413330000000000070e-06
3.640000000000000000e+03 8.619999999999999631e-07
3.645000000000000000e+03 8.770000000000000313e-07
3.650000000000000000e+03 7.219999999999999800e-08
3.655000000000000000e+03 2.750000000000000140e-07
3.660000000000000000e+03 -1.230000000000000029e-07
3.665000000000000000e+03 6.360000000000000305e-07
3.670000000000000000e+03 1.117569999999999915e-06
3.675000000000000000e+03 1.419559999999999882e-06
3.680000000000000000e+03 -6.530000000000000372e-07
3.685000000000000000e+03 -1.373149999999999931e-06
3.690000000000000000e+03 1.228620000000000105e-06
3.695000000000000000e+03 2.680000000000000175e-07
3.700000000000000000e+03 1.247529999999999896e-06
3.705000000000000000e+03 6.789999999999999788e-07
3.710000000000000000e+03 1.108690000000000010e-06
3.715000000000000000e+03 -1.059999999999999963e-07
3.720000000000000000e+03 8.789999999999999698e-07
3.725000000000000000e+03 -6.729999999999999515e-07
3.730000000000000000e+03 -1.299999999999999994e-07
3.735000000000000000e+03 -3.089999999999999744e-07
3.740000000000000000e+03 1.155410000000000047e-06
3.745000000000000000e+03 1.846340000000000054e-06
3.750000000000000000e+03 5.489999999999999529e-07
3.755000000000000000e+03 1.359459999999999813e-06
3.760000000000000000e+03 7.250000000000000466e-07
3.765000000000000000e+03 -7.770000000000000358e-07
3.770000000000000000e+03 1.435809999999999938e-06
3.775000000000000000e+03 -4.350000000000000174e-07
3.780000000000000000e+03 1.146720000000000093e-06
3.785000000000000000e+03 -5.740000000000000312e-07
3.790000000000000000e+03 9.040000000000000480e-07
3.795000000000000000e+03 4.059999999999999562e-07
3.800000000000000000e+03 -6.289999999999999281e-07
3.805000000000000000e+03 1.137850000000000041e-06
3.810000000000000000e+03 1.926930000000000116e-06
3.815000000000000000e+03 2.920000000000000008e-08
3.820000000000000000e+03 2.229999999999999984e-07
3.825000000000000000e+03 1.166940000000000045e-06
3.830000000000000000e+03 5.819999999999999970e-07
3.835000000000000000e+03 7.440000000000000976e-07
3.840000000000000000e+03 7.330000000000000124e-07
3.845000000000000000e+03 1.108930000000000071e-06
3.850000000000000000e+03 6.129999999999999966e-07
3.855000000000000000e+03 6.409999999999999826e-07
3.860000000000000000e+03 1.359309999999999908e-06
3.865000000000000000e+03 8.619999999999999631e-07
3.870000000000000000e+03 1.757709999999999981e-06
3.875000000000000000e+03 -5.390000000000000487e-07
3.880000000000000000e+03 1.067069999999999933e-06
3.885000000000000000e+03 2.989999999999999642e-07
3.890000000000000000e+03 6.449999999999999655e-07
3.895000000000000000e+03 1.529999999999999804e-08
3.900000000000000000e+03 1.797459999999999897e-06
3.905000000000000000e+03 -4.289999999999999372e-08
3.910000000000000000e+03 3.229999999999999674e-07
3.915000000000000000e+03 -3.359999999999999911e-07
3.920000000000000000e+03 1.113319999999999913e-06
3.925000000000000000e+03 -3.729999999999999651e-07
3.930000000000000000e+03 -1.779999999999999792e-07
3.935000000000000000e+03 2.309999999999999906e-07
3.940000000000000000e+03 4.269999999999999987e-07
3.945000000000000000e+03 1.162620000000000017e-06
3.950000000000000000e+03 1.225099999999999926e-06
3.955000000000000000e+03 8.749999999999999869e-07
3.960000000000000000e+03 -5.130000000000000011e-07
3.965000000000000000e+03 5.310000000000000829e-07
3.970000000000000000e+03 1.166569999999999996e-06
3.975000000000000000e+03 5.780000000000000141e-07
3.980000000000000000e+03 8.420000000000000487e-07
3.985000000000000000e+03 -2.770000000000000055e-07
3.990000000000000000e+03 -8.690000000000000390e-08
3.995000000000000000e+03 -4.710000000000000221e-07
4.000000000000000000e+03 2.980000000000000049e-09
4.005000000000000000e+03 7.279999999999999544e-07
4.010000000000000000e+03 1.119999999999999970e-07
4.015000000000000000e+03 -3.089999999999999744e-07
4.020000000000000000e+03 1.083679999999999973e-06
4.025000000000000000e+03 -3.409999999999999962e-07
4.030000000000000000e+03 1.033990000000000116e-06
4.035000000000000000e+03 6.829999999999999617e-08
4.040000000000000000e+03 3.219999999999999452e-07
4.045000000000000000e+03 -3.819999999999999795e-08
4.050000000000000000e+03 1.478490000000000053e-06
4.055000000000000000e+03 -3.510000000000000064e-07
4.060000000000000000e+03 -3.990000000000000126e-07
4.065000000000000000e+03 -7.309999999999999680e-07
4.070000000000000000e+03 2.729999999999999696e-07
4.075000000000000000e+03 3.569999999999999807e-07
4.080000000000000000e+03 1.178639999999999866e-06
4.085000000000000000e+03 -7.470000000000000054e-07
4.090000000000000000e+03 -1.730660000000000172e-06
4.095000000000000000e+03 4.649999999999999948e-07
4.100000000000000000e+03 -6.889999999999999889e-07
4.105000000000000000e+03 -1.970000000000000038e-07
4.110000000000000000e+03 1.268229999999999968e-06
4.115000000000000000e+03 3.150000000000000016e-07
4.120000000000000000e+03 -1.181570000000000065e-06
4.125000000000000000e+03 6.499999999999999176e-07
4.130000000000000000e+03 1.819999999999999886e-07
4.135000000000000000e+03 -1.335519999999999878e-06
4.140000000000000000e+03 9.969999999999999411e-07
4.145000000000000000e+03 -1.160000000000000064e-07
4.150000000000000000e+03 1.070629999999999946e-06
4.155000000000000000e+03 1.520000000000000111e-07
4.160000000000000000e+03 -1.494660000000000018e-06
4.165000000000000000e+03 4.320000000000000037e-07
4.170000000000000000e+03 6.819999999999999924e-07
4.175000000000000000e+03 -6.590000000000000644e-07
4.180000000000000000e+03 1.819999999999999886e-07
4.185000000000000000e+03 -8.190000000000000148e-07
4.190000000000000000e+03 -5.209999999999999669e-07
4.195000000000000000e+03 -1.549999999999999983e-08
4.200000000000000000e+03 3.500000000000000239e-08
4.205000000000000000e+03 -1.420000000000000010e-07
4.210000000000000000e+03 -2.510000000000000109e-07
4.215000000000000000e+03 4.210000000000000244e-07
4.220000000000000000e+03 -1.949999999999999859e-07
4.225000000000000000e+03 -1.509999999999999889e-07
4.230000000000000000e+03 4.599999999999999898e-07
4.235000000000000000e+03 9.689999999999999551e-07
4.240000000000000000e+03 -2.800000000000000191e-07
4.245000000000000000e+03 -2.209999999999999805e-07
4.250000000000000000e+03 -1.559999999999999940e-07
4.255000000000000000e+03 9.279999999999999718e-08
4.260000000000000000e+03 -6.819999999999999924e-07
4.265000000000000000e+03 4.660000000000000170e-07
4.270000000000000000e+03 1.401300000000000034e-06
4.275000000000000000e+03 1.799999999999999971e-07
4.280000000000000000e+03 1.035139999999999884e-06
4.285000000000000000e+03 1.730000000000000006e-07
4.290000000000000000e+03 -5.719999999999999868e-07
4.295000000000000000e+03 1.139999999999999885e-07
4.300000000000000000e+03 7.499999999999999131e-07
4.305000000000000000e+03 -5.929999999999999763e-07
4.310000000000000000e+03 -5.540000000000000109e-07
4.315000000000000000e+03 9.549999999999999621e-07
4.320000000000000000e+03 2.610000000000000210e-07
4.325000000000000000e+03 3.180000000000000020e-08
4.330000000000000000e+03 2.150000000000000062e-07
4.335000000000000000e+03 5.629999999999999459e-07
4.340000000000000000e+03 6.949999999999999103e-07
4.345000000000000000e+03 -1.092880000000000029e-06
4.350000000000000000e+03 9.309999999999999589e-07
4.355000000000000000e+03 1.285300000000000001e-06
4.360000000000000000e+03 3.889999999999999496e-07
4.365000000000000000e+03 2.320000000000000128e-07
4.370000000000000000e+03 1.240779999999999918e-06
4.375000000000000000e+03 9.040000000000000480e-07
4.380000000000000000e+03 1.399569999999999926e-06
4.385000000000000000e+03 -2.540000000000000245e-07
4.390000000000000000e+03 8.519999999999999530e-07
4.395000000000000000e+03 4.750000000000000050e-07
4.400000000000000000e+03 1.430000000000000066e-08
4.405000000000000000e+03 7.949999999999999058e-07
4.410000000000000000e+03 1.218200000000000042e-06
4.415000000000000000e+03 -3.010000000000000086e-07
4.420000000000000000e+03 6.550000000000000815e-07
4.425000000000000000e+03 1.944659999999999945e-06
4.430000000000000000e+03 4.829999999999999707e-07
4.435000000000000000e+03 3.440000000000000098e-07
4.440000000000000000e+03 1.685059999999999923e-06
4.445000000000000000e+03 -2.659999999999999996e-08
4.450000000000000000e+03 3.180000000000000153e-07
4.455000000000000000e+03 -1.110000000000000013e-08
4.460000000000000000e+03 -4.160000000000000193e-08
4.465000000000000000e+03 1.280000000000000047e-08
4.470000000000000000e+03 3.119999999999999880e-07
4.475000000000000000e+03 5.009999999999999466e-07
4.480000000000000000e+03 -7.519999999999999575e-07
4.485000000000000000e+03 -5.409999999999999872e-07
4.490000000000000000e+03 2.899999999999999763e-07
4.495000000000000000e+03 3.959999999999999990e-07
4.500000000000000000e+03 9.710000000000001053e-07
4.505000000000000000e+03 -8.949999999999999013e-07
4.510000000000000000e+03 -3.959999999999999990e-07
4.515000000000000000e+03 9.220000000000000239e-07
4.520000000000000000e+03 1.347300000000000001e-06
4.525000000000000000e+03 1.580000000000000119e-07
4.530000000000000000e+03 1.489999999999999975e-07
4.535000000000000000e+03 1.317729999999999876e-06
4.540000000000000000e+03 6.930000000000000777e-07
4.545000000000000000e+03 1.989999999999999952e-07
4.550000000000000000e+03 -7.550000000000000770e-07
4.555000000000000000e+03 -2.320000000000000128e-07
4.560000000000000000e+03 -5.519999999999999666e-07
4.565000000000000000e+03 2.559999999999999630e-07
4.570000000000000000e+03 1.932349999999999803e-06
4.575000000000000000e+03 9.440000000000000886e-07
4.580000000000000000e+03 8.699999999999999818e-08
4.585000000000000000e+03 -2.250000000000000163e-07
4.590000000000000000e+03 -7.430000000000000225e-07
4.595000000000000000e+03 5.390000000000000487e-07
4.600000000000000000e+03 1.799999999999999971e-07
4.605000000000000000e+03 1.528009999999999877e-06
4.610000000000000000e+03 -4.669999999999999863e-07
4.615000000000000000e+03 2.669999999999999953e-07
4.620000000000000000e+03 1.059849999999999898e-06
4.625000000000000000e+03 -1.001610000000000139e-06
4.630000000000000000e+03 5.729999999999999561e-07
4.635000000000000000e+03 8.720000000000000791e-07
4.640000000000000000e+03 -5.979999999999999285e-07
4.645000000000000000e+03 2.689999999999999868e-07
4.650000000000000000e+03 2.449999999999999836e-07
4.655000000000000000e+03 6.810000000000000232e-07
4.660000000000000000e+03 -2.320000000000000128e-07
4.665000000000000000e+03 5.450000000000000759e-07
4.670000000000000000e+03 2.460000000000000190e-08
4.675000000000000000e+03 5.020000000000000218e-07
4.680000000000000000e+03 1.137020000000000000e-06
4.685000000000000000e+03 -5.920000000000000071e-07
4.690000000000000000e+03 -8.710000000000000040e-07
4.695000000000000000e+03 -8.930000000000000686e-07
4.700000000000000000e+03 3.470000000000000235e-07
4.705000000000000000e+03 3.040000000000000222e-07
4.710000000000000000e+03 1.209999999999999850e-07
4.715000000000000000e+03 -9.310000000000000648e-08
4.720000000000000000e+03 -3.429999999999999877e-07
4.725000000000000000e+03 -6.239999999999999760e-07
4.730000000000000000e+03 -7.289999999999999236e-07
4.735000000000000000e+03 2.315460000000000274e-06
4.740000000000000000e+03 3.630000000000000079e-07
4.745000000000000000e+03 3.239999999999999896e-07
4.750000000000000000e+03 6.910000000000000333e-07
4.755000000000000000e+03 -4.479999999999999882e-07
4.760000000000000000e+03 -6.349999999999999554e-07
4.765000000000000000e+03 8.320000000000000386e-08
4.770000000000000000e+03 2.499999999999999887e-07
4.775000000000000000e+03 1.139999999999999885e-07
4.780000000000000000e+03 1.213369999999999913e-06
4.785000000000000000e+03 -8.819999999999999834e-07
4.790000000000000000e+03 4.440000000000000053e-07
4.795000000000000000e+03 -3.720000000000000488e-07
4.800000000000000000e+03 -5.300000000000000078e-07
4.805000000000000000e+03 1.670409999999999987e-06
4.810000000000000000e+03 4.099999999999999920e-07
4.815000000000000000e+03 9.710000000000001053e-07
4.820000000000000000e+03 2.610000000000000210e-07
4.825000000000000000e+03 1.309430000000000099e-06
4.830000000000000000e+03 9.020000000000000037e-08
4.835000000000000000e+03 -1.080000000000000009e-07
4.840000000000000000e+03 7.850000000000000015e-07
4.845000000000000000e+03 3.180000000000000153e-07
4.850000000000000000e+03 -1.142500000000000073e-06
4.855000000000000000e+03 3.040000000000000222e-07
4.860000000000000000e+03 -8.830000000000000320e-08
4.865000000000000000e+03 -4.099999999999999920e-07
4.870000000000000000e+03 -3.409999999999999962e-07
4.875000000000000000e+03 -1.025190000000000090e-06
4.880000000000000000e+03 4.459999999999999968e-07
4.885000000000000000e+03 -3.389999999999999518e-07
4.890000000000000000e+03 2.340000000000000042e-07
4.895000000000000000e+03 3.069999999999999829e-07
4.900000000000000000e+03 -3.729999999999999651e-07
4.905000000000000000e+03 -6.479999999999999791e-07
4.910000000000000000e+03 6.669999999999999243e-07
4.915000000000000000e+03 -1.310299999999999974e-06
4.920000000000000000e+03 2.729999999999999696e-07
4.925000000000000000e+03 7.330000000000000124e-07
4.930000000000000000e+03 -3.679999999999999865e-08
4.935000000000000000e+03 -4.500000000000000326e-07
4.940000000000000000e+03 -6.540000000000000064e-07
4.945000000000000000e+03 -6.389999999999999647e-08
4.950000000000000000e+03 -5.920000000000000071e-07
4.955000000000000000e+03 -4.899999999999999672e-07
4.960000000000000000e+03 -6.279999999999999589e-07
4.965000000000000000e+03 2.659999999999999731e-07
4.970000000000000000e+03 -2.489999999999999665e-07
4.975000000000000000e+03 -1.018639999999999915e-06
4.980000000000000000e+03 4.110000000000000142e-07
4.985000000000000000e+03 -1.989999999999999952e-07
4.990000000000000000e+03 -8.620000000000000425e-08
4.995000000000000000e+03 2.630000000000000125e-07
5.000000000000000000e+03 -3.979999999999999905e-07
5.005000000000000000e+03 -5.689999999999999732e-07
5.010000000000000000e+03 2.150000000000000062e-08
5.015000000000000000e+03 1.020000000000000001e-07
5.020000000000000000e+03 5.370000000000000440e-08
5.025000000000000000e+03 -5.950000000000000207e-07
5.030000000000000000e+03 -1.125070000000000055e-06
5.035000000000000000e+03 -3.729999999999999651e-07
5.040000000000000000e+03 4.399999999999999695e-07
5.045000000000000000e+03 6.839999999999999309e-07
5.050000000000000000e+03 -8.309999999999999635e-07
5.055000000000000000e+03 -6.199999999999999931e-07
5.060000000000000000e+03 6.270000000000000955e-07
5.065000000000000000e+03 -1.413759999999999869e-06
5.070000000000000000e+03 1.819999999999999886e-07
5.075000000000000000e+03 -2.279999999999999770e-07
5.080000000000000000e+03 4.160000000000000193e-07
5.085000000000000000e+03 9.490000000000000407e-07
5.090000000000000000e+03 -1.249949999999999993e-06
5.095000000000000000e+03 8.080000000000000354e-07
5.100000000000000000e+03 4.089999999999999698e-07
5.105000000000000000e+03 -5.629999999999999459e-07
5.110000000000000000e+03 -1.420000000000000010e-07
5.115000000000000000e+03 -4.380000000000000310e-07
5.120000000000000000e+03 -1.317769999999999921e-06
5.125000000000000000e+03 -1.407199999999999842e-06
5.130000000000000000e+03 6.309999999999999725e-07
5.135000000000000000e+03 9.689999999999999551e-07
5.140000000000000000e+03 9.210000000000000547e-07
5.145000000000000000e+03 -5.729999999999999561e-07
5.150000000000000000e+03 6.129999999999999966e-07
5.155000000000000000e+03 5.219999999999999758e-08
5.160000000000000000e+03 1.189999999999999936e-07
5.165000000000000000e+03 2.010000000000000131e-07
5.170000000000000000e+03 -2.899999999999999763e-07
5.175000000000000000e+03 -1.020000000000000001e-07
5.180000000000000000e+03 6.320000000000000476e-07
5.185000000000000000e+03 -1.250000000000000109e-08
5.190000000000000000e+03 4.660000000000000170e-07
5.195000000000000000e+03 8.219999999999999490e-08
5.200000000000000000e+03 9.530000000000000236e-07
5.205000000000000000e+03 6.799999999999999481e-07
5.210000000000000000e+03 -9.500000000000000100e-07
5.215000000000000000e+03 -5.889999999999999935e-07
5.220000000000000000e+03 -7.199999999999999886e-07
5.225000000000000000e+03 -4.889999999999999980e-07
5.230000000000000000e+03 -2.379999999999999871e-07
5.235000000000000000e+03 3.169999999999999931e-07
5.240000000000000000e+03 -9.339999999999999726e-07
5.245000000000000000e+03 -2.289999999999999992e-07
5.250000000000000000e+03 1.016630000000000124e-06
5.255000000000000000e+03 6.240000000000000289e-08
5.260000000000000000e+03 -2.410000000000000007e-07
5.265000000000000000e+03 8.069999999999998809e-09
5.270000000000000000e+03 -4.639999999999999859e-08
5.275000000000000000e+03 -1.381229999999999988e-06
5.280000000000000000e+03 -5.789999999999999833e-07
5.285000000000000000e+03 -4.350000000000000174e-07
5.290000000000000000e+03 -5.969999999999999592e-07
5.295000000000000000e+03 1.410000000000000053e-07
5.300000000000000000e+03 -8.039999999999999202e-08
5.305000000000000000e+03 2.680000000000000175e-07
5.310000000000000000e+03 -9.440000000000000886e-07
5.315000000000000000e+03 1.919999999999999987e-07
5.320000000000000000e+03 2.340000000000000042e-07
5.325000000000000000e+03 6.689999999999999687e-07
5.330000000000000000e+03 9.330000000000000827e-08
5.335000000000000000e+03 4.200000000000000022e-07
5.340000000000000000e+03 -5.730000000000000355e-08
5.345000000000000000e+03 5.300000000000000078e-07
5.350000000000000000e+03 3.479999999999999927e-07
5.355000000000000000e+03 -2.139999999999999840e-07
5.360000000000000000e+03 7.749999999999999914e-07
5.365000000000000000e+03 9.700000000000000302e-07
5.370000000000000000e+03 3.130000000000000102e-07
5.375000000000000000e+03 -5.379999999999999735e-07
5.380000000000000000e+03 -3.529999999999999978e-07
5.385000000000000000e+03 7.610000000000001043e-07
5.390000000000000000e+03 8.810000000000000141e-08
5.395000000000000000e+03 -9.640000000000000030e-07
5.400000000000000000e+03 -3.630000000000000079e-07
5.405000000000000000e+03 5.840000000000000413e-07
5.410000000000000000e+03 1.369999999999999959e-07
5.415000000000000000e+03 7.490000000000000498e-07
5.420000000000000000e+03 -4.770000000000000494e-07
5.425000000000000000e+03 1.107559999999999946e-06
5.430000000000000000e+03 5.509999999999999973e-07
5.435000000000000000e+03 1.637259999999999932e-06
5.440000000000000000e+03 3.440000000000000098e-07
5.445000000000000000e+03 1.416049999999999978e-06
5.450000000000000000e+03 -5.470000000000000144e-07
5.455000000000000000e+03 2.010000000000000131e-07
5.460000000000000000e+03 -6.060000000000000001e-08
5.465000000000000000e+03 -2.829999999999999798e-07
5.470000000000000000e+03 1.031459999999999947e-06
5.475000000000000000e+03 -6.509999999999999928e-07
5.480000000000000000e+03 -7.669999999999999198e-07
5.485000000000000000e+03 6.450000000000000185e-08
5.490000000000000000e+03 1.059050000000000050e-06
5.495000000000000000e+03 9.159999999999999967e-07
5.500000000000000000e+03 7.819999999999999879e-07
5.505000000000000000e+03 -1.230000000000000095e-08
5.510000000000000000e+03 1.590000000000000076e-07
5.515000000000000000e+03 1.118899999999999994e-06
5.520000000000000000e+03 -7.799999999999999435e-07
5.525000000000000000e+03 7.059999999999999956e-07
5.530000000000000000e+03 4.069999999999999784e-07
5.535000000000000000e+03 -1.181470000000000057e-06
5.540000000000000000e+03 2.209999999999999937e-08
5.545000000000000000e+03 1.039720000000000101e-06
5.550000000000000000e+03 -2.479999999999999972e-07
5.555000000000000000e+03 1.869999999999999937e-07
5.560000000000000000e+03 1.629210000000000068e-06
5.565000000000000000e+03 5.119999999999999260e-07
5.570000000000000000e+03 -1.610000000000000189e-08
5.575000000000000000e+03 1.286050000000000164e-06
5.580000000000000000e+03 -1.840000000000000065e-07
5.585000000000000000e+03 -6.520000000000000150e-08
5.590000000000000000e+03 -2.789999999999999969e-07
5.595000000000000000e+03 -9.779999999999999960e-07
5.600000000000000000e+03 6.479999999999999791e-07
5.605000000000000000e+03 1.639999999999999862e-07
5.610000000000000000e+03 -2.360000000000000221e-07
5.615000000000000000e+03 -1.340000000000000088e-07
5.620000000000000000e+03 1.809999999999999929e-07
5.625000000000000000e+03 1.167740000000000105e-06
5.630000000000000000e+03 1.259999999999999901e-07
5.635000000000000000e+03 1.337709999999999979e-06
5.640000000000000000e+03 3.850000000000000196e-07
5.645000000000000000e+03 7.050000000000000263e-07
5.650000000000000000e+03 -4.080000000000000006e-07
5.655000000000000000e+03 7.250000000000000466e-07
5.660000000000000000e+03 2.460000000000000058e-07
5.665000000000000000e+03 8.780000000000001064e-07
5.670000000000000000e+03 1.949999999999999859e-07
5.675000000000000000e+03 3.909999999999999940e-07
5.680000000000000000e+03 5.929999999999999763e-07
5.685000000000000000e+03 3.490000000000000149e-07
5.690000000000000000e+03 2.090000000000000054e-07
5.695000000000000000e+03 2.700000000000000090e-07
5.700000000000000000e+03 1.169069999999999972e-06
5.705000000000000000e+03 -1.580000000000000119e-07
5.710000000000000000e+03 5.950000000000000207e-07
5.715000000000000000e+03 -9.280000000000000512e-07
5.720000000000000000e+03 5.099999999999999875e-07
5.725000000000000000e+03 3.889999999999999496e-07
5.730000000000000000e+03 1.033279999999999999e-06
5.735000000000000000e+03 -7.129999999999999921e-07
5.740000000000000000e+03 -8.700000000000000347e-07
5.745000000000000000e+03 2.929999999999999899e-07
5.750000000000000000e+03 -6.309999999999999725e-07
5.755000000000000000e+03 -1.439999999999999924e-07
5.760000000000000000e+03 -8.710000000000000040e-07
5.765000000000000000e+03 1.660000000000000041e-07
5.770000000000000000e+03 -3.899999999999999718e-07
5.775000000000000000e+03 8.459999999999999257e-07
5.780000000000000000e+03 -4.829999999999999707e-07
5.785000000000000000e+03 6.949999999999999103e-07
5.790000000000000000e+03 1.338429999999999948e-06
5.795000000000000000e+03 7.069999999999999648e-07
5.800000000000000000e+03 5.029999999999999910e-07
5.805000000000000000e+03 2.870000000000000156e-07
5.810000000000000000e+03 6.679999999999999994e-07
5.815000000000000000e+03 -8.619999999999999631e-07
5.820000000000000000e+03 -1.308939999999999914e-06
5.825000000000000000e+03 1.550889999999999986e-06
5.830000000000000000e+03 -1.816440000000000137e-06
5.835000000000000000e+03 -6.380000000000000749e-07
5.840000000000000000e+03 -4.359999999999999999e-08
5.845000000000000000e+03 4.419999999999999609e-07
5.850000000000000000e+03 7.949999999999999058e-07
5.855000000000000000e+03 1.561359999999999947e-06
5.860000000000000000e+03 5.250000000000000557e-07
5.865000000000000000e+03 7.930000000000000202e-08
5.870000000000000000e+03 -2.940000000000000121e-07
5.875000000000000000e+03 4.099999999999999920e-07
5.880000000000000000e+03 -8.570000000000000110e-07
5.885000000000000000e+03 -4.839999999999999400e-07
5.890000000000000000e+03 7.959999999999999809e-07
5.895000000000000000e+03 2.539999999999999914e-08
5.900000000000000000e+03 8.000000000000000697e-07
5.905000000000000000e+03 1.080000000000000009e-07
5.910000000000000000e+03 -3.339999999999999997e-07
5.915000000000000000e+03 -5.500000000000000281e-07
5.920000000000000000e+03 3.770000000000000009e-07
5.925000000000000000e+03 3.190000000000000374e-07
5.930000000000000000e+03 -2.809999999999999883e-07
5.935000000000000000e+03 -1.029999999999999959e-07
5.940000000000000000e+03 -6.080000000000000445e-07
5.945000000000000000e+03 1.619999999999999948e-07
5.950000000000000000e+03 -4.220000000000000465e-07
5.955000000000000000e+03 2.270000000000000077e-07
5.960000000000000000e+03 -4.130000000000000057e-07
5.965000000000000000e+03 4.059999999999999562e-07
5.970000000000000000e+03 7.449999999999999610e-07
5.975000000000000000e+03 -9.549999999999999488e-09
5.980000000000000000e+03 1.052349999999999970e-06
5.985000000000000000e+03 1.429999999999999967e-07
5.990000000000000000e+03 1.144649999999999917e-06
5.995000000000000000e+03 -1.429999999999999967e-07
6.000000000000000000e+03 -4.569999999999999761e-07
6.005000000000000000e+03 -1.070180000000000018e-06
6.010000000000000000e+03 -5.840000000000000413e-07
6.015000000000000000e+03 -7.459999999999999302e-07
6.020000000000000000e+03 1.433820000000000063e-06
6.025000000000000000e+03 -2.090000000000000054e-07
6.030000000000000000e+03 9.399999999999998939e-07
6.035000000000000000e+03 6.910000000000000333e-07
6.040000000000000000e+03 -6.590000000000000115e-08
6.045000000000000000e+03 -4.130000000000000057e-07
6.050000000000000000e+03 -2.940000000000000121e-07
6.055000000000000000e+03 -8.229999999999999977e-07
6.060000000000000000e+03 -9.769999999999999142e-09
6.065000000000000000e+03 3.639999999999999772e-07
6.070000000000000000e+03 -5.659999999999999596e-07
6.075000000000000000e+03 5.110000000000000626e-07
6.080000000000000000e+03 2.049999999999999960e-07
6.085000000000000000e+03 7.760000000000000665e-07
6.090000000000000000e+03 1.940000000000000166e-07
6.095000000000000000e+03 -8.919999999999999141e-08
6.100000000000000000e+03 -1.220000000000000072e-07
6.105000000000000000e+03 -1.779999999999999792e-07
6.110000000000000000e+03 7.720000000000000307e-08
6.115000000000000000e+03 -2.059999999999999917e-07
6.120000000000000000e+03 -5.659999999999999596e-07
6.125000000000000000e+03 -2.270000000000000077e-07
6.130000000000000000e+03 -7.829999999999999307e-08
6.135000000000000000e+03 -1.321910000000000063e-06
6.140000000000000000e+03 -4.559999999999999540e-07
6.145000000000000000e+03 -3.860000000000000418e-07
6.150000000000000000e+03 6.880000000000000197e-07
6.155000000000000000e+03 -1.004720000000000013e-06
6.160000000000000000e+03 6.910000000000000333e-09
6.165000000000000000e+03 1.357880000000000033e-06
6.170000000000000000e+03 7.530000000000000326e-07
6.175000000000000000e+03 -5.280000000000000693e-07
6.180000000000000000e+03 -5.940000000000000515e-07
6.185000000000000000e+03 -7.320000000000000431e-07
6.190000000000000000e+03 -2.630000000000000125e-07
6.195000000000000000e+03 2.440000000000000144e-07
6.200000000000000000e+03 -3.180000000000000153e-07
6.205000000000000000e+03 -4.599999999999999898e-07
6.210000000000000000e+03 2.179999999999999999e-08
6.215000000000000000e+03 -3.809999999999999838e-07
6.220000000000000000e+03 -1.050000000000000005e-07
6.225000000000000000e+03 2.659999999999999731e-07
6.230000000000000000e+03 4.259999999999999765e-07
6.235000000000000000e+03 -4.249999999999999675e-08
6.240000000000000000e+03 2.360000000000000221e-07
6.245000000000000000e+03 -2.840000000000000020e-07
6.250000000000000000e+03 7.600000000000000291e-07
6.255000000000000000e+03 3.970000000000000212e-07
6.260000000000000000e+03 5.409999999999999872e-07
6.265000000000000000e+03 -4.160000000000000193e-07
6.270000000000000000e+03 -7.129999999999999921e-07
6.275000000000000000e+03 1.862199999999999933e-06
6.280000000000000000e+03 1.869999999999999937e-07
6.285000000000000000e+03 2.840000000000000020e-07
6.290000000000000000e+03 -5.689999999999999732e-07
6.295000000000000000e+03 -3.249999999999999985e-08
6.300000000000000000e+03 7.150000000000000365e-07
6.305000000000000000e+03 -4.720000000000000443e-07
6.310000000000000000e+03 -6.279999999999999589e-07
6.315000000000000000e+03 -7.190000000000000193e-07
6.320000000000000000e+03 -1.117290000000000021e-06
6.325000000000000000e+03 -1.301650000000000065e-06
6.330000000000000000e+03 -3.959999999999999990e-07
6.335000000000000000e+03 4.149999999999999971e-07
6.340000000000000000e+03 5.339999999999999907e-07
6.345000000000000000e+03 2.199999999999999848e-07
6.350000000000000000e+03 -9.189999999999999574e-08
6.355000000000000000e+03 1.308519999999999967e-06
6.360000000000000000e+03 3.389999999999999518e-07
6.365000000000000000e+03 -4.720000000000000443e-07
6.370000000000000000e+03 5.479999999999999837e-07
6.375000000000000000e+03 -6.250000000000000511e-07
6.380000000000000000e+03 -5.959999999999999900e-07
6.385000000000000000e+03 1.044409999999999967e-06
6.390000000000000000e+03 1.119999999999999970e-07
6.395000000000000000e+03 1.090000000000000099e-07
6.400000000000000000e+03 2.640000000000000346e-07
6.405000000000000000e+03 -4.750000000000000050e-07
6.410000000000000000e+03 -4.959999999999999945e-07
6.415000000000000000e+03 9.090000000000000002e-07
6.420000000000000000e+03 2.479999999999999972e-07
6.425000000000000000e+03 9.270000000000000819e-07
6.430000000000000000e+03 8.420000000000000487e-07
6.435000000000000000e+03 1.180000000000000111e-07
6.440000000000000000e+03 3.839999999999999974e-07
6.445000000000000000e+03 -1.639999999999999862e-07
6.450000000000000000e+03 8.519999999999999530e-07
6.455000000000000000e+03 -7.269999999999999586e-08
6.460000000000000000e+03 -4.940000000000000560e-07
6.465000000000000000e+03 9.170000000000000718e-07
6.470000000000000000e+03 -9.640000000000000030e-07
6.475000000000000000e+03 4.000000000000000084e-08
6.480000000000000000e+03 -1.400000000000000095e-07
6.485000000000000000e+03 1.959999999999999816e-07
6.490000000000000000e+03 -9.589999999999999185e-08
6.495000000000000000e+03 6.579999999999999893e-07
6.500000000000000000e+03 1.333989999999999996e-06
6.505000000000000000e+03 2.174900000000000132e-06
6.510000000000000000e+03 1.627979999999999997e-06
6.515000000000000000e+03 1.892279999999999948e-06
6.520000000000000000e+03 6.779999999999999037e-07
6.525000000000000000e+03 2.370640000000000057e-06
6.530000000000000000e+03 2.188039999999999891e-06
6.535000000000000000e+03 1.571279999999999972e-06
6.540000000000000000e+03 2.646820000000000351e-06
6.545000000000000000e+03 3.559850000000000315e-06
6.550000000000000000e+03 3.917730000000000181e-06
6.555000000000000000e+03 4.878339999999999782e-06
6.560000000000000000e+03 6.261830000000000320e-06
6.565000000000000000e+03 7.506929999999999631e-06
6.570000000000000000e+03 9.463050000000000817e-06
6.575000000000000000e+03 1.045719000000000143e-05
6.580000000000000000e+03 1.335755000000000055e-05
6.585000000000000000e+03 1.547590999999999935e-05
6.590000000000000000e+03 2.010589000000000275e-05
6.595000000000000000e+03 2.355676999999999909e-05
6.600000000000000000e+03 3.042654000000000024e-05
6.605000000000000000e+03 3.615441000000000135e-05
6.610000000000000000e+03 4.382147999999999908e-05
6.615000000000000000e+03 5.335079999999999749e-05
6.620000000000000000e+03 6.485394999999999593e-05
6.625000000000000000e+03 7.946686999999999425e-05
6.630000000000000000e+03 9.792356000000000270e-05
6.635000000000000000e+03 1.194034700000000008e-04
6.640000000000000000e+03 1.461385599999999875e-04
6.645000000000000000e+03 1.784988499999999893e-04
6.650000000000000000e+03 2.169675899999999851e-04
6.655000000000000000e+03 2.645128400000000090e-04
6.660000000000000000e+03 3.213699500000000045e-04
6.665000000000000000e+03 3.910867500000000008e-04
6.670000000000000000e+03 4.737518700000000046e-04
6.675000000000000000e+03 5.749955799999999792e-04
6.680000000000000000e+03 6.941732800000000427e-04
6.685000000000000000e+03 8.386069499999999855e-04
6.690000000000000000e+03 1.008594779999999946e-03
6.695000000000000000e+03 1.212837320000000052e-03
6.700000000000000000e+03 1.462189999999999931e-03
6.705000000000000000e+03 1.750342100000000034e-03
6.710000000000000000e+03 2.090503870000000059e-03
6.715000000000000000e+03 2.498154040000000100e-03
6.720000000000000000e+03 2.971366349999999927e-03
6.725000000000000000e+03 3.521461189999999710e-03
6.730000000000000000e+03 4.178316000000000495e-03
6.735000000000000000e+03 4.942026440000000381e-03
6.740000000000000000e+03 5.826878550000000150e-03
6.745000000000000000e+03 6.834896210000000055e-03
6.750000000000000000e+03 8.013773559999999574e-03
6.755000000000000000e+03 9.357334380000000354e-03
6.760000000000000000e+03 1.089192509999999982e-02
6.765000000000000000e+03 1.268208264999999904e-02
6.770000000000000000e+03 1.468145250999999991e-02
6.775000000000000000e+03 1.691297054000000244e-02
6.780000000000000000e+03 1.950044035999999939e-02
6.785000000000000000e+03 2.235611200000000090e-02
6.790000000000000000e+03 2.552252292999999950e-02
6.795000000000000000e+03 2.913187264999999790e-02
6.800000000000000000e+03 3.308963298999999941e-02
6.805000000000000000e+03 3.748736857999999950e-02
6.810000000000000000e+03 4.226874352000000584e-02
6.815000000000000000e+03 4.757419108999999535e-02
6.820000000000000000e+03 5.337210178000000027e-02
6.825000000000000000e+03 5.967433452999999777e-02
6.830000000000000000e+03 6.653421401999999596e-02
6.835000000000000000e+03 7.389580249999999628e-02
6.840000000000000000e+03 8.167949676999999853e-02
6.845000000000000000e+03 9.027997970999999955e-02
6.850000000000000000e+03 9.927074431999999282e-02
6.855000000000000000e+03 1.088442801999999904e-01
6.860000000000000000e+03 1.191012096000000076e-01
6.865000000000000000e+03 1.298552894999999985e-01
6.870000000000000000e+03 1.411681174999999955e-01
6.875000000000000000e+03 1.528613280999999990e-01
6.880000000000000000e+03 1.652360725000000252e-01
6.885000000000000000e+03 1.780421256999999979e-01
6.890000000000000000e+03 1.912987899999999963e-01
6.895000000000000000e+03 2.052262114999999776e-01
6.900000000000000000e+03 2.193228339999999943e-01
6.905000000000000000e+03 2.337272834999999938e-01
6.910000000000000000e+03 2.487671471000000301e-01
6.915000000000000000e+03 2.638096809000000098e-01
6.920000000000000000e+03 2.791747665000000045e-01
6.925000000000000000e+03 2.951373481999999826e-01
6.930000000000000000e+03 3.109601211999999948e-01
6.935000000000000000e+03 3.269570159999999892e-01
6.940000000000000000e+03 3.429270554000000137e-01
6.945000000000000000e+03 3.591721724999999976e-01
6.950000000000000000e+03 3.753471755999999715e-01
6.955000000000000000e+03 3.915244292999999765e-01
6.960000000000000000e+03 4.078655243000000041e-01
6.965000000000000000e+03 4.239410019000000585e-01
6.970000000000000000e+03 4.397239685000000065e-01
6.975000000000000000e+03 4.557182311999999902e-01
6.980000000000000000e+03 4.713373947000000230e-01
6.985000000000000000e+03 4.867632674999999853e-01
6.990000000000000000e+03 5.022140884000000360e-01
6.995000000000000000e+03 5.172492980999999768e-01
7.000000000000000000e+03 5.320653914999999845e-01
7.005000000000000000e+03 5.464215088000000664e-01
7.010000000000000000e+03 5.606155395999999902e-01
7.015000000000000000e+03 5.746584701999999378e-01
7.020000000000000000e+03 5.881975174000000361e-01
7.025000000000000000e+03 6.015853881999999597e-01
7.030000000000000000e+03 6.145418930000000612e-01
7.035000000000000000e+03 6.269841765999999428e-01
7.040000000000000000e+03 6.395933150999999484e-01
7.045000000000000000e+03 6.516640472000000406e-01
7.050000000000000000e+03 6.629327392999999624e-01
7.055000000000000000e+03 6.743515015000000057e-01
7.060000000000000000e+03 6.852513885000000027e-01
7.065000000000000000e+03 6.958009337999999655e-01
7.070000000000000000e+03 7.060801696999999821e-01
7.075000000000000000e+03 7.161656951999999521e-01
7.080000000000000000e+03 7.255583190999999044e-01
7.085000000000000000e+03 7.348361969000000160e-01
7.090000000000000000e+03 7.438751220999999525e-01
7.095000000000000000e+03 7.524964905000000037e-01
7.100000000000000000e+03 7.607793427000000275e-01
7.105000000000000000e+03 7.689709473000000406e-01
7.110000000000000000e+03 7.766986083999999346e-01
7.115000000000000000e+03 7.841194152999999556e-01
7.120000000000000000e+03 7.914207457999999917e-01
7.125000000000000000e+03 7.984434509000000180e-01
7.130000000000000000e+03 8.053588867000001095e-01
7.135000000000000000e+03 8.114780426000000046e-01
7.140000000000000000e+03 8.176092529000000830e-01
7.145000000000000000e+03 8.234976958999999930e-01
7.150000000000000000e+03 8.291954040999999220e-01
7.155000000000000000e+03 8.347358703999999685e-01
7.160000000000000000e+03 8.399111175999999235e-01
7.165000000000000000e+03 8.448252105999999317e-01
7.170000000000000000e+03 8.496116637999999721e-01
7.175000000000000000e+03 8.540768432999999993e-01
7.180000000000000000e+03 8.585027313000000992e-01
7.185000000000000000e+03 8.626273346000000730e-01
7.190000000000000000e+03 8.665230560000000137e-01
7.195000000000000000e+03 8.702928162000000967e-01
7.200000000000000000e+03 8.739079284999999864e-01
7.205000000000000000e+03 8.773387908999999985e-01
7.210000000000000000e+03 8.805796813999999806e-01
7.215000000000000000e+03 8.836186218000000592e-01
7.220000000000000000e+03 8.865216827000000910e-01
7.225000000000000000e+03 8.893403625000000368e-01
7.230000000000000000e+03 8.919831084999999549e-01
7.235000000000000000e+03 8.945671081999999608e-01
7.240000000000000000e+03 8.969027710000000431e-01
7.245000000000000000e+03 8.992871094000000065e-01
7.250000000000000000e+03 9.014415741000000315e-01
7.255000000000000000e+03 9.035261535999999927e-01
7.260000000000000000e+03 9.054772948999999516e-01
7.265000000000000000e+03 9.073160552999999240e-01
7.270000000000000000e+03 9.093617249000000013e-01
7.275000000000000000e+03 9.109198761000000255e-01
7.280000000000000000e+03 9.124748993000000308e-01
7.285000000000000000e+03 9.139855194000000571e-01
7.290000000000000000e+03 9.155298614999999307e-01
7.295000000000000000e+03 9.169489288000000071e-01
7.300000000000000000e+03 9.186579894999999940e-01
7.305000000000000000e+03 9.196912383999999996e-01
7.310000000000000000e+03 9.209885405999999053e-01
7.315000000000000000e+03 9.222541046000000131e-01
7.320000000000000000e+03 9.235080718999999494e-01
7.325000000000000000e+03 9.246936798000000568e-01
7.330000000000000000e+03 9.258740234000000235e-01
7.335000000000000000e+03 9.270127106000000117e-01
7.340000000000000000e+03 9.280318450999999191e-01
7.345000000000000000e+03 9.291214752000001020e-01
7.350000000000000000e+03 9.302533721999999283e-01
7.355000000000000000e+03 9.312976836999999897e-01
7.360000000000000000e+03 9.322675323000000347e-01
7.365000000000000000e+03 9.333574677000000541e-01
7.370000000000000000e+03 9.343379974000000088e-01
7.375000000000000000e+03 9.353134918000001186e-01
7.380000000000000000e+03 9.363703918000000348e-01
7.385000000000000000e+03 9.371903992000000239e-01
7.390000000000000000e+03 9.382141875999999714e-01
7.395000000000000000e+03 9.390547943000000508e-01
7.400000000000000000e+03 9.399197388000000153e-01
7.405000000000000000e+03 9.407489013999998928e-01
7.410000000000000000e+03 9.416291809000000290e-01
7.415000000000000000e+03 9.423515319999999917e-01
7.420000000000000000e+03 9.431573486000001116e-01
7.425000000000000000e+03 9.438209534000000511e-01
7.430000000000000000e+03 9.445069121999999373e-01
7.435000000000000000e+03 9.451673888999999606e-01
7.440000000000000000e+03 9.457504272000000212e-01
7.445000000000000000e+03 9.463253020999999876e-01
7.450000000000000000e+03 9.468532562000000485e-01
7.455000000000000000e+03 9.473014831999999608e-01
7.460000000000000000e+03 9.477754973999999999e-01
7.465000000000000000e+03 9.481040955000000769e-01
7.470000000000000000e+03 9.484246063000000282e-01
7.475000000000000000e+03 9.487046813999999717e-01
7.480000000000000000e+03 9.489546966999999889e-01
7.485000000000000000e+03 9.490950012000000102e-01
7.490000000000000000e+03 9.492705536000000111e-01
7.495000000000000000e+03 9.492916107000000103e-01
7.500000000000000000e+03 9.494644165000000191e-01
7.505000000000000000e+03 9.494722747999999601e-01
7.510000000000000000e+03 9.494965362999999714e-01
7.515000000000000000e+03 9.494117737000000723e-01
7.520000000000000000e+03 9.493198394999999845e-01
7.525000000000000000e+03 9.493535613999999345e-01
7.530000000000000000e+03 9.491096497000000021e-01
7.535000000000000000e+03 9.490460204999999760e-01
7.540000000000000000e+03 9.488687134000000079e-01
7.545000000000000000e+03 9.487344360000000698e-01
7.550000000000000000e+03 9.485285186999999896e-01
7.555000000000000000e+03 9.484190368999999565e-01
7.560000000000000000e+03 9.481739043999999339e-01
7.565000000000000000e+03 9.480593109000000629e-01
7.570000000000000000e+03 9.479533385999999728e-01
7.575000000000000000e+03 9.477837372000000871e-01
7.580000000000000000e+03 9.477848052999999773e-01
7.585000000000000000e+03 9.476376342999999203e-01
7.590000000000000000e+03 9.474827576000000029e-01
7.595000000000000000e+03 9.474251555999999574e-01
7.600000000000000000e+03 9.474548339999999680e-01
7.605000000000000000e+03 9.473365020999999775e-01
7.610000000000000000e+03 9.474774170000000995e-01
7.615000000000000000e+03 9.472461699999999984e-01
7.620000000000000000e+03 9.473822020999999038e-01
7.625000000000000000e+03 9.474098205999998967e-01
7.630000000000000000e+03 9.474871826000000885e-01
7.635000000000000000e+03 9.476751708999999746e-01
7.640000000000000000e+03 9.477352904999999383e-01
7.645000000000000000e+03 9.477880858999999658e-01
7.650000000000000000e+03 9.477583312999999787e-01
7.655000000000000000e+03 9.481034087999999915e-01
7.660000000000000000e+03 9.482131194999999790e-01
7.665000000000000000e+03 9.484180449999999318e-01
7.670000000000000000e+03 9.485813141000000170e-01
7.675000000000000000e+03 9.487411498999999138e-01
7.680000000000000000e+03 9.489713286999998942e-01
7.685000000000000000e+03 9.491126251000000513e-01
7.690000000000000000e+03 9.491838837000000639e-01
7.695000000000000000e+03 9.493910979999999888e-01
7.700000000000000000e+03 9.495162963999999040e-01
7.705000000000000000e+03 9.497149657999999217e-01
7.710000000000000000e+03 9.497859954999999799e-01
7.715000000000000000e+03 9.499594878999999548e-01
7.720000000000000000e+03 9.499765777999999994e-01
7.725000000000000000e+03 9.500073242000000029e-01
7.730000000000000000e+03 9.499976349000001097e-01
7.735000000000000000e+03 9.500119780999999319e-01
7.740000000000000000e+03 9.499465942000000496e-01
7.745000000000000000e+03 9.499478148999999094e-01
7.750000000000000000e+03 9.499060821999999460e-01
7.755000000000000000e+03 9.498059081999999931e-01
7.760000000000000000e+03 9.495615386999999297e-01
7.765000000000000000e+03 9.495150757000000441e-01
7.770000000000000000e+03 9.492711638999999924e-01
7.775000000000000000e+03 9.490591430999999467e-01
7.780000000000000000e+03 9.488241576999999483e-01
7.785000000000000000e+03 9.487834929999999778e-01
7.790000000000000000e+03 9.483765411000000256e-01
7.795000000000000000e+03 9.480883789000000839e-01
7.800000000000000000e+03 9.478106689000000973e-01
7.805000000000000000e+03 9.474685669000000310e-01
7.810000000000000000e+03 9.472605896000000358e-01
7.815000000000000000e+03 9.469608307000000336e-01
7.820000000000000000e+03 9.465554047000001026e-01
7.825000000000000000e+03 9.464839172000000245e-01
7.830000000000000000e+03 9.460427094000000148e-01
7.835000000000000000e+03 9.458293915000000052e-01
7.840000000000000000e+03 9.455147551999999456e-01
7.845000000000000000e+03 9.453913878999999909e-01
7.850000000000000000e+03 9.450847625999999613e-01
7.855000000000000000e+03 9.449576568999999981e-01
7.860000000000000000e+03 9.448827361999999619e-01
7.865000000000000000e+03 9.446984862999999732e-01
7.870000000000000000e+03 9.446430205999999385e-01
7.875000000000000000e+03 9.445767212000000246e-01
7.880000000000000000e+03 9.444921111999999841e-01
7.885000000000000000e+03 9.445832061999999141e-01
7.890000000000000000e+03 9.445174407999999966e-01
7.895000000000000000e+03 9.447384643999999776e-01
7.900000000000000000e+03 9.447016906999999852e-01
7.905000000000000000e+03 9.446590423999999819e-01
7.910000000000000000e+03 9.448580169999999390e-01
7.915000000000000000e+03 9.449047089000000010e-01
7.920000000000000000e+03 9.449284363000000075e-01
7.925000000000000000e+03 9.451156616000000454e-01
7.930000000000000000e+03 9.452988433999999218e-01
7.935000000000000000e+03 9.455145263999998884e-01
7.940000000000000000e+03 9.455453490999999877e-01
7.945000000000000000e+03 9.457191467000000129e-01
7.950000000000000000e+03 9.457962799000000365e-01
7.955000000000000000e+03 9.459094237999999821e-01
7.960000000000000000e+03 9.460398102000000531e-01
7.965000000000000000e+03 9.458509827000000092e-01
7.970000000000000000e+03 9.460113525000000134e-01
7.975000000000000000e+03 9.460586548000000651e-01
7.980000000000000000e+03 9.460603333000000559e-01
7.985000000000000000e+03 9.459659576000000181e-01
7.990000000000000000e+03 9.459326171999999922e-01
7.995000000000000000e+03 9.460255431999999853e-01
8.000000000000000000e+03 9.458101653999999581e-01
8.005000000000000000e+03 9.457244873000000274e-01
8.010000000000000000e+03 9.457106780999999796e-01
8.015000000000000000e+03 9.456906127999999967e-01
8.020000000000000000e+03 9.453295135000000515e-01
8.025000000000000000e+03 9.453150940000000224e-01
8.030000000000000000e+03 9.452998352000000493e-01
8.035000000000000000e+03 9.451052094000000903e-01
8.040000000000000000e+03 9.451058197000000716e-01
8.045000000000000000e+03 9.448741913000000547e-01
8.050000000000000000e+03 9.449096679999999804e-01
8.055000000000000000e+03 9.447182465000000251e-01
8.060000000000000000e+03 9.445912932999999123e-01
8.065000000000000000e+03 9.447680664000001061e-01
8.070000000000000000e+03 9.446581267999999421e-01
8.075000000000000000e+03 9.447245026000000712e-01
8.080000000000000000e+03 9.448281096999999740e-01
8.085000000000000000e+03 9.450678252999999973e-01
8.090000000000000000e+03 9.451869202000000580e-01
8.095000000000000000e+03 9.455229950000000327e-01
8.100000000000000000e+03 9.456444550000000504e-01
8.105000000000000000e+03 9.459062957999999632e-01
8.110000000000000000e+03 9.462526703000000428e-01
8.115000000000000000e+03 9.466906738000000487e-01
8.120000000000000000e+03 9.469590759000000579e-01
8.125000000000000000e+03 9.474903107000000047e-01
8.130000000000000000e+03 9.477422332999999588e-01
8.135000000000000000e+03 9.483415222000001199e-01
8.140000000000000000e+03 9.485038756999999432e-01
8.145000000000000000e+03 9.489422606999999843e-01
8.150000000000000000e+03 9.494716644000000816e-01
8.155000000000000000e+03 9.496473693999999410e-01
8.160000000000000000e+03 9.503414917000000406e-01
8.165000000000000000e+03 9.504828643999999604e-01
8.170000000000000000e+03 9.506752776999999321e-01
8.175000000000000000e+03 9.509104919000000988e-01
8.180000000000000000e+03 9.512897490999999706e-01
8.185000000000000000e+03 9.513870239000000728e-01
8.190000000000000000e+03 9.516954040999999753e-01
8.195000000000000000e+03 9.516828917999999859e-01
8.200000000000000000e+03 9.517813873000000591e-01
8.205000000000000000e+03 9.518869780999998920e-01
8.210000000000000000e+03 9.516792297000000733e-01
8.215000000000000000e+03 9.515172576999999521e-01
8.220000000000000000e+03 9.514408111999999029e-01
8.225000000000000000e+03 9.509674834999999327e-01
8.230000000000000000e+03 9.510856628000000645e-01
8.235000000000000000e+03 9.502947998000000895e-01
8.240000000000000000e+03 9.496917725000000310e-01
8.245000000000000000e+03 9.489393615999999199e-01
8.250000000000000000e+03 9.478884124999999994e-01
8.255000000000000000e+03 9.462292480000000783e-01
8.260000000000000000e+03 9.439105988000000558e-01
8.265000000000000000e+03 9.410533905000000310e-01
8.270000000000000000e+03 9.370788573999999649e-01
8.275000000000000000e+03 9.317752837999999649e-01
8.280000000000000000e+03 9.253719329999999799e-01
8.285000000000000000e+03 9.166153717000000700e-01
8.290000000000000000e+03 9.059877013999999562e-01
8.295000000000000000e+03 8.923814392000000151e-01
8.300000000000000000e+03 8.757587433000000310e-01
8.305000000000000000e+03 8.562100983000000554e-01
8.310000000000000000e+03 8.323136139000000266e-01
8.315000000000000000e+03 8.051178741000000194e-01
8.320000000000000000e+03 7.737303162000001011e-01
8.325000000000000000e+03 7.386779785000000542e-01
8.330000000000000000e+03 7.002891540999999220e-01
8.335000000000000000e+03 6.581063080000000287e-01
8.340000000000000000e+03 6.147294616999999795e-01
8.345000000000000000e+03 5.691169356999999929e-01
8.350000000000000000e+03 5.233297348000000015e-01
8.355000000000000000e+03 4.779631423999999851e-01
8.360000000000000000e+03 4.320880890000000085e-01
8.365000000000000000e+03 3.888862610000000108e-01
8.370000000000000000e+03 3.483236312999999917e-01
8.375000000000000000e+03 3.100768089000000005e-01
8.380000000000000000e+03 2.748613930000000094e-01
8.385000000000000000e+03 2.426202393000000124e-01
8.390000000000000000e+03 2.137239647000000187e-01
8.395000000000000000e+03 1.875737953000000124e-01
8.400000000000000000e+03 1.642700005000000130e-01
8.405000000000000000e+03 1.442446899000000005e-01
8.410000000000000000e+03 1.260120583000000072e-01
8.415000000000000000e+03 1.102174090999999967e-01
8.420000000000000000e+03 9.657980919000000442e-02
8.425000000000000000e+03 8.432379722999999716e-02
8.430000000000000000e+03 7.379546165000000491e-02
8.435000000000000000e+03 6.471353053999999438e-02
8.440000000000000000e+03 5.680390835000000138e-02
8.445000000000000000e+03 4.986358165999999620e-02
8.450000000000000000e+03 4.383028506999999546e-02
8.455000000000000000e+03 3.860254525999999575e-02
8.460000000000000000e+03 3.397736310999999870e-02
8.465000000000000000e+03 3.005564689999999997e-02
8.470000000000000000e+03 2.658428430999999759e-02
8.475000000000000000e+03 2.350819587999999905e-02
8.480000000000000000e+03 2.084288119999999980e-02
8.485000000000000000e+03 1.855007767999999890e-02
8.490000000000000000e+03 1.648542881000000099e-02
8.495000000000000000e+03 1.470229148999999819e-02
8.500000000000000000e+03 1.330657720999999828e-02
8.505000000000000000e+03 1.185037493999999830e-02
8.510000000000000000e+03 1.059724568999999977e-02
8.515000000000000000e+03 9.481396680000000327e-03
8.520000000000000000e+03 8.539120560000000235e-03
8.525000000000000000e+03 7.668117290000000912e-03
8.530000000000000000e+03 6.908893590000000397e-03
8.535000000000000000e+03 6.216762070000000397e-03
8.540000000000000000e+03 5.594718460000000157e-03
8.545000000000000000e+03 5.059213039999999745e-03
8.550000000000000000e+03 4.565191869999999687e-03
8.555000000000000000e+03 4.150539640000000009e-03
8.560000000000000000e+03 3.766782879999999722e-03
8.565000000000000000e+03 3.419238030000000105e-03
8.570000000000000000e+03 3.098839520000000024e-03
8.575000000000000000e+03 2.812230889999999678e-03
8.580000000000000000e+03 2.573305069999999844e-03
8.585000000000000000e+03 2.347588989999999792e-03
8.590000000000000000e+03 2.150069619999999803e-03
8.595000000000000000e+03 1.956496390000000019e-03
8.600000000000000000e+03 1.799351719999999974e-03
8.605000000000000000e+03 1.636069719999999920e-03
8.610000000000000000e+03 1.492323280000000009e-03
8.615000000000000000e+03 1.374782919999999967e-03
8.620000000000000000e+03 1.267759649999999818e-03
8.625000000000000000e+03 1.178346949999999928e-03
8.630000000000000000e+03 1.071972100000000063e-03
8.635000000000000000e+03 9.892386200000000476e-04
8.640000000000000000e+03 9.152042900000000080e-04
8.645000000000000000e+03 8.384969100000000397e-04
8.650000000000000000e+03 7.773774099999999822e-04
8.655000000000000000e+03 7.215432800000000195e-04
8.660000000000000000e+03 6.618828299999999663e-04
8.665000000000000000e+03 6.124416399999999634e-04
8.670000000000000000e+03 5.728521600000000078e-04
8.675000000000000000e+03 5.236674499999999493e-04
8.680000000000000000e+03 4.866612299999999972e-04
8.685000000000000000e+03 4.608606500000000071e-04
8.690000000000000000e+03 4.178075099999999879e-04
8.695000000000000000e+03 4.015270199999999672e-04
8.700000000000000000e+03 3.706708600000000061e-04
8.705000000000000000e+03 3.429626699999999660e-04
8.710000000000000000e+03 3.246138999999999991e-04
8.715000000000000000e+03 2.989720900000000163e-04
8.720000000000000000e+03 2.779014800000000280e-04
8.725000000000000000e+03 2.625940599999999773e-04
8.730000000000000000e+03 2.462867100000000020e-04
8.735000000000000000e+03 2.363491999999999969e-04
8.740000000000000000e+03 2.104372300000000072e-04
8.745000000000000000e+03 1.981606699999999928e-04
8.750000000000000000e+03 1.927578600000000037e-04
8.755000000000000000e+03 1.769271899999999814e-04
8.760000000000000000e+03 1.591454100000000101e-04
8.765000000000000000e+03 1.537197799999999968e-04
8.770000000000000000e+03 1.442502099999999838e-04
8.775000000000000000e+03 1.443575599999999989e-04
8.780000000000000000e+03 1.350443800000000164e-04
8.785000000000000000e+03 1.291389699999999959e-04
8.790000000000000000e+03 1.203445300000000084e-04
8.795000000000000000e+03 1.055801800000000012e-04
8.800000000000000000e+03 1.123328099999999969e-04
8.805000000000000000e+03 1.015415000000000035e-04
8.810000000000000000e+03 8.887878999999999951e-05
8.815000000000000000e+03 8.942622999999999642e-05
8.820000000000000000e+03 7.914203999999999824e-05
8.825000000000000000e+03 8.087914999999999287e-05
8.830000000000000000e+03 7.658202000000000780e-05
8.835000000000000000e+03 6.755407000000000219e-05
8.840000000000000000e+03 6.693294000000000023e-05
8.845000000000000000e+03 6.207995999999999914e-05
8.850000000000000000e+03 5.892900999999999841e-05
8.855000000000000000e+03 5.085534000000000360e-05
8.860000000000000000e+03 5.405667000000000501e-05
8.865000000000000000e+03 5.240487999999999554e-05
8.870000000000000000e+03 5.217361999999999938e-05
8.875000000000000000e+03 4.852546999999999265e-05
8.880000000000000000e+03 4.141912999999999997e-05
8.885000000000000000e+03 4.682531000000000112e-05
8.890000000000000000e+03 4.264852999999999873e-05
8.895000000000000000e+03 3.630378000000000158e-05
8.900000000000000000e+03 4.519178000000000187e-05
8.905000000000000000e+03 4.068262999999999778e-05
8.910000000000000000e+03 3.592629000000000124e-05
8.915000000000000000e+03 2.579136000000000238e-05
8.920000000000000000e+03 3.835757999999999876e-05
8.925000000000000000e+03 2.828273000000000153e-05
8.930000000000000000e+03 2.250617999999999667e-05
8.935000000000000000e+03 2.303961000000000285e-05
8.940000000000000000e+03 2.671368000000000001e-05
8.945000000000000000e+03 2.941572999999999898e-05
8.950000000000000000e+03 2.479784000000000109e-05
8.955000000000000000e+03 2.329325999999999999e-05
8.960000000000000000e+03 2.376075000000000116e-05
8.965000000000000000e+03 2.834884000000000148e-05
8.970000000000000000e+03 1.675802000000000257e-05
8.975000000000000000e+03 1.969497000000000161e-05
8.980000000000000000e+03 1.939343999999999910e-05
8.985000000000000000e+03 2.046130000000000008e-05
8.990000000000000000e+03 1.540970999999999988e-05
8.995000000000000000e+03 2.460150999999999885e-05
9.000000000000000000e+03 2.231073999999999910e-05
9.005000000000000000e+03 1.801352000000000096e-05
9.010000000000000000e+03 2.796972999999999961e-05
9.015000000000000000e+03 1.055716000000000007e-05
9.020000000000000000e+03 1.701402000000000147e-05
9.025000000000000000e+03 1.316002999999999977e-05
9.030000000000000000e+03 1.626288000000000175e-05
9.035000000000000000e+03 8.174649999999999736e-06
9.040000000000000000e+03 1.498221000000000101e-05
9.045000000000000000e+03 1.726344000000000085e-05
9.050000000000000000e+03 1.272363000000000171e-05
9.055000000000000000e+03 9.632640000000001001e-06
9.060000000000000000e+03 1.276536999999999938e-05
9.065000000000000000e+03 4.937439999999999775e-06
9.070000000000000000e+03 4.713269999999999853e-06
9.075000000000000000e+03 1.693071999999999839e-05
9.080000000000000000e+03 6.613370000000000515e-06
9.085000000000000000e+03 1.268673999999999942e-05
9.090000000000000000e+03 1.315690999999999835e-05
9.095000000000000000e+03 9.669159999999999425e-06
9.100000000000000000e+03 2.783989999999999666e-06
9.105000000000000000e+03 1.633026999999999976e-05
9.110000000000000000e+03 7.021370000000000675e-06
9.115000000000000000e+03 5.286739999999999971e-06
9.120000000000000000e+03 6.711670000000000065e-06
9.125000000000000000e+03 5.551479999999999574e-06
9.130000000000000000e+03 6.358549999999999455e-06
9.135000000000000000e+03 1.615847999999999983e-05
9.140000000000000000e+03 1.264750999999999946e-05
9.145000000000000000e+03 1.342093999999999995e-05
9.150000000000000000e+03 7.025700000000000344e-06
9.155000000000000000e+03 1.417272999999999941e-05
9.160000000000000000e+03 9.642519999999999287e-06
9.165000000000000000e+03 2.132929999999999923e-06
9.170000000000000000e+03 5.424149999999999558e-06
9.175000000000000000e+03 -2.976720000000000360e-06
9.180000000000000000e+03 8.738549999999999538e-06
9.185000000000000000e+03 6.502940000000000287e-06
9.190000000000000000e+03 3.965230000000000150e-06
9.195000000000000000e+03 8.427240000000000650e-06
9.200000000000000000e+03 7.434710000000000007e-06
9.205000000000000000e+03 9.143320000000000746e-06
9.210000000000000000e+03 7.268140000000000177e-06
9.215000000000000000e+03 8.548859999999999326e-06
9.220000000000000000e+03 6.832280000000000085e-06
9.225000000000000000e+03 5.728860000000000068e-06
9.230000000000000000e+03 6.487809999999999806e-06
9.235000000000000000e+03 -9.889999999999999754e-07
9.240000000000000000e+03 8.725120000000000244e-06
9.245000000000000000e+03 3.491120000000000043e-06
9.250000000000000000e+03 7.967570000000001034e-06
9.255000000000000000e+03 3.841699999999999996e-06
9.260000000000000000e+03 2.700350000000000328e-06
9.265000000000000000e+03 1.584146999999999861e-05
9.270000000000000000e+03 8.880000000000000106e-07
9.275000000000000000e+03 -7.555679999999999799e-06
9.280000000000000000e+03 2.850049999999999928e-06
9.285000000000000000e+03 8.916199999999999438e-06
9.290000000000000000e+03 3.125569999999999790e-06
9.295000000000000000e+03 1.192927999999999973e-05
9.300000000000000000e+03 6.020450000000000947e-06
9.305000000000000000e+03 -5.856049999999999607e-06
9.310000000000000000e+03 4.682949999999999777e-06
9.315000000000000000e+03 7.929339999999999877e-06
9.320000000000000000e+03 1.423667999999999902e-05
9.325000000000000000e+03 4.056179999999999678e-06
9.330000000000000000e+03 3.401550000000000068e-06
9.335000000000000000e+03 3.734329999999999955e-06
9.340000000000000000e+03 7.148280000000000108e-06
9.345000000000000000e+03 -1.418130000000000007e-06
9.350000000000000000e+03 7.029289999999999914e-06
9.355000000000000000e+03 5.900309999999999926e-06
9.360000000000000000e+03 5.672960000000000315e-06
9.365000000000000000e+03 5.729610000000000018e-06
9.370000000000000000e+03 8.367250000000000230e-06
9.375000000000000000e+03 6.647779999999999564e-06
9.380000000000000000e+03 8.476200000000000263e-06
9.385000000000000000e+03 5.807600000000000097e-06
9.390000000000000000e+03 4.625909999999999896e-06
9.395000000000000000e+03 7.598510000000000031e-06
9.400000000000000000e+03 1.238069999999999989e-05
9.405000000000000000e+03 3.339309999999999797e-06
9.410000000000000000e+03 3.955580000000000166e-06
9.415000000000000000e+03 7.579999999999999848e-07
9.420000000000000000e+03 -3.588290000000000164e-06
9.425000000000000000e+03 8.392109999999999514e-06
9.430000000000000000e+03 2.260000000000000120e-07
9.435000000000000000e+03 3.739999999999999873e-07
9.440000000000000000e+03 7.901230000000000243e-06
9.445000000000000000e+03 6.695139999999999903e-06
9.450000000000000000e+03 8.943770000000000260e-06
9.455000000000000000e+03 2.144239999999999989e-06
9.460000000000000000e+03 6.786970000000000005e-06
9.465000000000000000e+03 5.943310000000000192e-06
9.470000000000000000e+03 1.067295000000000087e-05
9.475000000000000000e+03 6.192930000000000014e-06
9.480000000000000000e+03 7.440579999999999834e-06
9.485000000000000000e+03 2.901199999999999853e-06
9.490000000000000000e+03 -1.809670000000000031e-06
9.495000000000000000e+03 -1.695920000000000061e-06
9.500000000000000000e+03 6.320000000000000476e-07
9.505000000000000000e+03 1.180210000000000005e-06
9.510000000000000000e+03 2.877089999999999672e-06
9.515000000000000000e+03 -6.689999999999999687e-08
9.520000000000000000e+03 8.046209999999999997e-06
9.525000000000000000e+03 8.132810000000000150e-06
9.530000000000000000e+03 5.456680000000000075e-06
9.535000000000000000e+03 5.358000000000000200e-06
9.540000000000000000e+03 -2.500000000000000218e-08
9.545000000000000000e+03 2.989999999999999642e-07
9.550000000000000000e+03 3.440669999999999958e-06
9.555000000000000000e+03 1.292969999999999964e-06
9.560000000000000000e+03 -2.231999999999999975e-06
9.565000000000000000e+03 -1.967199999999999986e-06
9.570000000000000000e+03 -2.363850000000000246e-06
9.575000000000000000e+03 2.667899999999999901e-06
9.580000000000000000e+03 1.465969999999999832e-06
9.585000000000000000e+03 6.487109999999999119e-06
9.590000000000000000e+03 7.759810000000000503e-06
9.595000000000000000e+03 7.880349999999999860e-06
9.600000000000000000e+03 1.953260000000000167e-06
9.605000000000000000e+03 7.120959999999999835e-06
9.610000000000000000e+03 9.612310000000000130e-06
9.615000000000000000e+03 -5.077639999999999720e-06
9.620000000000000000e+03 2.199999999999999848e-07
9.625000000000000000e+03 8.479999999999999701e-07
9.630000000000000000e+03 3.060010000000000201e-06
9.635000000000000000e+03 7.094030000000000585e-06
9.640000000000000000e+03 4.538340000000000496e-06
9.645000000000000000e+03 -6.179999999999999487e-07
9.650000000000000000e+03 7.197870000000000594e-06
9.655000000000000000e+03 5.230000000000000113e-07
9.660000000000000000e+03 -2.799969999999999892e-06
9.665000000000000000e+03 4.931840000000000201e-06
9.670000000000000000e+03 9.538899999999999422e-06
9.675000000000000000e+03 -1.578949999999999934e-06
9.680000000000000000e+03 4.732739999999999854e-06
9.685000000000000000e+03 6.425159999999999652e-06
9.690000000000000000e+03 1.118540000000000009e-06
9.695000000000000000e+03 9.726679999999999850e-06
9.700000000000000000e+03 -2.331169999999999824e-06
9.705000000000000000e+03 2.910249999999999792e-06
9.710000000000000000e+03 -4.089999999999999698e-07
9.715000000000000000e+03 -2.800000000000000191e-07
9.720000000000000000e+03 7.927759999999999462e-06
9.725000000000000000e+03 6.362110000000000315e-06
9.730000000000000000e+03 2.231090000000000267e-06
9.735000000000000000e+03 1.534649999999999994e-06
9.740000000000000000e+03 -3.236040000000000276e-06
9.745000000000000000e+03 -7.050000000000000263e-07
9.750000000000000000e+03 6.109999999999999522e-07
9.755000000000000000e+03 5.293890000000000402e-06
9.760000000000000000e+03 -2.549999999999999938e-07
9.765000000000000000e+03 4.815420000000000221e-06
9.770000000000000000e+03 -2.882650000000000259e-06
9.775000000000000000e+03 -2.452830000000000028e-06
9.780000000000000000e+03 2.524380000000000215e-06
9.785000000000000000e+03 -7.972079999999999743e-06
9.790000000000000000e+03 2.903059999999999950e-06
9.795000000000000000e+03 6.241060000000000009e-06
9.800000000000000000e+03 3.862399999999999646e-06
9.805000000000000000e+03 -4.284140000000000456e-06
9.810000000000000000e+03 -9.063470000000000147e-06
9.815000000000000000e+03 7.006449999999999638e-06
9.820000000000000000e+03 7.605850000000000201e-06
9.825000000000000000e+03 7.945910000000000296e-06
9.830000000000000000e+03 8.704139999999999642e-06
9.835000000000000000e+03 -6.889999999999999889e-07
9.840000000000000000e+03 3.181859999999999721e-06
9.845000000000000000e+03 1.629999999999999905e-07
9.850000000000000000e+03 2.397030000000000071e-06
9.855000000000000000e+03 2.875269999999999832e-06
9.860000000000000000e+03 4.989919999999999991e-06
9.865000000000000000e+03 -1.638860000000000052e-06
9.870000000000000000e+03 1.463801999999999915e-05
9.875000000000000000e+03 4.293829999999999850e-06
9.880000000000000000e+03 -1.455219999999999977e-06
9.885000000000000000e+03 3.646319999999999844e-06
9.890000000000000000e+03 1.556999999999999873e-06
9.895000000000000000e+03 3.350120000000000037e-06
9.900000000000000000e+03 3.963620000000000177e-06
9.905000000000000000e+03 9.839989999999999956e-06
9.910000000000000000e+03 2.122879999999999909e-06
9.915000000000000000e+03 4.189900000000000322e-06
9.920000000000000000e+03 5.169859999999999999e-06
9.925000000000000000e+03 2.240129999999999930e-06
9.930000000000000000e+03 3.965139999999999783e-06
9.935000000000000000e+03 5.547899999999999856e-06
9.940000000000000000e+03 1.592689999999999950e-06
9.945000000000000000e+03 -4.463899999999999731e-06
9.950000000000000000e+03 5.746279999999999810e-06
9.955000000000000000e+03 1.903739999999999920e-06
9.960000000000000000e+03 1.107850000000000116e-06
9.965000000000000000e+03 4.476769999999999660e-06
9.970000000000000000e+03 8.432720000000001146e-06
9.975000000000000000e+03 4.459999999999999968e-07
9.980000000000000000e+03 2.837129999999999889e-06
9.985000000000000000e+03 -3.909999999999999940e-07
9.990000000000000000e+03 3.277840000000000028e-06
9.995000000000000000e+03 1.790240000000000075e-06
1.000000000000000000e+04 4.337189999999999889e-06
1.000500000000000000e+04 -1.581909999999999903e-06
1.001000000000000000e+04 3.641939999999999642e-06
1.001500000000000000e+04 2.341309999999999781e-06
1.002000000000000000e+04 1.949999999999999925e-08
1.002500000000000000e+04 6.020360000000000580e-06
1.003000000000000000e+04 -3.505919999999999884e-06
1.003500000000000000e+04 -3.235800000000000004e-06
1.004000000000000000e+04 5.633730000000000354e-06
1.004500000000000000e+04 -5.247070000000000569e-06
1.005000000000000000e+04 6.255510000000000353e-06
1.005500000000000000e+04 -3.080940000000000270e-06
1.006000000000000000e+04 7.149999999999999835e-08
1.006500000000000000e+04 -3.782859999999999557e-06
1.007000000000000000e+04 2.812269999999999758e-06
1.007500000000000000e+04 2.541810000000000233e-06
1.008000000000000000e+04 8.408180000000000531e-06
1.008500000000000000e+04 -5.506830000000000772e-06
1.009000000000000000e+04 9.739999999999999072e-07
1.009500000000000000e+04 5.590630000000000716e-06
1.010000000000000000e+04 7.318830000000000534e-06
1.010500000000000000e+04 -2.725580000000000084e-06
1.011000000000000000e+04 -9.469999999999999963e-07
1.011500000000000000e+04 5.605869999999999573e-06
1.012000000000000000e+04 -2.150219999999999887e-06
1.012500000000000000e+04 -4.339799999999999513e-06
1.013000000000000000e+04 7.131119999999999920e-06
1.013500000000000000e+04 -3.893239999999999676e-06
1.014000000000000000e+04 6.239999999999999760e-07
1.014500000000000000e+04 1.132029999999999900e-06
1.015000000000000000e+04 1.078520000000000052e-06
1.015500000000000000e+04 1.187200000000000043e-06
1.016000000000000000e+04 -3.417849999999999811e-06
1.016500000000000000e+04 -8.710000000000000040e-07
1.017000000000000000e+04 -1.510190000000000105e-06
1.017500000000000000e+04 -1.019869999999999986e-06
1.018000000000000000e+04 9.718550000000000319e-06
1.018500000000000000e+04 8.544089999999999370e-06
1.019000000000000000e+04 -3.312209999999999667e-06
1.019500000000000000e+04 3.169999999999999931e-07
1.020000000000000000e+04 4.651759999999999827e-06
1.020500000000000000e+04 1.144789999999999969e-06
1.021000000000000000e+04 1.919999999999999987e-07
1.021500000000000000e+04 3.695959999999999593e-06
1.022000000000000000e+04 1.753679999999999911e-06
1.022500000000000000e+04 1.194849999999999919e-05
1.023000000000000000e+04 4.062110000000000314e-06
1.023500000000000000e+04 9.590000000000000508e-07
1.024000000000000000e+04 4.672389999999999661e-06
1.024500000000000000e+04 1.970090000000000140e-06
1.025000000000000000e+04 -1.923729999999999876e-06
1.025500000000000000e+04 5.691389999999999561e-06
1.026000000000000000e+04 -7.343090000000000196e-06
1.026500000000000000e+04 4.592609999999999724e-06
1.027000000000000000e+04 5.903230000000000060e-06
1.027500000000000000e+04 1.092950999999999999e-05
1.028000000000000000e+04 7.671660000000000339e-06
1.028500000000000000e+04 5.357819999999999467e-06
1.029000000000000000e+04 4.509520000000000321e-06
1.029500000000000000e+04 2.593149999999999897e-06
1.030000000000000000e+04 7.463329999999999743e-06
1.030500000000000000e+04 5.348880000000000023e-06
1.031000000000000000e+04 6.499999999999999176e-07
1.031500000000000000e+04 8.072239999999999814e-06
1.032000000000000000e+04 5.623439999999999644e-06
1.032500000000000000e+04 4.052060000000000300e-06
1.033000000000000000e+04 2.229479999999999871e-06
1.033500000000000000e+04 5.547339999999999644e-06
1.034000000000000000e+04 4.186110000000000312e-06
1.034500000000000000e+04 9.420470000000000287e-06
1.035000000000000000e+04 -6.360000000000000305e-07
1.035500000000000000e+04 7.949999999999999058e-07
1.036000000000000000e+04 2.982029999999999975e-06
1.036500000000000000e+04 1.218174000000000002e-05
1.037000000000000000e+04 4.867779999999999666e-06
1.037500000000000000e+04 8.423569999999999718e-06
1.038000000000000000e+04 1.253159999999999874e-06
1.038500000000000000e+04 2.469149999999999898e-06
1.039000000000000000e+04 -2.810960000000000019e-06
1.039500000000000000e+04 4.700579999999999810e-06
1.040000000000000000e+04 -2.400000000000000315e-07
1.040500000000000000e+04 -3.220430000000000098e-06
1.041000000000000000e+04 1.008689999999999994e-05
1.041500000000000000e+04 -2.107979999999999848e-06
1.042000000000000000e+04 6.629540000000000057e-06
1.042500000000000000e+04 3.318920000000000234e-06
1.043000000000000000e+04 1.756029999999999982e-06
1.043500000000000000e+04 7.375180000000000426e-06
1.044000000000000000e+04 -6.559999999999999449e-07
1.044500000000000000e+04 3.377489999999999997e-06
1.045000000000000000e+04 4.807270000000000138e-06
1.045500000000000000e+04 -1.021809999999999963e-06
1.046000000000000000e+04 4.452079999999999563e-06
1.046500000000000000e+04 6.147340000000000676e-06
1.047000000000000000e+04 -2.007800000000000072e-06
1.047500000000000000e+04 4.486229999999999905e-06
1.048000000000000000e+04 7.705309999999999585e-06
1.048500000000000000e+04 6.820829999999999542e-06
1.049000000000000000e+04 1.124133999999999968e-05
1.049500000000000000e+04 5.319999999999999463e-07
1.050000000000000000e+04 1.433390000000000052e-06
1.050500000000000000e+04 -1.364429999999999996e-06
1.051000000000000000e+04 3.339180000000000020e-06
1.051500000000000000e+04 4.460109999999999722e-06
1.052000000000000000e+04 1.257847000000000122e-05
1.052500000000000000e+04 1.121580000000000068e-06
1.053000000000000000e+04 9.920900000000000169e-06
1.053500000000000000e+04 -2.898509999999999714e-06
1.054000000000000000e+04 3.396789999999999965e-06
1.054500000000000000e+04 -3.180000000000000153e-07
1.055000000000000000e+04 -3.919999999999999632e-07
1.055500000000000000e+04 5.728690000000000881e-06
1.056000000000000000e+04 1.184366000000000037e-05
1.056500000000000000e+04 3.361449999999999809e-06
1.057000000000000000e+04 8.739700000000000365e-06
1.057500000000000000e+04 7.572059999999999632e-06
1.058000000000000000e+04 3.906529999999999340e-06
1.058500000000000000e+04 3.905010000000000581e-06
1.059000000000000000e+04 7.331009999999999628e-06
1.059500000000000000e+04 5.917680000000000405e-06
1.060000000000000000e+04 1.057893000000000003e-05
1.060500000000000000e+04 7.729999999999999470e-07
1.061000000000000000e+04 8.526860000000000215e-06
1.061500000000000000e+04 2.417150000000000227e-06
1.062000000000000000e+04 4.206829999999999667e-06
1.062500000000000000e+04 3.619499999999999820e-06
1.063000000000000000e+04 9.181229999999999846e-06
1.063500000000000000e+04 1.269020000000000091e-05
1.064000000000000000e+04 9.404469999999999085e-06
1.064500000000000000e+04 3.970000000000000212e-07
1.065000000000000000e+04 7.690900000000001191e-06
1.065500000000000000e+04 1.721529999999999931e-06
1.066000000000000000e+04 6.430259999999999824e-06
1.066500000000000000e+04 4.731139999999999734e-06
1.067000000000000000e+04 9.045229999999999793e-06
1.067500000000000000e+04 9.227490000000000315e-06
1.068000000000000000e+04 1.097810000000000082e-05
1.068500000000000000e+04 1.147341999999999899e-05
1.069000000000000000e+04 3.015160000000000114e-06
1.069500000000000000e+04 1.127787999999999950e-05
1.070000000000000000e+04 8.611460000000001065e-06
1.070500000000000000e+04 9.255290000000000286e-06
1.071000000000000000e+04 1.298324000000000074e-05
1.071500000000000000e+04 1.322286999999999966e-05
1.072000000000000000e+04 6.298149999999999999e-06
1.072500000000000000e+04 5.985790000000000503e-06
1.073000000000000000e+04 1.057098999999999855e-05
1.073500000000000000e+04 7.580910000000000403e-06
1.074000000000000000e+04 4.653810000000000086e-06
1.074500000000000000e+04 3.885709999999999766e-06
1.075000000000000000e+04 1.617270999999999919e-05
1.075500000000000000e+04 -1.465250000000000074e-06
1.076000000000000000e+04 1.192900999999999948e-05
1.076500000000000000e+04 1.364788999999999953e-05
1.077000000000000000e+04 4.539920000000000064e-06
1.077500000000000000e+04 8.770540000000001242e-06
1.078000000000000000e+04 1.419263000000000069e-05
1.078500000000000000e+04 7.237489999999999886e-06
1.079000000000000000e+04 1.259432000000000040e-05
1.079500000000000000e+04 6.056829999999999742e-06
1.080000000000000000e+04 1.311489000000000142e-05
1.080500000000000000e+04 1.077129999999999968e-05
1.081000000000000000e+04 5.808379999999999605e-06
1.081500000000000000e+04 1.339345999999999865e-05
1.082000000000000000e+04 1.272443000000000007e-05
1.082500000000000000e+04 1.258180999999999940e-05
1.083000000000000000e+04 1.176530999999999968e-05
1.083500000000000000e+04 1.598343999999999956e-05
1.084000000000000000e+04 1.037693999999999996e-05
1.084500000000000000e+04 1.205666999999999887e-05
1.085000000000000000e+04 1.455440999999999979e-05
1.085500000000000000e+04 4.889129999999999893e-06
1.086000000000000000e+04 1.903343999999999915e-05
1.086500000000000000e+04 1.538130000000000129e-06
1.087000000000000000e+04 2.013242000000000197e-05
1.087500000000000000e+04 1.328969000000000015e-05
1.088000000000000000e+04 1.257170000000000027e-05
1.088500000000000000e+04 1.602992999999999917e-05
1.089000000000000000e+04 1.624103999999999858e-05
1.089500000000000000e+04 1.602166000000000001e-05
1.090000000000000000e+04 2.264101000000000297e-05
1.090500000000000000e+04 2.349732000000000087e-05
1.091000000000000000e+04 1.447125000000000142e-05
1.091500000000000000e+04 1.531204000000000121e-05
1.092000000000000000e+04 2.794212999999999669e-05
1.092500000000000000e+04 1.459577000000000137e-05
1.093000000000000000e+04 1.602715000000000121e-05
1.093500000000000000e+04 2.114106000000000050e-05
1.094000000000000000e+04 1.791031999999999829e-05
1.094500000000000000e+04 2.897678999999999942e-05
1.095000000000000000e+04 2.452312999999999775e-05
1.095500000000000000e+04 3.355479999999999932e-05
1.096000000000000000e+04 2.133976000000000251e-05
1.096500000000000000e+04 2.779041999999999878e-05
1.097000000000000000e+04 2.189485000000000265e-05
1.097500000000000000e+04 3.010970999999999805e-05
1.098000000000000000e+04 2.984723999999999716e-05
1.098500000000000000e+04 2.983431999999999797e-05
1.099000000000000000e+04 2.600020000000000223e-05
1.099500000000000000e+04 2.639233000000000011e-05
1.100000000000000000e+04 3.063408000000000401e-05
